string
20201020_p3_degreeper_secondprocessedoffset angle 0.015897601099623786 in rad by: offset_angle in degree:_2.42offset 0th. order in px_-147
nm eV  counts
1.5896931464773059e-09 779.925316303862 599.1071996941138
1.5974977810914486e-09 776.1149622663668 915.3479507688492
1.6053023618496563e-09 772.3416843813945 1165.8651207010582
1.6131068887482338e-09 768.6049441240116 1182.4388950892858
1.6209113617834874e-09 764.9042133483458 1174.0347635582011
1.6287157809517227e-09 761.2389740387399 1174.0210296792327
1.636520146249246e-09 757.6087180680289 1203.1567046957673
1.644324457672363e-09 754.0129469627076 1200.3053695436508
1.6521287152173782e-09 750.4511716747581 1194.535579943783
1.6599329188805987e-09 746.9229123599168 1202.924293154762
1.6677370686583294e-09 743.4276981621746 1211.8802496693122
1.6755411645468762e-09 739.9650670043014 1224.7197007275133
1.6833452065425444e-09 736.534565384203 1214.82634755291
1.69114919464164e-09 733.13574817692 1227.5407159391534
1.698953128840468e-09 729.768178442088 1219.9411479001324
1.7067570091353348e-09 726.4314272366835 1217.863250248016
1.7145608355225455e-09 723.1250734328879 1230.452091600529
1.7223646079984052e-09 719.848703540907 1234.2195560515872
1.7301683265592203e-09 716.6019115365866 1225.1179108796296
1.7379719912012953e-09 713.3842986936799 1231.1458643353174
1.7457756019209363e-09 710.1954734206126 1233.9193741732804
1.7535791587144483e-09 707.0350511016135 1220.483909970238
1.7613826615781366e-09 703.9026539420684 1214.783492476852
1.7691861105083073e-09 700.7979108179713 1216.9589947089946
1.776989505501265e-09 697.7204571293466 1189.3137710813492
1.7847928465533155e-09 694.6699346575164 1205.3082010582011
1.7925961336607638e-09 691.645991426101 1228.0209263392858
1.8003993668199155e-09 688.6482815656362 1245.2740678736773
1.8082025460270749e-09 685.6764651816997 1251.0365823412699
1.8160056712785486e-09 682.7302082264372 1259.4431940310847
1.8238087425706413e-09 679.8091823733934 1269.3583519345239
1.8316117598996574e-09 676.9130648955419 1296.6942997685185
1.8394147232619033e-09 674.041538546422 1308.4892526455026
1.847217632653683e-09 671.1942914442938 1300.4829799107142
1.8550204880713027e-09 668.3710169592142 1318.265304646164
1.862823289511066e-09 665.5714136029591 1327.7154947916667
1.87062603696928e-09 662.7951849216965 1356.7621011078043
1.8784287304422476e-09 660.042039391344 1339.2509093915344
1.886231369926275e-09 657.3116903155177 1326.057705026455
1.894033955417667e-09 654.6038557260121 1296.602595899471
1.9018364869127283e-09 651.9182582857285 1281.0465649801588
1.9096389644077638e-09 649.254625193986 1296.689174107143
1.9174413878990793e-09 646.6126880941463 1267.5658068783068
1.925243757382978e-09 643.9921829834867 1247.5292142030423
1.9330460728557663e-09 641.3928501252566 1239.9046482308202
1.9408483343137483e-09 638.8144339628587 1236.8786375661375
1.9486505417532294e-09 636.2566830360925 1239.484157986111
1.956452695170513e-09 633.719349899404 1228.3851789847884
1.9642547945619045e-09 631.2021910420848 1218.0339368386244
1.9720568399237094e-09 628.7049668103678 1228.0933159722222
1.9798588312522317e-09 626.2274413313663 1206.6630911044974
1.987660768543776e-09 623.7693824388064 1218.430607225529
1.995462651794646e-09 621.3305616005019 1235.751457093254
2.0032644810011483e-09 618.9107538475264 1234.524605241402
2.011066256159586e-09 616.5097377050356 1233.392857142857
2.0188679772662642e-09 614.1272951246947 1227.6902281746031
2.0266696443174874e-09 611.7632114186673 1240.5369130291006
2.0344712573095596e-09 609.4172751951262 1245.7621321097884
2.0422728162387853e-09 607.0892782952415 1244.574756117725
2.050074321101469e-09 604.7790157316097 1262.1535218253969
2.057875771893916e-09 602.4862856280853 1277.6796048280423
2.065677168612429e-09 600.2108891609764 1284.6785300925926
2.0734785112533142e-09 597.952630501568 1295.6780960648148
2.081279799812874e-09 595.7113167599414 1304.8151351686508
2.0890810342874134e-09 593.4867579300509 1304.4325500165344
2.0968822146732375e-09 591.2787668360295 1306.968212632275
2.104683340966649e-09 589.0871590796903 1358.8551277281747
2.1124844131639527e-09 586.9117529891893 1425.6292576058202
2.120285431261453e-09 584.7523695688258 1457.3495163690477
2.1280863952554536e-09 582.6088324499461 1476.2120225694443
2.135887305142259e-09 580.4809678429245 1525.7235553075398
2.1436881609181735e-09 578.368604490194 1563.1028232473545
2.1514889625794998e-09 576.2715736202997 1574.9749917328043
2.1592897101225427e-09 574.1897089029483 1561.4983052248676
2.167090403543606e-09 572.1228464050306 1535.781921709656
2.174891042838994e-09 570.0708245475905 1547.4268766534392
2.18269162800501e-09 568.0334840637179 1595.0870949074074
2.190492159037958e-09 566.0106679573418 1622.8940248842594
2.198292635934142e-09 564.002221462902 1640.9934895833333
2.2060930586898656e-09 562.0079920058769 1661.4527943121693
2.213893427301432e-09 560.0278291641471 1654.7359354332011
2.2216937417651465e-09 558.0615846301723 1651.018787202381
2.2294940020773106e-09 556.1091121739655 1631.4609891699736
2.2372942082342297e-09 554.1702676068392 1588.6490575396826
2.245094360232207e-09 552.2449087459108 1525.4983982308202
2.252894458067545e-09 550.3328953793459 1486.4498181216932
2.260694501736549e-09 548.4340892323186 1540.3479249338625
2.2684944912355202e-09 546.54835393368 1676.124359292328
2.2762944265607636e-09 544.6755549833078 1845.364025297619
2.2840943077085832e-09 542.8155597201287 1971.302517361111
2.2918941346752807e-09 540.9682372907932 2113.374917328042
2.299693907457161e-09 539.1334586189881 2244.073640046296
2.307493626050526e-09 537.3110963753735 2370.6151000330688
2.3152932904516796e-09 535.5010249481263 2536.580563822751
2.3230929006569255e-09 533.7031204140786 2478.804542824074
2.3308924566625663e-09 531.9172605104368 2407.4953290343915
2.3386919584649058e-09 530.1433246070656 2391.304728835979
2.346491406060246e-09 528.3811936793267 2377.938078703704
2.3542907994448907e-09 526.6307502814572 2329.2523974867727
2.362090138615143e-09 524.8918785204761 2272.429150132275
2.369889423567306e-09 523.1644640306073 2106.438037367725
2.377688654297682e-09 521.4483939482047 1962.7192253637565
2.3854878308025747e-09 519.743556887172 1861.6478071263227
2.393286953078287e-09 518.0498429148616 1732.5541604662699
2.401086021121121e-09 516.3671435284457 1601.3451244212963
2.40888503492738e-09 514.6953516317443 1469.1211867559523
2.416683994493367e-09 513.0343615125049 1381.4370659722222
2.424482899815384e-09 511.38406882012 1331.2638992228835
2.4322817508897344e-09 509.74437054377324 1292.813068369709
2.4400805477127206e-09 508.11516499100645 1281.9104972718253
2.447879290280646e-09 506.4963517666953 1245.860584077381
2.455677978589811e-09 504.88783175242776 1244.8414971891534
2.4634766126365206e-09 503.28950708627235 1228.3879071593915
2.4712751924170756e-09 501.7012811429327 1227.7704303075398
2.4790737179277796e-09 500.12305851427425 1212.6037429728835
2.4868721891649344e-09 498.5547449902201 1188.91619130291
2.494670606124843e-09 496.99624754000405 1183.8024656911375
2.5024689688038068e-09 495.44747429377526 1191.6795634920634
2.5102672771981285e-09 493.908334524546 1244.7143683862435
2.5180655313041105e-09 492.37873863047486 1344.1834800760582
2.525863731118055e-09 490.8585981174794 1384.762390459656
2.5336618766362645e-09 489.34782558216926 1414.5252252810847
2.54145996785504e-09 487.84633469509464 1451.8946965939153
2.549258004770685e-09 486.35404018430165 1442.8277529761904
2.5570559873795e-09 484.8708578191901 1471.8315042162699
2.564853915677788e-09 483.3967043946648 1507.2226665839946
2.572651789661852e-09 481.9314977155764 1553.0992786871693
2.5804496093279917e-09 480.4751565814446 1529.70330067791
2.58824737467251e-09 479.02760077145683 1528.8876694775133
2.596045085691709e-09 477.5887510297388 1547.3607080853174
2.6038427423818903e-09 476.15852905088923 1515.3379939649471
2.611640344739355e-09 474.7368574657749 1480.118427579365
2.619437892760406e-09 473.32365982757807 1387.5103649966932
2.627235386441344e-09 471.9188605980948 1309.3744833002645
2.6350328257784707e-09 470.52238513427494 1281.069248098545
2.6428302107680885e-09 469.1341596750015 1260.4806754298943
2.650627541406498e-09 467.7541113281043 1261.4320023148148
2.658424817690001e-09 466.38216805760067 1286.1492848875662
2.666222039614899e-09 465.0182586711621 1280.9329117063492
2.674019207177493e-09 463.66231280779937 1239.278831845238
2.681816320374085e-09 462.31426092576305 1215.184410135582
2.6896133792009757e-09 460.97403429065474 1217.0357556216932
2.6974103836544663e-09 459.6415649637449 1188.4432146990741
2.705207333730859e-09 458.3167857904921 1189.3102368551588
2.7130042294264537e-09 456.99963038926217 1207.6711929563492
2.7208010707375522e-09 455.6900331402395 1209.462394593254
2.7285978576604556e-09 454.38792917453037 1206.6275628306878
2.7363945901914645e-09 453.0932543634517 1200.734343998016
2.7441912683268803e-09 451.8059453080032 1177.1490162037037
2.7519878920630038e-09 450.5259393285185 1168.6651165674602
2.7597844613961355e-09 449.253174454492 1146.654575892857
2.767580976322577e-09 447.9875894145776 1108.5982142857142
2.7753774368386284e-09 446.7291236267566 1093.8269055886244
2.783173842940591e-09 445.47771718867074 1070.652271412037
2.790970194624764e-09 444.23331086811794 1079.955398478836
2.7987664918874497e-09 442.9958460937061 1083.216838210979
2.806562734724949e-09 441.765264945664 1094.2403997189153
2.8143589231335607e-09 440.54151014680485 1100.3272982804233
2.822155057109586e-09 439.324525053639 1104.1770316633597
2.829951136649326e-09 438.1142536476345 1102.4261222718253
2.8377471617490807e-09 436.910640526622 1113.3930638227514
2.8455431324051502e-09 435.7136308963406 1122.5853794642858
2.853339048613835e-09 434.52317056212274 1127.087642609127
2.8611349103714357e-09 433.33920592071513 1129.2111338458994
2.8689307176742517e-09 432.1616839522335 1131.9366319444443
2.8767264705185836e-09 430.9905522122476 1165.8630435681216
2.884522168900732e-09 429.8257588239955 1203.1596705522486
2.892317812816995e-09 428.6672524707237 1198.9088024966932
2.9001134022636754e-09 427.5149823881505 1194.2686011904761
2.9079089372370707e-09 426.36889835705153 1196.4733589616403
2.915704417733482e-09 425.2289506959637 1209.203156001984
2.923499843749209e-09 424.0950902540064 1208.600529100529
2.931295215280552e-09 422.96726840381723 1199.5611669146826
2.9390905323238098e-09 421.8454370346006 1209.2322978670634
2.9468857948752826e-09 420.72954854528615 1224.2663483796296
2.9546810029312695e-09 419.6195558377965 1216.6608899636244
2.9624761564880704e-09 418.5154123104204 1213.248966600529
2.970271255541986e-09 417.4170718512913 1189.885044642857
2.9780663000893135e-09 416.32448883196827 1169.3200748181216
2.985861290126354e-09 415.23761810111665 1167.8535052910054
2.9936562256494065e-09 414.15641497828915 1140.7971850198412
3.00145110665477e-09 413.0808352478028 1102.8017836474867
3.009245933138744e-09 412.0108351527115 1085.0409536210318
3.0170407050976275e-09 410.9463713888722 1079.754226603836
3.024835422527719e-09 409.88740109910316 1099.296130952381
3.0326300854253197e-09 408.83388186743167 1108.6283068783068
3.040424693786727e-09 407.7857717134316 1113.449508101852
3.04821924760824e-09 406.7430290866466 1137.5367683531747
3.0560137468861584e-09 405.70561286109967 1137.6298776455026
3.06380819161678e-09 404.67348232988644 1154.067367311508
3.071602581796404e-09 403.64659719985065 1170.0013434193122
3.079396917421331e-09 402.62491758634053 1169.2705439814815
3.0871911984878567e-09 401.60840400804585 1174.5957237929895
3.0949854249922812e-09 400.5970173819111 1160.7211888227514
3.1027795969309033e-09 399.5907190181272 1137.3744109623017
3.110573714300022e-09 398.5894706151975 1120.0432270998676
3.118367777095934e-09 397.5932342550792 1102.4905650628307
3.1261617853149394e-09 396.6019723983955 1085.0928096064815
3.133955738953336e-09 395.61564787972117 1072.314670138889
3.1417496380074223e-09 394.63422390293766 1063.727482225529
3.1495434824734967e-09 393.65766403665697 1050.2516431051588
3.157337272347857e-09 392.68593220971417 1055.0951037533068
3.1651310076268006e-09 391.7189927067258 1067.3961123511904
3.1729246883066275e-09 390.756810163714 1064.075923859127
3.180718314383635e-09 389.799349563796 1057.7465484457673
3.18851188585412e-09 388.8465762329353 1064.6244833002645
3.1963054027143827e-09 387.89845583575635 1066.6749545304233
3.204098864960718e-09 386.95495437142034 1074.1695291832011
3.2118922725894254e-09 386.01603816956 1079.698681382275
3.2196856255968033e-09 385.08167388627464 1090.0164930555557
3.2274789239791476e-09 384.1518285001835 1107.8382316468253
3.2352721677327568e-09 383.2264693085349 1113.675243882275
3.2430653568539307e-09 382.30556392337223 1108.5434027777778
3.2508584913389632e-09 381.38908026775675 1112.0524243551588
3.258651571184154e-09 380.4769865720412 1100.808872767857
3.2664445963857985e-09 379.56925137020056 1105.050068204365
3.274237566940196e-09 378.66584349621206 1105.4469142691798
3.2820304828436436e-09 377.76673208048953 1108.4366422784392
3.2898233440924377e-09 376.87188654636685 1103.284122850529
3.2976161506828757e-09 375.9812766066317 1111.4911644345239
3.305408902611255e-09 375.09487226010856 1108.8460751488096
3.313201599873872e-09 374.21264378829017 1101.5348875661375
3.320994242467024e-09 373.3345617520159 1104.5176711309523
3.328786830387008e-09 372.46059698819744 1112.1547515707673
3.3365793636301215e-09 371.59072060659 1109.9589947089946
3.3443718421926606e-09 370.7249039866095 1114.2227595899471
3.352164266070922e-09 369.86311877419286 1143.121341765873
3.3599566352612026e-09 369.00533687870325 1195.8822234623017
3.367748949759798e-09 368.15153046987814 1216.3244460978835
3.3755412095630058e-09 367.3016719748188 1221.678013392857
3.383333414667122e-09 366.455734075023 1226.6177145337301
3.391125565068445e-09 365.6136897034569 1222.0514839616403
3.398917660763268e-09 364.7755120416694 1205.9195395171957
3.406709701747889e-09 363.94117451694393 1188.9195705191798
3.4145016880186043e-09 363.11065079949054 1153.3693989748676
3.422293619571709e-09 362.2839147996768 1132.7162905092594
3.4300854964035e-09 361.46094066529497 1123.3605324074074
3.4378773185102744e-09 360.6417027788681 1115.9198392030423
3.445669085888326e-09 359.8261757549917 1131.2471168154761
3.453460798533952e-09 359.0143344377115 1132.581752232143
3.4612524564434476e-09 358.2061538979371 1121.1275524966932
3.4690440596131104e-09 357.4016094308901 1133.1399016203704
3.4768356080392344e-09 356.6006765535874 1132.9711784887565
3.484627101718114e-09 355.8033310023571 1138.932922040344
3.492418540646048e-09 355.0095487303882 1138.163566468254
3.50020992481933e-09 354.219305905314 1127.902767443783
3.5080012542342547e-09 353.43257890682645 1138.4401351686508
3.515792528887119e-09 352.64934432432256 1134.9596044146826
3.5235837487742183e-09 351.8695789545827 1145.6023272156085
3.5313749138918465e-09 351.0932597994794 1137.166832010582
3.539166024236301e-09 350.3203640637158 1141.4950190145503
3.5469570798038752e-09 349.5508691525949 1145.913421792328
3.5547480805908635e-09 348.7847526698179 1142.8956163194443
3.562539026593563e-09 348.021992415311 1143.6311280588625
3.570329917808266e-09 347.2625663830814 1151.0629443617725
3.5781207542312694e-09 346.5064527591005 1149.7940228174602
3.5859115358588682e-09 345.75362991921594 1150.358558614418
3.5937022626873566e-09 345.00407642708984 1152.6202463624338
3.6014929347130284e-09 344.2577710321641 1144.597904265873
3.609283551932178e-09 343.51469266765224 1141.3763330853174
3.617074114341103e-09 342.77482044855685 1141.3733878968253
3.6248646219360933e-09 342.0381336697139 1134.1949714781747
3.6326550747134475e-09 341.30461180385976 1129.91228505291
3.6404454726694567e-09 340.5742344997263 1119.7835648148148
3.648235815800418e-09 339.8469815801572 1103.7303034060847
3.6560261041026225e-09 339.1228330402514 1092.8844659391534
3.663816337572366e-09 338.40176904552754 1098.3353897982804
3.671606516205943e-09 337.68376993011384 1103.113239914021
3.679396639999647e-09 336.96881619495997 1100.1560639880952
3.6871867089497718e-09 336.25688850607213 1102.4111793154761
3.6949767230526106e-09 335.54796769276993 1100.6517340443122
3.7027666823044575e-09 334.842034745966 1113.8832878637565
3.710556586701607e-09 334.13907081646647 1120.5561239252645
3.718346436240352e-09 333.43905721329395 1120.7634755291006
3.726136230916987e-09 332.7419754020304 1120.5534577546296
3.7339259707278046e-09 332.04780700318184 1125.9658978174602
3.741715655669097e-09 331.3565337905626 1126.7947668650793
3.74950528573716e-09 330.6681376897003 1123.4923011739418
3.757294860928285e-09 329.98260077626077 1114.0962611607142
3.765084381238767e-09 329.2999052744918 1118.0697337962963
3.772873846664897e-09 328.62003355568754 1137.893714864418
3.780663257202969e-09 327.9429681366706 1127.2484809027778
3.788452612849277e-09 327.2686916782932 1136.9399388227514
3.7962419136001114e-09 326.59718698395807 1147.231853505291
3.804031159451769e-09 325.928436998155 1140.4356398809523
3.8118203504005385e-09 325.2624248050185 1139.2291976686508
3.819609486442714e-09 324.59913362690025 1148.1806382275133
3.8273985675745884e-09 323.9385468229609 1149.7547329695767
3.835187593792455e-09 323.28064788777834 1162.164806547619
3.842976565092605e-09 322.6254204499729 1171.3221726190477
3.850765481471331e-09 321.9728482708497 1185.1873036541006
3.858554342924927e-09 321.3229152430566 1205.3881448412699
3.866343149449682e-09 320.67560538925983 1214.6648272156085
3.87413190104189e-09 320.0309028608338 1222.585265790344
3.881920597697845e-09 319.38879193656794 1212.192325975529
3.889709239413834e-09 318.7492570213897 1227.7453393683863
3.897497826186154e-09 318.11228264510044 1230.727730241402
3.905286358011095e-09 317.4778534611295 1225.100777116402
3.9130748348849484e-09 316.8459542453008 1225.8463334986773
3.920863256804006e-09 316.2165698946157 1229.7065248842594
3.9286516237645604e-09 315.589685426049 1236.216476521164
3.9364399357629016e-09 314.9652859753611 1233.572306960979
3.944228192795322e-09 314.343356795922 1236.0175677910054
3.952016394858114e-09 313.723883257551 1236.0084118716932
3.9598045419475664e-09 313.10685084536976 1245.797515707672
3.967592634059972e-09 312.4922451586681 1239.7212198247355
3.975380671191623e-09 311.8800519097838 1240.6249069940477
3.983168653338809e-09 311.2702569229958 1224.8665984623017
3.990956580497821e-09 310.66284613343 1214.1945891203704
3.998744452664951e-09 310.05780558597723 1205.8619481646826
4.00653226983649e-09 309.4551214342256 1214.4614438657406
4.014320032008726e-09 308.8547799394035 1243.3481109457673
4.022107739177954e-09 308.2567674693358 1260.3364438657406
4.029895391340461e-09 307.66107049741225 1290.300708912037
4.03768298849254e-09 307.0676756015674 1290.3003265542327
4.045470530630479e-09 306.4765694632726 1294.9035631613756
4.053258017750572e-09 305.8877388665395 1299.048507771164
4.061045449849105e-09 305.3011706969354 1305.987537202381
4.068832826922373e-09 304.71685194060905 1314.992259837963
4.076620148966662e-09 304.134769683329 1329.0573433366403
4.084407415978264e-09 303.5549111095318 1351.8918444113756
4.09219462795347e-09 302.97726350138106 1344.606853505291
4.099981784888566e-09 302.40181423783866 1348.6922019675926
4.107768886779847e-09 301.8285507937445 1355.710648148148
4.115555933623599e-09 301.2574607389088 1374.4980985449736
4.1233429254161145e-09 300.6885317372126 1360.811042906746
4.13112986215368e-09 300.1217515457207 1339.977978257275
4.1389167438325875e-09 299.5571080138026 1297.2675574570105
4.146703570449126e-09 298.9945890822642 1305.0813492063492
4.154490341999585e-09 298.4341827824902 1312.0286665013227
4.162277058480252e-09 297.8758772355944 1326.1742414847884
4.170063719887416e-09 297.3196606515806 1320.001922123016
4.17785032621737e-09 296.76552132851265 1324.8281766699736
4.1856368774664e-09 296.2134476516942 1317.5950727513227
4.1934233736307965e-09 295.6634280928569 1320.7376612103174
4.201209814706846e-09 295.11545120935807 1319.635261656746
4.20899620069084e-09 294.5695056433869 1322.09375
4.216782531579065e-09 294.02558012118044 1322.362144510582
4.224568807367811e-09 293.48366345224684 1314.4477926587301
4.2323550280533665e-09 292.9437445285984 1322.439701140873
4.2401411936320185e-09 292.4058123239927 1329.986968832672
4.247927304100057e-09 291.8698558931814 1335.072554976852
4.255713359453771e-09 291.33586437116867 1330.1082589285713
4.2634993596894475e-09 290.8038269724765 1317.2933201058202
4.271285304803374e-09 290.27373299041886 1312.5648148148148
4.279071194791839e-09 289.74557179638333 1313.8068783068784
4.286857029651129e-09 289.21933283912074 1299.5132688492063
4.2946428093775365e-09 288.6950056440425 1291.700386491402
4.302428533967345e-09 288.1725798125261 1303.835906498016
4.310214203416845e-09 287.652045021227 1303.527984457672
4.317999817722321e-09 287.1333910213994 1318.3588169642858
4.325785376880061e-09 286.6166076382229 1330.5969328703704
4.333570880886355e-09 286.10168477013735 1333.2970816798943
4.34135632973749e-09 285.58861238818525 1336.88458994709
4.3491417234297505e-09 285.07738053536 1343.843429646164
4.356927061959427e-09 284.5679793259619 1357.3015873015872
4.364712345322804e-09 284.06039894496155 1358.786572007275
4.372497573516171e-09 283.5546296473683 1382.6037119708994
4.380282746535812e-09 283.050661757608 1388.7126839451057
4.3880678643780165e-09 282.54848566890496 1399.3693679728835
4.39585292703907e-09 282.0480918426721 1402.3107018849207
4.403637934515259e-09 281.5494708079067 1416.7656043320105
4.41142288680287e-09 281.05261316059324 1408.5086805555557
4.41920778389819e-09 280.5575095631118 1423.8683862433863
4.426992625797506e-09 280.06415074365333 1412.8897776124338
4.4347774124971025e-09 279.5725274956411 1419.530361276455
4.442562143993267e-09 279.08263067715757 1430.26935557209
4.450346820282287e-09 278.59445121037794 1438.8598090277778
4.4581314413604466e-09 278.10798008100977 1425.1936590608466
4.465916007224031e-09 277.6232083377376 1428.8221829530423
4.4737005178693285e-09 277.1401270916742 1435.6362433862435
4.481484973292622e-09 276.65872751581753 1441.5156353339946
4.489269373490202e-09 276.1790008445125 1433.0199032738096
4.497053718458349e-09 275.70093837291967 1420.698578042328
4.504838008193351e-09 275.2245314564882 1431.8017526455026
4.512622242691492e-09 274.74977151043504 1428.5693411044974
4.520406421949059e-09 274.2766500092293 1424.977978257275
4.528190545962336e-09 273.8051584860817 1429.2781911375662
4.53597461472761e-09 273.3352885324399 1435.3871011078043
4.5437586282411646e-09 272.86703179748844 1439.603019593254
4.551542586499284e-09 272.400379987654 1432.9427600033068
4.559326489498254e-09 271.93532486611565 1440.2143890542327
4.56711033723436e-09 271.4718582523206 1428.0046709656085
4.574894129703886e-09 271.00997202150427 1425.8539289847884
4.582677866903118e-09 270.54965810421555 1431.9362702546296
4.590461548828338e-09 270.090908485847 1446.2764343584656
4.598245175475832e-09 269.6337152061697 1452.1081762566137
4.606028746841883e-09 269.1780703588726 1459.554222470238
4.6138122629227785e-09 268.723966091107 1475.7754112929895
4.621595723714799e-09 268.2713946030355 1489.4568349041006
4.6293791292142306e-09 267.82034814738523 1493.7935991236773
4.6371624794173576e-09 267.3708190290059 1490.5982142857142
4.6449457743204604e-09 266.9227996044322 1478.1749028604497
4.652729013919828e-09 266.4762822814504 1481.3146598048943
4.660512198211741e-09 266.0312595186699 1483.5152633101852
4.668295327192482e-09 265.5877238250984 1479.1273561507937
4.6760784008583365e-09 265.1456677597215 1493.1744378306878
4.683861419205588e-09 264.70508393108673 1509.4969514715608
4.691644382230519e-09 264.2659649968918 1504.2743365575398
4.699427289929413e-09 263.82830366357626 1501.0277364417989
4.707210142298553e-09 263.39209268591816 1501.5781456679895
4.714992939334221e-09 262.957324866634 1517.9350301752645
4.722775681032702e-09 262.523993055983 1526.3597366898148
4.730558367390278e-09 262.09209015137503 1523.0937706679895
4.7383409984032315e-09 261.66160909698294 1506.7224599041006
4.7461235740678444e-09 261.23254288335795 1502.5338231646826
4.7539060943804e-09 260.8048845470493 1513.404617228836
4.7616885593371815e-09 260.3786271702276 1515.056960978836
4.769470968934471e-09 259.953763880312 1520.0412119708994
4.777253323168551e-09 259.5302878496005 1533.1592055224867
4.785035622035702e-09 259.1081922949044 1552.5139302248676
4.792817865532207e-09 258.6874704771864 1558.8078600363756
4.8006000536543485e-09 258.2681157012013 1584.4868551587301
4.808382186398406e-09 257.8501213151415 1647.2964926421957
4.816164263760666e-09 257.4334807102848 1729.2016885747355
4.8239462857374054e-09 257.0181873206467 1782.9388640873017
4.831728252324909e-09 256.60423462263486 1809.6622643849207
4.8395101635194565e-09 256.19161613470794 1813.2732101521165
4.84729201931733e-09 255.78032541703726 1801.9557084986773
4.855073819714811e-09 255.37035607117159 1774.6534598214287
4.86285556470818e-09 254.96170173970555 1725.1019551917989
4.870637254293718e-09 254.55435610595097 1660.6823226686508
4.878418888467708e-09 254.1483128936113 1592.7821593915344
4.886200467226428e-09 253.74356586645953 1574.182922040344
4.8939819905661605e-09 253.34010882801863 1562.6978443287037
4.901763458483185e-09 252.93793562124566 1552.6867352843915
4.909544870973784e-09 252.5370401282182 1544.1292782738096
4.917326228034237e-09 252.13741626982448 1552.1642485119048
4.925107529660825e-09 251.739058005456 1563.0002583498676
4.9328887758498254e-09 251.34195933270308 1566.0418526785713
4.940669966597523e-09 250.9461142870534 1552.4703621031747
4.948451101900194e-09 250.5515169415937 1546.7838541666667
4.9562321817541214e-09 250.1581614067133 1561.4544787533068
4.964013206155583e-09 249.766041829812 1582.7602203207673
4.971794175100857e-09 249.375152395009 1606.6956948578043
4.9795750885862285e-09 248.98548732285568 1609.1615100033068
4.987355946607972e-09 248.5970408700511 1622.5194485780423
4.99513674916237e-09 248.2098073291592 1636.7492249503969
5.002917496245701e-09 247.82378102832973 1628.4761491402116
5.010698187854242e-09 247.4389563310215 1640.705119460979
5.018478823984276e-09 247.05532763572722 1644.591011491402
5.0262594046320805e-09 246.67288937570268 1654.5661685681216
5.034039929793933e-09 246.291636018697 1696.7554150132275
5.041820399466116e-09 245.9115620666858 1747.0851831183863
5.049600813644905e-09 245.53266205560735 1787.378864914021
5.0573811723265784e-09 245.15493055510035 1818.148757853836
5.065161475507417e-09 244.7783621682445 1833.0517216435185
5.072941723183698e-09 244.40295153130387 1814.8148974867725
5.0807219153517e-09 244.02869331347165 1800.3300264550264
5.088502052007702e-09 243.65558221661846 1785.3936321924602
5.096282133147981e-09 243.2836129750419 1767.1222718253969
5.104062158768816e-09 242.91278035521904 1723.3218729332011
5.111842128866484e-09 242.54307915556086 1722.201812582672
5.119622043437262e-09 242.1745042061693 1730.8281146660054
5.127401902477432e-09 241.80705036859584 1742.0220114087301
5.135181705983266e-09 241.44071253560324 1741.0870639054233
5.142961453951046e-09 241.07548563092848 1736.4407448743386
5.150741146377047e-09 240.71136460904862 1732.8431609623017
5.158520783257546e-09 240.3483444549483 1726.678230406746
5.166300364588823e-09 239.98642018388944 1707.254329943783
5.174079890367151e-09 239.62558684118338 1701.117218501984
5.181859360588812e-09 239.26583950196436 1691.5631303736773
5.189638775250078e-09 238.90717327096604 1691.1317584325398
5.1974181343472284e-09 238.54958328229884 1701.7685598544974
5.205197437876539e-09 238.19306469923032 1721.3672495039682
5.2129766858342864e-09 237.83761271396702 1759.280536954365
5.220755878216749e-09 237.48322254743823 1788.2644365906085
5.228535015020202e-09 237.12988944908193 1792.2911706349207
5.236314096240919e-09 236.77760869663274 1802.5762855489418
5.24409312187518e-09 236.42637559591094 1829.4838479662699
5.251872091919259e-09 236.0761854806146 1824.136150380291
5.259651006369431e-09 235.7270337121127 1821.436084242725
5.267429865221974e-09 235.37891567924015 1814.559379133598
5.275208668473164e-09 235.0318267980951 1820.007884837963
5.2829874161192746e-09 234.68576251183757 1842.2450810185185
5.290766108156582e-09 234.34071829049012 1867.8924644510582
5.298544744581361e-09 233.9966896307402 1873.1365947420634
5.306323325389888e-09 233.6536720557441 1902.5561135912699
5.314101850578438e-09 233.31166111493292 1920.8277736441798
5.321880320143287e-09 232.97065238382 1940.4600694444443
5.329658734080707e-09 232.63064146381035 1953.5994543650793
5.337437092386975e-09 232.2916239820112 1963.1564566798943
5.345215395058366e-09 231.9535955910447 1972.7681258267196
5.352993642091153e-09 231.61655196886218 1982.9660424933863
5.360771833481612e-09 231.28048881855983 1980.8440186838625
5.368549969226016e-09 230.94540186819614 1992.955109126984
5.376328049320641e-09 230.61128687061094 1998.13671875
5.384106073761759e-09 230.27813960324588 2060.2491939484125
5.391884042545647e-09 229.94595586796655 2095.603029927249
5.3996619556685754e-09 229.61473149088638 2117.243324239418
5.4074398131268216e-09 229.2844623221914 2150.9913814484125
5.415217614916658e-09 228.95514423596734 2180.9552951388887
5.422995361034355e-09 228.62677313002777 2198.2127976190477
5.430773051476191e-09 228.2993449257433 2187.722759589947
5.438550686238437e-09 227.9728555678735 2169.5534474206347
5.4463282653173675e-09 227.64730102439879 2161.830398478836
5.454105788709254e-09 227.322677286355 2168.266472387566
5.4618832564103705e-09 226.9989803676684 2173.22691385582
5.469660668416988e-09 226.67620630499286 2173.700066137566
5.477438024725383e-09 226.35435115754782 2192.416687334656
5.4852153253318255e-09 226.03341100695818 2219.428654100529
5.492992570232589e-09 225.7133819570952 2250.9856150793653
5.500769759423946e-09 225.39426013391875 2266.6556299603176
5.508546892902168e-09 225.07604168532112 2268.2758349867727
5.516323970663528e-09 224.75872278097196 2261.7426008597886
5.524100992704299e-09 224.44229961216465 2268.923218419312
5.5318779590207515e-09 224.12676839166392 2265.456535218254
5.539654869609158e-09 223.81212535355468 2274.1809482473545
5.54743172446579e-09 223.49836675309228 2272.667865410053
5.55520852358692e-09 223.185488866554 2285.9534350198414
5.562985266968819e-09 222.87348799109157 2291.8449487433863
5.5707619546077584e-09 222.5623604445853 2304.0369130291006
5.578538586500009e-09 222.25210256549911 2313.408771494709
5.586315162641844e-09 221.94271071273687 2325.207134589947
5.594091683029532e-09 221.63418126550022 2337.7267485119046
5.601868147659345e-09 221.32651062314693 2366.930183531746
5.609644556527555e-09 221.01969520505114 2393.18998015873
5.61742090963043e-09 220.71373145046445 2413.9712508267194
5.625197206964244e-09 220.4086158183779 2406.353050595238
5.632973448525265e-09 220.10434478738577 2424.22548776455
5.640749634309764e-09 219.80091485554985 2428.217220568783
5.648525764314013e-09 219.49832254026504 2433.535238921958
5.65630183853428e-09 219.19656437812648 2439.5856481481483
5.664077856966835e-09 218.89563692479697 2447.794353505291
5.671853819607948e-09 218.59553675487624 2467.737330522487
5.679629726453892e-09 218.29626046177074 2470.4822875330688
5.687405577500932e-09 217.9978046575651 2488.312541335979
5.695181372745341e-09 217.7001659728939 2487.4648230820108
5.702957112183386e-09 217.40334105681515 2527.2729208002647
5.710732795811338e-09 217.10732657668444 2534.2131283068784
5.718508423625465e-09 216.81211921803023 2556.2340856481483
5.726283995622039e-09 216.51771568443 2569.7907779431216
5.7340595117973245e-09 216.22411269738802 2607.059151785714
5.7418349721475935e-09 215.93130699621304 2642.4234871031745
5.749610376669114e-09 215.63929533789806 2644.8620205026455
5.7573857253581535e-09 215.3480744970004 2641.9127604166665
5.7651610182109824e-09 215.05764126552293 2645.536148313492
5.772936255223868e-09 214.7679924527964 2650.0772569444443
5.780711436393078e-09 214.47912488536252 2635.9045138888887
5.788486561714882e-09 214.19103540685808 2602.3800636574074
5.796261631185548e-09 213.90372087789993 2628.0040715939153
5.804036644801341e-09 213.61717817597122 2649.8768187830688
5.811811602558533e-09 213.33140419530787 2637.347800925926
5.8195865044533864e-09 213.0463958467868 2661.851107804233
5.827361350482175e-09 212.76215005781404 2672.5665715939153
5.835136140641162e-09 212.4786637722151 2677.214699074074
5.842910874926615e-09 212.1959339501249 2696.5670882936506
5.850685553334802e-09 211.91395756787907 2695.499069940476
5.858460175861991e-09 211.63273161790656 2699.221168154762
5.866234742504447e-09 211.35225310862242 2710.098255621693
5.874009253258437e-09 211.07251906432185 2715.8231026785716
5.881783708120229e-09 210.7935265250748 2735.098152281746
5.889558107086089e-09 210.51527254662187 2731.9513888888887
5.897332450152283e-09 210.23775420027044 2737.597738921958
5.905106737315076e-09 209.96096857279224 2749.3670014880954
5.912880968570738e-09 209.68491276632093 2772.3383349867727
5.920655143915531e-09 209.4095838982516 2772.972263558201
5.9284292633457235e-09 209.13497910113995 2789.91689401455
5.93620332685758e-09 208.86109552260294 2819.4293981481483
5.943977334447367e-09 208.58793032522001 2861.052620701058
5.951751286111349e-09 208.31548068643517 2878.6487681878307
5.959525181845793e-09 208.0437437984596 2911.98402364418
5.967299021646962e-09 207.77271686817542 2925.003017526455
5.975072805511123e-09 207.50239711703983 2979.104083994709
5.9828465334345415e-09 207.23278178099025 3017.8296337632273
5.9906202054134804e-09 206.96386811035018 3037.83310598545
5.998393821444205e-09 206.69565336973548 3066.8396577380954
6.006167381522981e-09 206.4281348379619 3118.068845072751
6.013940885646073e-09 206.16130980795285 3177.696345899471
6.021714333809744e-09 205.89517558664835 3211.1676587301586
6.029487726010259e-09 205.6297294949141 3254.464347718254
6.037261062243883e-09 205.36496886745186 3331.9448991402114
6.0450343425068784e-09 205.10089105271012 3430.032531415344
6.052807566795511e-09 204.83749341279554 3544.5479290674602
6.060580735106043e-09 204.57477332338527 3629.9860904431216
6.068353847434739e-09 204.3127281736397 3743.3115906084654
6.076126903777862e-09 204.05135536611596 3864.1547412367727
6.083899904131674e-09 203.79065231668224 3997.699074074074
6.091672848492442e-09 203.53061645443233 4143.949322089947
6.099445736856426e-09 203.27124522160148 4295.050388558201
6.10721856921989e-09 203.0125360734824 4435.120081018518
6.114991345579096e-09 202.75448647834187 4599.239293981482
6.122764065930309e-09 202.4970939173384 4721.408151455026
6.1305367302697894e-09 202.24035588444016 4853.754670965608
6.1383093385938e-09 201.98426988634375 4997.720816798942
6.146081890898603e-09 201.72883344239335 5152.1286375661375
6.153854387180463e-09 201.47404408450066 5409.364955357143
6.16162682743564e-09 201.21989935706551 5698.697172619048
6.1693992116603966e-09 200.96639681689695 6004.981688161376
6.1771715398509924e-09 200.7135340331349 6230.333126653439
6.1849438120036926e-09 200.46130858717237 6411.797164351852
6.192716028114756e-09 200.20971807257865 6636.847759589947
6.200488188180445e-09 199.95876009502248 6792.744957010582
6.208260292197023e-09 199.70843227219623 6890.572585978836
6.2160323401607474e-09 199.4587322337406 7015.819899140211
6.223804332067882e-09 199.2096576211695 7202.043650793651
6.231576267914686e-09 198.96120608779628 7524.136656746032
6.239348147697422e-09 198.7133752986596 7856.712797619048
6.247119971412351e-09 198.46616293045042 8139.334986772486
6.254891739055729e-09 198.2195666714397 8373.92791005291
6.262663450623821e-09 197.9735842214057 8619.902529761905
6.270435106112887e-09 197.72821329156315 8827.772817460318
6.278206705519186e-09 197.48345160449185 8980.375992063493
6.285978248838976e-09 197.2392968940664 9100.064070767196
6.2937497360685195e-09 196.99574690538606 9425.617642195768
6.301521167204074e-09 196.75279939470562 9844.688988095239
6.309292542241902e-09 196.51045212936617 10184.781332671957
6.317063861178263e-09 196.26870288772704 10575.885747354498
6.324835124009414e-09 196.0275494590978 10845.471478174602
6.332606330731614e-09 195.78698964367075 11064.98189484127
6.340377481341126e-09 195.54702125245407 11162.059441137566
6.3481485758342015e-09 195.3076421072058 11209.242063492064
6.355919614207108e-09 195.06885004036712 11218.309937169312
6.363690596456097e-09 194.83064289499796 11226.782159391534
6.371461522577433e-09 194.5930185247111 11270.562830687832
6.379232392567369e-09 194.3559747936085 11319.571841931216
6.387003206422166e-09 194.11950957621667 11365.339699074075
6.3947739641380795e-09 193.8836207574237 11403.881861772486
6.402544665711373e-09 193.6483062324155 11436.894097222223
6.410315311138299e-09 193.41356390661412 11506.018601190477
6.418085900415118e-09 193.17939169561475 11633.244626322752
6.425856433538085e-09 192.94578752512462 11680.699652777777
6.43362691050346e-09 192.71274933090132 11709.7386739418
6.441397331307502e-09 192.48027505869229 11692.747271825398
6.449167695946461e-09 192.24836266417458 11586.674685846561
6.4569380044166e-09 192.01701011289438 11505.157242063493
6.464708256714177e-09 191.78621538020803 11409.72974537037
6.472478452835443e-09 191.555976451223 11244.63740079365
6.480248592776659e-09 191.32629132073873 11174.45916005291
6.4880186765340806e-09 191.09715799318903 11185.860615079366
6.495788704103962e-09 190.86857448258394 11062.834325396825
6.503558675482563e-09 190.6405388124523 10890.393022486773
6.5113285906661346e-09 190.41304901578522 10695.255787037036
6.519098449650939e-09 190.18610313497888 10566.714368386243
6.5268682524332275e-09 189.95969922177903 10521.512152777777
6.534637999009257e-09 189.73383533722478 10486.46164021164
6.542407689375283e-09 189.50850955159348 10466.651207010582
6.55017732352756e-09 189.28371994434568 10471.566550925925
6.5579469014623465e-09 189.0594646040705 10486.584242724868
6.565716423175893e-09 188.8357416284318 10547.791997354498
6.573485888664454e-09 188.612549124114 10614.800760582011
6.58125529792429e-09 188.38988520676855 10656.898313492064
6.589024650951654e-09 188.16774800096155 10748.686177248677
6.596793947742796e-09 187.94613564012062 10844.201140873016
6.604563188293972e-09 187.72504626648268 10996.706845238095
6.61233237260144e-09 187.504478031042 11210.403191137566
6.62010150066145e-09 187.2844290934988 11413.618882275132
6.6278705724702596e-09 187.06489762220804 11625.297040343916
6.635639588024118e-09 186.8458817941286 11838.724371693123
6.643408547319282e-09 186.62737979477262 12210.43113425926
6.651177450352004e-09 186.4093898181558 12697.918898809523
6.658946297118539e-09 186.1919100667472 13255.32134589947
6.66671508761514e-09 185.97493875142018 13740.315641534391
6.6744838218380565e-09 185.7584740914032 14187.164351851852
6.682252499783543e-09 185.54251431423108 14627.703290343916
6.690021121447857e-09 185.3270576556965 14933.698578042327
6.697789686827243e-09 185.11210235980255 15094.8636739418
6.7055581959179625e-09 184.897646678714 15177.191633597884
6.71332664871626e-09 184.68368887271114 15179.496527777777
6.721095045218393e-09 184.47022721014167 15230.124751984127
6.728863385420609e-09 184.25725996737472 15406.391865079366
6.736631669319165e-09 184.04478542875398 15515.81994047619
6.744399896910309e-09 183.83280188655198 15780.124007936507
6.752168068190296e-09 183.62130764092407 16154.973214285714
6.7599361831553736e-09 183.41030099986335 16681.365244708995
6.767704241801795e-09 183.19978027915502 17146.53521825397
6.77547224412581e-09 182.98974380233213 17613.91369047619
6.783240190123675e-09 182.78018990063052 17962.69990079365
6.791008079791632e-09 182.5711169129453 18190.86326058201
6.79877591312594e-09 182.36252318578624 18352.672784391536
6.8065436901228426e-09 182.15440707323486 18315.00033068783
6.814311410778599e-09 181.94676693690036 18215.659226190477
6.822079075089453e-09 181.73960114587754 18062.18998015873
6.8298466830516554e-09 181.53290807670348 18024.52728174603
6.837614234661455e-09 181.3266861133153 18001.082175925927
6.845381729915109e-09 181.12093364700786 17947.29861111111
6.853149168808857e-09 180.91564907639255 17876.259755291005
6.860916551338955e-09 180.71083080735485 17784.91980820106
6.868683877501652e-09 180.50647725301377 17628.288194444445
6.876451147293197e-09 180.30258683368064 17454.105654761905
6.884218360709836e-09 180.0991579768184 17252.659722222223
6.891985517747823e-09 179.896189117001 16945.921296296296
6.8997526184034e-09 179.69367869587379 16686.31134259259
6.907519662672823e-09 179.49162516211283 16416.528935185186
6.915286650552336e-09 179.29002697138606 16105.072916666666
6.923053582038192e-09 179.08888258631342 15763.957837301587
6.930820457126633e-09 178.8881904764282 15527.708167989418
6.938587275813912e-09 178.68794911813774 15155.624007936507
6.946354038096275e-09 178.48815699468534 14800.82564484127
6.95412074396997e-09 178.28881259611163 14486.05927579365
6.961887393431244e-09 178.08991441921677 14207.874007936507
6.969653986476347e-09 177.89146096752248 13980.309193121693
6.977420523101521e-09 177.6934507512347 13807.197337962964
6.985187003303021e-09 177.49588228720603 13650.324156746032
6.9929534270770875e-09 177.2987540988991 13656.773974867725
7.000719794419971e-09 177.10206471634945 13734.719411375661
7.008486105327915e-09 176.9058126761292 13828.08416005291
7.0162523597971685e-09 176.70999652131053 13925.4019510582
7.024018557823977e-09 176.5146148014299 13827.707837301587
7.03178469940459e-09 176.31966607245198 13648.481646825398
7.039550784535249e-09 176.12514889673443 13355.803323412698
7.0473168132122005e-09 175.9310618429922 13048.234871031746
7.055082785431694e-09 175.7374034862625 12756.58589616402
7.0628487011899744e-09 175.54417240787012 12460.103257275132
7.070614560483281e-09 175.35136719539275 12250.844990079366
7.0783803633078705e-09 175.15898644262614 12209.593171296296
7.0861461096599765e-09 174.96702874955076 12369.282242063493
7.093911799535851e-09 174.77549272229692 12574.637566137566
7.1016774329317355e-09 174.58437697311172 12861.317294973545
7.109443009843879e-09 174.39368012032503 13172.158812830688
7.1172085302685234e-09 174.20340078831674 13476.416583994709
7.1249739942019115e-09 174.01353760748324 13714.217757936507
7.132739401640291e-09 173.82408921420463 13966.236689814816
7.140504752579903e-09 173.6350542508123 14069.14525462963
7.148270047016994e-09 173.44643136555624 14194.585069444445
7.1560352849478045e-09 173.25821921257304 14310.295138888889
7.163800466368583e-09 173.0704164518537 14389.195519179893
7.171565591275571e-09 172.88302174921193 14502.647073412698
7.179330659665009e-09 172.69603377625262 14605.561342592593
7.187095671533144e-09 172.50945121034022 14694.096643518518
7.194860626876218e-09 172.32327273456784 14901.518270502645
7.202625525690471e-09 172.13749703772618 15141.418402777777
7.210390367972152e-09 171.9521228142724 15340.840360449736
7.218155153717498e-09 171.7671487643003 15618.40376984127
7.225919882922754e-09 171.58257359350912 16038.794312169312
7.233684555584161e-09 171.39839601317397 16407.93005952381
7.241449171697963e-09 171.2146147401154 16752.687003968254
7.249213731260398e-09 171.03122849666994 17151.38888888889
7.2569782342677135e-09 170.8482360106602 17475.78373015873
7.264742680716144e-09 170.6656360153658 17503.062334656086
7.272507070601941e-09 170.48342724949367 17581.160714285714
7.280271403921336e-09 170.30160845714963 17495.69494047619
7.288035680670576e-09 170.12017838780886 17352.038525132277
7.2957999008459e-09 169.9391357962878 17251.27380952381
7.303564064443548e-09 169.7584794427153 17258.97833994709
7.311328171459765e-09 169.5782080925045 17324.182705026455
7.319092221890785e-09 169.3983205163247 17464.614252645504
7.326856215732853e-09 169.2188154900733 17535.21544312169
7.334620152982208e-09 169.03969179484812 17616.917493386245
7.342384033635089e-09 168.86094821691992 17668.392526455027
7.3501478576877385e-09 168.68258354770467 17755.738756613755
7.357911625136393e-09 168.50459658373669 17676.455026455027
7.365675335977298e-09 168.32698612664126 17513.774966931218
7.373438990206685e-09 168.14975098310813 17415.66583994709
7.381202587820798e-09 167.9728899648643 17408.844411375663
7.388966128815874e-09 167.79640188864778 17496.67542989418
7.396729613188155e-09 167.62028557618115 17530.48296957672
7.404493040933876e-09 167.44453985414538 17519.637896825396
7.41225641204928e-09 167.26916355415355 17504.84656084656
7.420019726530599e-09 167.09415551272545 17415.77314814815
7.42778298437408e-09 166.9195145712611 17282.098214285714
7.435546185575954e-09 166.745239576016 17085.171296296296
7.44330933013246e-09 166.5713293780752 16887.733465608464
7.45107241803984e-09 166.39778283332814 16621.33978174603
7.458835449294328e-09 166.2245988024437 16393.63210978836
7.46659842389216e-09 166.05177615084517 16137.905257936507
7.474361341829578e-09 165.8793137486855 15934.67857142857
7.482124203102816e-09 165.70721047082264 15771.862268518518
7.489887007708116e-09 165.5354651967951 15596.468501984127
7.497649755641703e-09 165.36407681079785 15303.119543650793
7.505412446899826e-09 165.19304420165764 15073.78835978836
7.513175081478717e-09 165.0223662628095 14804.175843253968
7.520937659374612e-09 164.8520418922726 14603.116402116402
7.528700180583746e-09 164.6820699926268 14420.173859126984
7.536462645102356e-09 164.5124494709886 14238.277281746032
7.544225052926682e-09 164.34317923898814 14070.95982142857
7.551987404052953e-09 164.17425821274594 13940.902033730159
7.559749698477408e-09 164.00568531284947 13783.547040343916
7.567511936196282e-09 163.83745946433032 13589.466931216932
7.575274117205811e-09 163.66957959664146 13432.078786375661
7.58303624150223e-09 163.5020446436343 13272.482308201059
7.590798309081768e-09 163.3348535435364 13129.639880952382
7.59856031994067e-09 163.1680052389286 12985.153273809523
7.606322274075163e-09 163.0014986767234 12812.314566798941
7.614084171481483e-09 162.83533280814214 12693.776372354498
7.621846012155863e-09 162.66950658869337 12628.415343915343
7.629607796094545e-09 162.5040189781507 12587.266865079366
7.637369523293751e-09 162.33886894053157 12484.701058201059
7.645131193749724e-09 162.1740554440749 12360.058862433862
7.65289280745869e-09 162.0095774612203 12233.929067460318
7.660654364416891e-09 161.84543396858604 12128.222552910052
7.66841586462055e-09 161.68162394694858 12056.583581349207
7.67617730806591e-09 161.5181463812207 11989.261822089948
7.683938694749198e-09 161.3550002604312 11876.311342592593
7.691700024666647e-09 161.1921845777037 11830.965277777777
7.699461297814491e-09 161.02969833023593 11837.224289021164
7.707222514188964e-09 160.86754051927923 11779.687748015873
7.714983673786295e-09 160.7057101501182 11751.9978505291
7.722744776602715e-09 160.54420623205016 11712.17824074074
7.73050582263446e-09 160.38302777836492 11601.591931216932
7.738266811877761e-09 160.22217380632492 11475.24859457672
7.746027744328845e-09 160.06164333714514 11425.531994047618
7.75378861998395e-09 159.901435395973 11297.239583333334
7.761549438839302e-09 159.7415490118692 11148.895998677248
7.769310200891134e-09 159.58198321778752 11097.895667989418
7.777070906135674e-09 159.4227370505557 11143.073578042327
7.784831554569159e-09 159.26380955085568 11126.543154761905
7.792592146187815e-09 159.10519976320498 11131.891947751323
7.800352680987873e-09 158.94690673593686 11120.082175925925
7.80811315896556e-09 158.7889295211818 11115.438161375661
7.815873580117114e-09 158.6312671748481 11131.141286375661
7.823633944438755e-09 158.47391875660372 11120.807291666666
7.83139425192672e-09 158.3168833298569 11076.714285714286
7.839154502577238e-09 158.16015996173797 11095.691881613757
7.846914696386534e-09 158.00374772308095 11094.219576719577
7.854674833350839e-09 157.84764568840495 11110.002976190477
7.86243491346638e-09 157.69185293589595 11065.450231481482
7.870194936729395e-09 157.5363685473887 11019.070188492064
7.877954903136101e-09 157.3811916083489 11082.490244708995
7.885714812682732e-09 157.22632120785488 11215.955026455027
7.893474665365518e-09 157.07175643858 11333.362185846561
7.90123446118068e-09 156.91749639677508 11466.740327380952
7.908994200124456e-09 156.76354018225027 11703.484953703704
7.916753882193063e-09 156.60988689835827 12000.165426587302
7.924513507382736e-09 156.45653565197625 12280.574652777777
7.9322730756897e-09 156.30348555348894 12487.403935185184
7.940032587110181e-09 156.15073571677138 12670.416749338625
7.94779204164041e-09 155.99828525917158 12843.770585317461
7.95555143927661e-09 155.84613330149392 13037.623759920634
7.963310780015007e-09 155.69427896798194 13271.0916005291
7.971070063851835e-09 155.54272138630148 13391.04546957672
7.978829290783307e-09 155.39145968752456 13516.3949239418
7.986588460805663e-09 155.24049300611176 13637.336888227514
7.99434757391512e-09 155.0898204798968 13707.025710978836
8.002106630107907e-09 154.93944125006934 13801.635747354498
8.009865629380253e-09 154.789354461159 13971.483052248677
8.017624571728373e-09 154.63955926101931 14174.060846560846
8.025383457148506e-09 154.49005480081095 14235.503472222223
8.033142285636865e-09 154.3408402349866 14322.2009755291
8.040901057189685e-09 154.19191472127406 14247.719246031746
8.04865977180318e-09 154.04327742066138 14277.75777116402
8.056418429473582e-09 153.89492749738017 14184.688244047618
8.064177030197119e-09 153.7468641188905 13906.22478505291
8.071935573970005e-09 153.5990864558654 13590.91294642857
8.07969406078847e-09 153.45159368217494 13388.791583994709
8.087452490648737e-09 153.30438497487114 13185.91335978836
8.09521086354703e-09 153.1574595141726 12926.89880952381
8.102969179479575e-09 153.01081648344922 12637.571924603175
8.110727438442587e-09 152.8644550692074 12379.954282407407
8.118485640432298e-09 152.7183744610743 12225.081101190477
8.126243785444924e-09 152.57257385178374 12117.417741402116
8.134001873476696e-09 152.42705243716054 11989.276455026455
8.141759904523828e-09 152.28180941610643 11901.324156746032
8.14951787858255e-09 152.1368439905847 11901.205935846561
8.157275795649078e-09 151.9921553656063 11947.73115079365
8.165033655719642e-09 151.84774274921446 11992.295882936507
8.17279145879045e-09 151.70360535247127 12051.673859126984
8.18054920485774e-09 151.55974238944208 12076.67294973545
8.188306893917722e-09 151.41615307718249 11978.829778439154
8.19606452596662e-09 151.27283663572317 11805.156415343916
8.203822101000658e-09 151.12979228805622 11592.926008597884
8.211579619016056e-09 150.987019260121 11387.896742724868
8.219337080009034e-09 150.84451678079026 11207.633597883598
8.227094483975811e-09 150.70228408185613 11022.037533068784
8.234851830912611e-09 150.56032039801636 10895.671875
8.242609120815652e-09 150.41862496686062 10762.889715608466
8.250366353681153e-09 150.2771970288569 10675.651041666666
8.25812352950534e-09 150.1360358273377 10585.082175925925
8.265880648284424e-09 149.99514060848705 10559.156828703704
8.273637710014631e-09 149.85451062132643 10513.263971560846
8.281394714692174e-09 149.714145117702 10514.013806216932
8.28915166231328e-09 149.57404335227082 10482.38707010582
8.296908552874163e-09 149.43420458248826 10514.691881613757
8.304665386371041e-09 149.2946280685944 10510.883267195768
8.312422162800135e-09 149.1553130736011 10511.530257936507
8.320178882157666e-09 149.01625886327903 10492.087136243386
8.327935544439848e-09 148.87746470614505 10449.62855489418
8.335692149642904e-09 148.73892987344888 10380.874338624339
8.343448697763042e-09 148.60065363916095 10259.799189814816
8.351205188796486e-09 148.46263527995907 10136.994626322752
8.358961622739453e-09 148.32487407521623 10008.684689153439
8.366717999588169e-09 148.18736930698782 9880.771825396825
8.374474319338833e-09 148.05012025999983 9791.529017857143
8.382230581987677e-09 147.91312622163525 9736.389963624339
8.38998678753091e-09 147.77638648192288 9703.421544312168
8.397742935964754e-09 147.63990033352437 9648.929563492064
8.40549902728542e-09 147.50366707172233 9556.086144179893
8.413255061489125e-09 147.36768599440813 9422.511574074075
8.421011038572092e-09 147.23195640206976 9315.833994708995
8.428766958530527e-09 147.09647759778005 9239.83490410053
8.43652282136065e-09 146.9612488871845 9137.315145502645
8.44427862705868e-09 146.82626957848944 9032.795965608466
8.452034375620826e-09 146.69153898245054 8973.938409391534
8.459790067043308e-09 146.55705641236065 8950.13277116402
8.467545701322338e-09 146.42282118403847 8915.61259920635
8.475301278454132e-09 146.28883261581677 8863.224041005291
8.483056798434902e-09 146.15509002853094 8797.810598544973
8.490812261260867e-09 146.02159274550732 8694.844328703704
8.49856766692824e-09 145.8883400925521 8621.69494047619
8.50632301543323e-09 145.75533139793995 8564.022817460318
8.514078306772053e-09 145.62256599240234 8475.588955026455
8.52183354094093e-09 145.49004320911652 8432.669560185184
8.529588717936062e-09 145.35776238369485 8427.735615079366
8.537343837753672e-09 145.22572285417274 8431.85267857143
8.545098900389968e-09 145.09392396099855 8442.906332671957
8.552853905841164e-09 144.96236504702196 8433.980737433862
8.560608854103474e-09 144.8310454574833 8375.453869047618
8.568363745173112e-09 144.69996454000275 8330.788607804232
8.576118579046281e-09 144.56912164456952 8239.525628306877
8.583873355719207e-09 144.43851612353072 8206.428323412698
8.591628075188088e-09 144.30814733158147 8144.425016534392
8.599382737449146e-09 144.1780146257534 8049.015170304233
8.607137342498587e-09 144.04811736540475 7974.200851521164
8.614891890332624e-09 143.91845491220943 7917.927455357143
8.622646380947468e-09 143.7890266301468 7876.99929728836
8.630400814339332e-09 143.65983188549114 7851.833664021164
8.638155190504426e-09 143.53087004680148 7839.551545965608
8.645909509438954e-09 143.40214048491117 7843.5968501984125
8.653663771139134e-09 143.2736425729176 7862.138103505291
8.661417975601173e-09 143.14537568617214 7889.425636574074
8.669172122821283e-09 143.01733920227 7939.207919973545
8.676926212795674e-09 142.88953250104012 7997.030588624339
8.68468024552055e-09 142.76195496453533 8067.164847883598
8.692434220992124e-09 142.63460597702206 8117.878968253968
8.70018813920661e-09 142.50748492497064 8230.899222883598
8.707942000160209e-09 142.38059119704562 8318.950562169312
8.715695803849137e-09 142.2539241840955 8371.862764550264
8.723449550269591e-09 142.12748327914363 8449.020667989418
8.731203239417794e-09 142.00126787737773 8528.849289021164
8.738956871289946e-09 141.87527737614099 8628.821263227514
8.746710445882257e-09 141.74951117492205 8714.361441798941
8.75446396319093e-09 141.62396867534562 8787.489335317461
8.762217423212181e-09 141.49864928116278 8882.2833994709
8.769970825942214e-09 141.37355239824188 9029.85160383598
8.777724171377235e-09 141.24867743455894 9186.173941798941
8.78547745951345e-09 141.12402380018835 9340.453951719577
8.793230690347069e-09 140.99959090729345 9490.871527777777
8.800983863874295e-09 140.87537817011764 9642.093584656084
8.808736980091338e-09 140.75138500497474 9828.998015873016
8.816490038994401e-09 140.62761083024026 10096.130208333334
8.824243040579694e-09 140.50405506634198 10385.333746693123
8.83199598484342e-09 140.38071713575118 10663.049437830688
8.839748871781785e-09 140.25759646297345 10916.557457010582
8.847501701390993e-09 140.1346924745398 11049.108382936507
8.855254473667255e-09 140.01200459899766 11094.092923280423
8.863007188606769e-09 139.8895322669024 11050.029183201059
8.870759846205743e-09 139.76727491080794 10901.60796957672
8.87851244646038e-09 139.6452319652585 10763.571180555555
8.88626498936689e-09 139.52340286677946 10604.69419642857
8.894017474921473e-09 139.40178705386919 10453.922784391534
8.901769903120332e-09 139.2803839669899 10433.775380291005
8.909522273959671e-09 139.15919304855947 10402.487185846561
8.917274587435698e-09 139.03821374294253 10382.758763227514
8.925026843544611e-09 138.91744549644247 10269.492724867725
8.932779042282616e-09 138.7968877572924 10172.93501984127
8.940531183645916e-09 138.67653997564733 10103.131531084657
8.948283267630715e-09 138.5564016035753 10025.69849537037
8.956035294233212e-09 138.43647209504948 9995.684027777777
8.963787263449614e-09 138.3167509059396 9973.625
8.971539175276119e-09 138.19723749400399 10059.189814814816
8.979291029708932e-09 138.077931318881 10142.817625661375
8.987042826744255e-09 137.9588318420814 10202.41228505291
8.994794566378287e-09 137.83993852697972 10319.70667989418
9.002546248607234e-09 137.7212508388066 10533.59267526455
9.010297873427291e-09 137.60276824464069 10672.857886904761
9.018049440834664e-09 137.48449021340042 10779.462218915343
9.025800950825552e-09 137.36641621583635 10777.977099867725
9.033552403396155e-09 137.2485457245233 10744.854414682539
9.041303798542679e-09 137.1308782138521 10657.032076719577
9.049055136261315e-09 137.0134131600224 10438.3615244709
9.05680641654827e-09 136.89615004103433 10173.398148148148
9.064557639399743e-09 136.77908833668104 9909.95990410053
9.072308804811929e-09 136.66222752854108 9671.423611111111
9.080059912781031e-09 136.5455670999705 9487.953621031746
9.087810963303253e-09 136.4291065360953 9348.3416005291
9.095561956374786e-09 136.31284532380423 9252.40302579365
9.103312891991829e-09 136.19678295174074 9162.980241402116
9.111063770150586e-09 136.08091891029565 9113.361689814816
9.118814590847254e-09 135.96525269159983 9077.683779761905
9.12656535407803e-09 135.84978378951672 9040.518683862434
9.13431605983911e-09 135.73451169963488 9052.37177579365
9.142066708126694e-09 135.61943591926067 8962.771246693123
9.149817298936984e-09 135.50455594741086 8899.346478174602
9.157567832266168e-09 135.3898712848058 8883.170965608466
9.16531830811045e-09 135.2753814338614 8818.446593915343
9.173068726466025e-09 135.1610858986827 8747.493386243386
9.18081908732909e-09 135.04698418505626 8693.309771825398
9.188569390695843e-09 134.9330758004432 8661.191137566138
9.19631963656248e-09 134.81936025397206 8648.38955026455
9.204069824925192e-09 134.70583705643187 8655.882605820107
9.211819955780182e-09 134.59250572026488 8670.666666666666
9.21957002912364e-09 134.4793657595599 8706.333581349207
9.22732004495177e-09 134.366416690045 8702.363508597884
9.235070003260756e-09 134.2536580290811 8719.425595238095
9.242819904046805e-09 134.1410892956544 8758.3550760582
9.2505697473061e-09 134.02871001037036 8732.08449074074
9.258319533034844e-09 133.91651969544614 8642.765376984127
9.266069261229228e-09 133.80451787470432 8556.582589285714
9.27381893188545e-09 133.6927040735659 8422.712797619048
9.2815685449997e-09 133.58107781904383 8279.059110449736
9.289318100568174e-09 133.46963863973616 8127.70775462963
9.297067598587062e-09 133.35838606581945 7978.106398809524
9.304817039052564e-09 133.24731962904212 7861.387318121693
9.312566421960866e-09 133.1364388627181 7799.499007936508
9.320315747308166e-09 133.02574330171996 7722.898768187831
9.328065015090658e-09 132.91523248247262 7653.009011243386
9.335814225304534e-09 132.8049059429469 7588.689773478836
9.343563377945979e-09 132.69476322265308 7496.742724867725
9.351312473011194e-09 132.58480386263426 7380.034308862434
9.359061510496369e-09 132.47502740546022 7258.357721560847
9.366810490397692e-09 132.36543339522115 7128.864128637566
9.374559412711359e-09 132.25602137752102 7003.6843998015875
9.38230827743356e-09 132.14679089947163 6924.617311507936
9.390057084560485e-09 132.03774150968613 6831.99611441799
9.397805834088323e-09 131.92887275827303 6686.7025462962965
9.40555452601327e-09 131.82018419682967 6594.618055555556
9.413303160331517e-09 131.7116753784364 6595.307911706349
9.421051737039249e-09 131.6033458576504 6540.01136739418
9.428800256132659e-09 131.49519519049937 6487.269097222223
9.436548717607934e-09 131.3872229344757 6446.414434523809
9.44429712146127e-09 131.27942864853026 6425.26917989418
9.452045467688848e-09 131.1718118930666 6346.751694775132
9.459793756286863e-09 131.06437222993478 6292.786747685185
9.467541987251503e-09 130.9571092224255 6233.139384920635
9.475290160578958e-09 130.85002243526415 6163.646577380952
9.483038276265414e-09 130.74311143460508 6103.466476521164
9.490786334307061e-09 130.6363757880255 6049.0916418650795
9.498534334700086e-09 130.52981506451985 6013.377562830688
9.506282277440677e-09 130.42342883449388 5997.223503637566
9.514030162525025e-09 130.3172166697588 5968.18857473545
9.521777989949313e-09 130.21117814352593 5933.015418320106
9.52952575970973e-09 130.1053128304005 5869.762235449735
9.537273471802468e-09 129.99962030637613 4882.543816137566
9.545021126223704e-09 129.8941001488294 3382.1704695767194
