string
20201019m4_degreeper_secondprocessedoffset angle -0.09272890686628767 in rad by: offset_angle in degree:_-3.35offset 0th. order in px_-110
nm eV  counts
-9.2596073416792e-09 -133.89789483962645 129.1461850582247
-9.251835222545148e-09 -134.01037742988663 191.85082952451816
-9.244063090981179e-09 -134.12304934418137 238.61053997336785
-9.236290946992087e-09 -134.23591106083165 239.55049798782363
-9.228518790582671e-09 -134.34896305977105 230.55467808868343
-9.220746621757726e-09 -134.46220582255265 226.37567982922337
-9.212974440522051e-09 -134.5756398323557 224.10602457128687
-9.205202246880437e-09 -134.6892655739928 231.6541726825279
-9.197430040837678e-09 -134.8030835339165 224.26438934948982
-9.189657822398569e-09 -134.91709420022633 220.19932153634025
-9.1818855915679e-09 -135.03129806267592 220.36038791601712
-9.17411334835046e-09 -135.14569561267984 216.19698383910858
-9.166341092751038e-09 -135.26028734332078 215.9020424033329
-9.158568824774424e-09 -135.37507374935643 215.9272924121906
-9.150796544425404e-09 -135.49005532722686 212.64041499846468
-9.143024251708765e-09 -135.60523257506148 213.37873739990792
-9.135251946629289e-09 -135.7206059926863 214.04652382871555
-9.127479629191762e-09 -135.83617608163124 213.4153741791856
-9.119707299400967e-09 -135.9519433451372 211.42718833410103
-9.111934957261684e-09 -136.06790828816358 214.0778330646495
-9.104162602778697e-09 -136.1840714173954 217.21059186478413
-9.096390235956781e-09 -136.30043324125097 216.99660989612863
-9.088617856800718e-09 -136.41699426988902 217.383128978588
-9.080845465315284e-09 -136.53375501521626 215.35360530931126
-9.073073061505259e-09 -136.6507159908949 210.7651354270007
-9.065300645375411e-09 -136.7678777123503 206.79533412757468
-9.057528216930522e-09 -136.88524069677817 208.96499414653016
-9.049755776175359e-09 -137.0028054631526 216.32620213884167
-9.041983323114699e-09 -137.12057253223347 213.52677833286094
-9.03421085775331e-09 -137.23854242657416 210.83707387034679
-9.026438380095963e-09 -137.3567156705293 211.0289890695862
-9.018665890147429e-09 -137.47509279026264 214.0844154502079
-9.010893387912474e-09 -137.59367431375466 218.41568788973925
-9.003120873395865e-09 -137.71246077081062 219.08906021175835
-8.995348346602367e-09 -137.83145269306831 221.60590185509972
-8.987575807536747e-09 -137.95065061400598 226.83885500814912
-8.979803256203766e-09 -138.07005506895044 222.6053929058603
-8.97203069260819e-09 -138.18966659508487 222.44914751925077
-8.964258116754778e-09 -138.30948573145722 227.67357328130907
-8.956485528648292e-09 -138.42951301898776 227.40647919323982
-8.94871292829349e-09 -138.54974900047787 229.88318341659584
-8.940940315695133e-09 -138.67019422061762 221.30998976196383
-8.933167690857977e-09 -138.79084922599444 222.95654758214053
-8.925395053786776e-09 -138.91171456510116 225.23376049638608
-8.91762240448629e-09 -139.03279078834433 226.2841151000331
-8.909849742961268e-09 -139.1540784480527 229.78145631082296
-8.90207706921647e-09 -139.2755780984854 230.07500634802534
-8.894304383256641e-09 -139.3972902958407 229.76251742016254
-8.886531685086536e-09 -139.5192155982642 232.12888871911616
-8.878758974710905e-09 -139.64135456585743 229.76769087626374
-8.870986252134497e-09 -139.7637077606866 223.67364561927204
-8.863213517362058e-09 -139.88627574679103 228.25880308720713
-8.855440770398335e-09 -140.00905909019184 230.21525710978838
-8.847668011248079e-09 -140.13205835890065 237.81024866543842
-8.839895239916025e-09 -140.25527412292865 240.1583287937571
-8.832122456406929e-09 -140.37870695429478 235.54338266339525
-8.824349660725523e-09 -140.5023574270352 249.50657389691992
-8.816576852876554e-09 -140.62622611721184 249.77462480217784
-8.808804032864761e-09 -140.75031360292147 236.62802398520174
-8.801031200694884e-09 -140.87462046430457 227.5340145281203
-8.79325835637166e-09 -140.99914728355455 229.00264679439488
-8.78548549989983e-09 -141.12389464492665 225.70969354538693
-8.777712631284128e-09 -141.2488631347473 218.48632074357525
-8.76993975052929e-09 -141.37405334142306 215.01714059104546
-8.762166857640049e-09 -141.49946585545007 212.41537565547054
-8.75439395262114e-09 -141.62510126942314 207.9037999205759
-8.746621035477294e-09 -141.7509601780452 206.49791530110312
-8.738848106213242e-09 -141.87704317813672 205.63154824646875
-8.731075164833715e-09 -142.003350868645 204.8979481115363
-8.72330221134344e-09 -142.12988385065375 207.2811444456255
-8.715529245747148e-09 -142.2566427273927 202.11443588937314
-8.707756268049566e-09 -142.38362810424692 196.3359354701082
-8.699983278255417e-09 -142.5108405887668 199.6832981239371
-8.692210276369427e-09 -142.63828079067744 203.75645413330264
-8.68443726239632e-09 -142.76594932188863 188.6567762955877
-8.67666423634082e-09 -142.89384679650445 193.96707939903393
-8.668891198207648e-09 -143.0219738308332 196.0188506826342
-8.661118148001523e-09 -143.15033104339733 196.56558912627554
-8.653345085727166e-09 -143.27891905494334 190.3076328730277
-8.645572011389295e-09 -143.4077384884518 193.69823129989845
-8.63779892499263e-09 -143.5367899691474 197.68777329725296
-8.630025826541883e-09 -143.66607412450912 194.56145755828376
-8.622252716041776e-09 -143.79559158428026 194.05626454140688
-8.614479593497015e-09 -143.92534298047892 189.46025730170544
-8.60670645891232e-09 -144.05532894740787 191.86802363089336
-8.598933312292402e-09 -144.1855501216654 199.50365638877082
-8.59116015364197e-09 -144.31600714215529 197.908012868776
-8.583386982965736e-09 -144.4467006500974 188.5145140955688
-8.575613800268408e-09 -144.5776312890383 190.54386245600674
-8.567840605554698e-09 -144.70879970486155 196.93847379446572
-8.560067398829306e-09 -144.84020654579868 200.59952393500805
-8.552294180096946e-09 -144.97185246243947 207.96809397587162
-8.544520949362317e-09 -145.10373810774314 213.3438112658258
-8.536747706630124e-09 -145.23586413704865 226.190865560634
-8.528974451905072e-09 -145.36823120808592 229.83926117104832
-8.521201185191863e-09 -145.50083998098657 238.77878940204556
-8.513427906495196e-09 -145.63369111829502 231.39877630739798
-8.505654615819772e-09 -145.76678528497936 229.50675105111492
-8.49788131317029e-09 -145.9001231484426 230.22723993026034
-8.490107998551448e-09 -146.03370537853368 222.28366704754822
-8.48233467196794e-09 -146.1675326475589 219.75772410743815
-8.474561333424463e-09 -146.30160563029284 228.90636902547482
-8.466787982925714e-09 -146.4359250039901 220.16160245565243
-8.459014620476384e-09 -146.57049144839644 224.80349263186181
-8.451241246081166e-09 -146.70530564576038 228.45793270650276
-8.443467859744753e-09 -146.84036828084461 232.7573026280825
-8.435694461471833e-09 -146.9756800409377 243.70163598208384
-8.427921051267097e-09 -147.11124161586565 255.87364698483563
-8.420147629135233e-09 -147.24705369800373 260.6059116354876
-8.412374195080927e-09 -147.38311698228816 272.7175324339806
-8.404600749108869e-09 -147.51943216622794 273.0248211480773
-8.39682729122374e-09 -147.65599994991703 268.9566134613568
-8.389053821430227e-09 -147.7928210360459 266.1865160560752
-8.381280339733013e-09 -147.92989612991394 255.18236363555843
-8.373506846136779e-09 -148.06722593944147 256.7543561478411
-8.365733340646207e-09 -148.20481117518185 255.44562030541385
-8.357959823265977e-09 -148.34265255033384 256.4262628879677
-8.350186294000767e-09 -148.48075078075385 262.34870109067936
-8.342412752855257e-09 -148.61910658496834 264.5850993392149
-8.334639199834121e-09 -148.75772068418632 266.17090803335225
-8.326865634942037e-09 -148.89659380231188 267.8824740616733
-8.319092058183682e-09 -149.0357266659567 270.20045735308014
-8.311318469563725e-09 -149.17512000445288 277.30655684582865
-8.303544869086841e-09 -149.31477454986555 264.32814087006335
-8.295771256757704e-09 -149.4546910370056 262.53999625023624
-8.287997632580982e-09 -149.59487020344295 261.9317077959656
-8.280223996561346e-09 -149.735312789519 265.2124429415864
-8.272450348703466e-09 -149.87601953836008 267.35177914481767
-8.264676689012005e-09 -150.01699119589037 282.5465122029715
-8.256903017491634e-09 -150.158228510845 318.50291049579556
-8.249129334147018e-09 -150.29973223478345 339.67174250342504
-8.24135563898282e-09 -150.44150312210292 343.7080384454129
-8.233581932003706e-09 -150.5835419300515 355.1407047193878
-8.225808213214336e-09 -150.7258494187419 357.4653202209704
-8.218034482619371e-09 -150.86842635116494 352.7286101072374
-8.210260740223475e-09 -151.011273493203 319.1547382842026
-8.202486986031304e-09 -151.154391613644 279.2524019156274
-8.194713220047517e-09 -151.29778148419513 258.68940403852514
-8.186939442276774e-09 -151.4414438794965 257.6269826506992
-8.17916565272373e-09 -151.58537957713534 256.2361967356387
-8.171391851393036e-09 -151.72958935766 257.3055326731387
-8.163618038289352e-09 -151.87407400459387 261.0975385162746
-8.155844213417328e-09 -152.0188343044498 269.8733550494851
-8.14807037678162e-09 -152.16387104674413 289.1107579099348
-8.140296528386874e-09 -152.30918502401144 305.5015530517763
-8.132522668237744e-09 -152.45477703181842 316.4148327516771
-8.124748796338878e-09 -152.6006478687789 316.97961508822283
-8.116974912694922e-09 -152.7467983365682 320.991257071405
-8.109201017310526e-09 -152.8932292399377 321.0744531102372
-8.101427110190334e-09 -153.03994138673005 305.0868830605159
-8.093653191338992e-09 -153.18693558789346 274.94799417162704
-8.085879260761144e-09 -153.33421265749706 245.6249557114513
-8.078105318461436e-09 -153.48177341274575 242.20848169997168
-8.070331364444502e-09 -153.62961867399548 237.29885248370184
-8.062557398714988e-09 -153.7777492647681 229.20296759111633
-8.054783421277536e-09 -153.92616601176698 230.74537812086643
-8.047009432136783e-09 -154.07486974489228 228.00659548758742
-8.039235431297363e-09 -154.22386129725646 222.64270693086266
-8.031461418763916e-09 -154.37314150519975 219.0692189419171
-8.02368739454108e-09 -154.52271120830574 222.15946903935188
-8.015913358633486e-09 -154.6725712494174 224.4840531698791
-8.00813931104577e-09 -154.82272247465252 231.75271285814677
-8.000365251782563e-09 -154.9731657334201 235.32028740315573
-7.992591180848499e-09 -155.12390187843587 235.8798667579011
-7.984817098248203e-09 -155.2749317657388 244.5943768675005
-7.977043003986314e-09 -155.42625625470697 253.28647235804047
-7.969268898067451e-09 -155.5778762080743 266.84249405057164
-7.961494780496247e-09 -155.72979249194634 269.1924924266582
-7.953720651277328e-09 -155.88200597581735 264.95955163749534
-7.945946510415317e-09 -156.03451753258662 266.66513317566614
-7.938172357914842e-09 -156.18732803857506 261.12948716813116
-7.930398193780525e-09 -156.34043837354218 265.57427300347223
-7.922624018016988e-09 -156.49384942070284 259.3030200361395
-7.914849830628852e-09 -156.64756206674437 242.78298721832485
-7.907075631620738e-09 -156.8015772018435 250.03329483920308
-7.899301420997265e-09 -156.9558957196835 240.40986376104263
-7.891527198763054e-09 -157.1105185174717 234.1658131894251
-7.883752964922717e-09 -157.2654464959568 232.35524656911377
-7.875978719480875e-09 -157.42068055944614 244.3740819352915
-7.868204462442141e-09 -157.57622161582353 229.69524680531939
-7.860430193811131e-09 -157.73207057656685 234.47646229715846
-7.852655913592456e-09 -157.88822835676598 240.73538920776647
-7.844881621790729e-09 -158.04469587514046 242.10335175736964
-7.837107318410563e-09 -158.2014740540577 243.93498773207202
-7.829333003456565e-09 -158.35856381955114 262.172310873134
-7.821558676933346e-09 -158.51596610133825 274.5853078644653
-7.813784338845515e-09 -158.6736818328391 278.853908316799
-7.806009989197678e-09 -158.83171195119473 280.9938627143566
-7.798235627994443e-09 -158.99005739728565 282.2425746557304
-7.790461255240412e-09 -159.14871911575062 277.79150907324737
-7.78268687094019e-09 -159.3076980550054 273.21242190452574
-7.77491247509838e-09 -159.46699516726147 263.396815431902
-7.767138067719585e-09 -159.62661140854541 258.688079072775
-7.759363648808404e-09 -159.78654773871764 253.2089932327098
-7.75158921836944e-09 -159.94680512149188 249.2361480182351
-7.743814776407292e-09 -160.10738452445443 254.33838813303103
-7.736040322926555e-09 -160.26828691908375 257.529865244709
-7.728265857931828e-09 -160.42951328076987 258.5692196800596
-7.720491381427704e-09 -160.59106458883423 264.57855201542424
-7.712716893418782e-09 -160.7529418265494 270.3876041519039
-7.704942393909654e-09 -160.9151459811592 269.24718324829934
-7.697167882904911e-09 -161.07767804389866 275.9554793054375
-7.689393360409149e-09 -161.24053901001406 286.6324888245229
-7.681618826426956e-09 -161.4037298787835 298.9934836781935
-7.673844280962924e-09 -161.56725165353726 311.5443453857238
-7.666069724021637e-09 -161.73110534167833 304.42052493740556
-7.658295155607688e-09 -161.89529195470303 313.9518450609411
-7.650520575725662e-09 -162.05981250822188 333.5886402086877
-7.642745984380144e-09 -162.22466802198062 360.4894419790486
-7.634971381575721e-09 -162.38985951988118 358.7414430833098
-7.627196767316972e-09 -162.55538803000294 331.4095494968821
-7.619422141608484e-09 -162.7212545846239 340.29194642266634
-7.61164750445484e-09 -162.8874602202423 341.2382579985119
-7.603872855860616e-09 -163.0540059775983 333.9218045073933
-7.596098195830395e-09 -163.22089290169538 313.6037684387992
-7.588323524368753e-09 -163.3881220418225 282.3101811254016
-7.580548841480269e-09 -163.55569445157587 255.43832192165064
-7.572774147169523e-09 -163.7236111888812 253.25248089687267
-7.564999441441085e-09 -163.89187331601602 250.5724368740552
-7.55722472429953e-09 -164.06048189963198 250.01822473781183
-7.549449995749436e-09 -164.22943801077722 242.2064149010299
-7.541675255795375e-09 -164.39874272491937 238.327384827629
-7.533900504441916e-09 -164.56839712196827 236.55901965821053
-7.526125741693628e-09 -164.73840228629888 244.2014147238757
-7.518350967555085e-09 -164.9087593067742 239.0635490849986
-7.510576182030855e-09 -165.07946927676883 239.17798977229785
-7.502801385125503e-09 -165.25053329419234 235.67981261515027
-7.495026576843595e-09 -165.42195246151255 240.61032941822566
-7.4872517571897e-09 -165.59372788577934 240.51410516463534
-7.47947692616838e-09 -165.76586067864858 244.63975786712257
-7.4717020837842e-09 -165.93835195640597 257.47972691680843
-7.46392723004172e-09 -166.11120283999125 255.8576403651739
-7.456152364945505e-09 -166.2844144550225 256.2640099442555
-7.448377488500113e-09 -166.45798793182038 259.1950334821429
-7.440602600710104e-09 -166.631924405433 255.09583303807636
-7.432827701580036e-09 -166.80622501566054 252.07450699463817
-7.425052791114467e-09 -166.98089090707995 250.75932532301118
-7.417277869317955e-09 -167.1559232290703 247.59314066338345
-7.4095029361950515e-09 -167.33132313583798 245.5704807964853
-7.401727991750314e-09 -167.50709178644166 243.14199296254964
-7.393953035988296e-09 -167.68323034481836 246.64511290627365
-7.386178068913548e-09 -167.85973997980878 246.74754401543606
-7.378403090530624e-09 -168.0366218651833 248.3272897917848
-7.370628100844074e-09 -168.21387717966795 253.19839812009877
-7.3628530998584436e-09 -168.3915071069707 256.66605954447755
-7.3550780875782854e-09 -168.56951283580753 264.6951379293037
-7.347303064008145e-09 -168.74789555992922 264.85961452723456
-7.339528029152568e-09 -168.926656478148 269.21880905139835
-7.3317529830161024e-09 -169.10579679436418 277.00242000011815
-7.323977925603291e-09 -169.2853177175935 283.70811595037327
-7.316202856918677e-09 -169.46522046199405 293.03092189566803
-7.3084277769668025e-09 -169.64550624689386 290.9928366963105
-7.300652685752208e-09 -169.8261762968183 290.2124374055178
-7.292877583279436e-09 -170.0072318415177 294.8664202008929
-7.285102469553025e-09 -170.18867411599558 302.8679824794502
-7.277327344577513e-09 -170.37050436053644 311.6390546018755
-7.2695522083574394e-09 -170.55272382073414 314.447719951696
-7.261777060897337e-09 -170.73533374752037 322.0495965313209
-7.254001902201742e-09 -170.91833539719315 332.59705835459187
-7.2462267322751915e-09 -171.10173003144564 334.30698570660905
-7.238451551122217e-09 -171.28551891739536 339.76367261314255
-7.230676358747348e-09 -171.46970332761322 339.43230753673004
-7.222901155155121e-09 -171.65428454015264 348.6654826861301
-7.215125940350063e-09 -171.83926383857963 337.63183224678767
-7.207350714336705e-09 -172.02464251200206 329.93217208758506
-7.199575477119574e-09 -172.21042185509995 333.863310406628
-7.191800228703196e-09 -172.39660316815542 332.95586572302534
-7.184024969092102e-09 -172.58318775708298 317.9897630710271
-7.176249698290811e-09 -172.77017693346028 308.33088270030237
-7.168474416303853e-09 -172.95757201455856 303.10507384377365
-7.160699123135749e-09 -173.1453743233739 298.6375716736348
-7.152923818791019e-09 -173.33358518865805 312.6775435651692
-7.14514850327419e-09 -173.5222059449499 310.9094376682965
-7.1373731765897765e-09 -173.7112379326071 307.1286257558579
-7.129597838742302e-09 -173.90068249783764 313.98558555366594
-7.1218224897362814e-09 -174.09054099273195 323.7214837106718
-7.114047129576234e-09 -174.28081477529494 308.67090987870847
-7.106271758266676e-09 -174.47150520947852 302.2988672465514
-7.098496375812122e-09 -174.662613665214 289.43845441822566
-7.090720982217085e-09 -174.85414151844512 277.29467828798187
-7.082945577486082e-09 -175.0460901511608 283.48398083191614
-7.075170161623626e-09 -175.23846095142858 278.0705324664588
-7.06739473463422e-09 -175.43125531342827 279.4658339681359
-7.059619296522384e-09 -175.6244746374849 274.0105439962444
-7.051843847292621e-09 -175.81812033010354 272.6420961179611
-7.044068386949444e-09 -176.01219380400272 272.1772951802249
-7.036292915497356e-09 -176.20669647814924 269.844560111371
-7.028517432940865e-09 -176.4016297777924 264.13929818889363
-7.0207419392844775e-09 -176.59699513449905 268.6043478806453
-7.012966434532697e-09 -176.79279398618857 281.1976841517857
-7.005190918690028e-09 -176.989027777168 277.6766301138511
-6.997415391760969e-09 -177.18569795816794 281.2020225842073
-6.989639853750025e-09 -177.38280598637775 290.9273819119662
-6.9818643046616945e-09 -177.580353325482 289.1411453904479
-6.974088744500479e-09 -177.7783414456964 288.5308731782644
-6.966313173270875e-09 -177.97677182380454 284.5379172719435
-6.958537590977381e-09 -178.17564594319435 285.88735059996225
-6.9507619976244935e-09 -178.37496529389514 287.63971745382185
-6.942986393216704e-09 -178.57473137261505 282.4959974224065
-6.935210777758513e-09 -178.77494568277797 280.92920143317747
-6.92743515125441e-09 -178.9756097345618 285.40631975446433
-6.919659513708888e-09 -179.1767250449362 282.0026635871363
-6.911883865126439e-09 -179.37829313770075 286.42445259353747
-6.904108205511554e-09 -179.58031554352345 284.7949569367678
-6.8963325348687195e-09 -179.78279379997971 289.6189007286943
-6.888556853202428e-09 -179.98572945159088 296.2207566403298
-6.880781160517164e-09 -180.18912404986398 296.3800053441516
-6.873005456817414e-09 -180.39297915333105 303.75899795682164
-6.865229742107666e-09 -180.59729632758885 307.6604315771448
-6.8574540163924026e-09 -180.80207714533907 311.88569752988
-6.849678279676106e-09 -181.00732318642878 315.80188846371885
-6.84190253196326e-09 -181.21303603789076 318.01860229768994
-6.8341267732583485e-09 -181.41921729398464 343.1719255627599
-6.826351003565849e-09 -181.62586855623803 398.6154255539022
-6.81857522289024e-09 -181.832991433488 477.14553660005674
-6.810799431236001e-09 -182.04058754192266 530.9495889284534
-6.803023628607614e-09 -182.2486585051234 570.6956033281369
-6.79524781500955e-09 -182.4572059541072 585.6420363284203
-6.7874719904462845e-09 -182.66623152736918 598.8248033588436
-6.7796961549222955e-09 -182.8757368709254 556.6016898295777
-6.771920308442056e-09 -183.08572363835623 479.6449903746221
-6.7641444510100354e-09 -183.29619349084993 396.72948074629164
-6.756368582630707e-09 -183.50714809724616 344.6245013847553
-6.7485927033085436e-09 -183.71858913408028 316.8658341157644
-6.7408168130480124e-09 -183.93051828562776 306.4591323725671
-6.733040911853582e-09 -184.14293724394886 302.725801475104
-6.725264999729723e-09 -184.35584770893362 295.4564230205972
-6.717489076680896e-09 -184.56925138834745 299.8741264083759
-6.7097131427115716e-09 -184.7831499978763 304.7806978694256
-6.701937197826214e-09 -184.99754526117306 305.6174045138889
-6.694161242029286e-09 -185.2124389099037 304.7081790615552
-6.68638527532525e-09 -185.427832683794 303.0421195170777
-6.67860929771857e-09 -185.6437283306762 309.0082742081208
-6.6708333092137014e-09 -185.86012760653676 310.8992789824263
-6.663057309815108e-09 -186.07703227556337 313.54471704046205
-6.655281299527249e-09 -186.29444411019338 315.6081500525558
-6.6475052783545814e-09 -186.5123648911619 307.5972982508976
-6.639729246301559e-09 -186.7307964075504 309.695578969435
-6.631953203372642e-09 -186.9497404568355 310.61748940027405
-6.624177149572284e-09 -187.16919884493876 319.16644891463534
-6.616401084904938e-09 -187.38917338627573 316.5858105394936
-6.608625009375056e-09 -187.6096659038065 318.7294999379961
-6.600848922987092e-09 -187.83067822908555 320.9024862114985
-6.593072825745497e-09 -188.05221220231283 326.89435225044883
-6.585296717654716e-09 -188.27426967238478 318.2172567377646
-6.577520598719205e-09 -188.49685249694548 323.91787943476004
-6.569744468943405e-09 -188.71996254243888 328.03079641144654
-6.56196832833177e-09 -188.94360168416048 328.6911645083381
-6.554192176888741e-09 -189.16777180631044 325.71735269628687
-6.5464160146187636e-09 -189.39247480204597 322.14974770290064
-6.538639841526283e-09 -189.61771257353487 331.5572942501654
-6.530863657615743e-09 -189.8434870320092 328.640350780069
-6.523087462891581e-09 -190.06980009781932 325.83873100021265
-6.515311257358243e-09 -190.29665370048826 327.808445752433
-6.5075350410201696e-09 -190.52404977876654 318.526145375685
-6.499758813881795e-09 -190.7519902806877 322.93162143329556
-6.491982575947562e-09 -190.9804771636234 322.8958307498347
-6.484206327221903e-09 -191.20951239434 320.588574514007
-6.476430067709259e-09 -191.43909794905449 316.73919285596185
-6.46865379741406e-09 -191.66923581349175 312.6821237392527
-6.460877516340746e-09 -191.8999279829414 309.64608282549136
-6.453101224493747e-09 -192.13117646231584 310.5666941255669
-6.445324921877495e-09 -192.3629832662081 307.9365116272204
-6.437548608496422e-09 -192.5953504189503 305.49619782808963
-6.429772284354958e-09 -192.8282799546729 314.7695519179895
-6.4219959494575315e-09 -193.06177391736355 305.0297969665297
-6.414219603808572e-09 -193.29583436092727 303.68883013274757
-6.406443247412507e-09 -193.53046334924656 299.18968563988096
-6.398666880273762e-09 -193.765662956242 297.2112847960365
-6.390890502396762e-09 -194.00143526593345 292.91613335872546
-6.383114113785931e-09 -194.2377823725015 281.54499864181787
-6.375337714445695e-09 -194.4747063803494 270.5353452144747
-6.367561304380474e-09 -194.71220940416586 273.45645365351004
-6.35978488359469e-09 -194.95029356898758 273.02930720899474
-6.3520084520927634e-09 -195.18896101026283 262.8592096560847
-6.344232009879115e-09 -195.42821387391518 259.29405529572944
-6.336455556958163e-09 -195.66805431640788 264.3595377604167
-6.328679093334322e-09 -195.9084845048088 269.3527302414021
-6.320902619012011e-09 -196.1495066168553 270.69782144628687
-6.3131261339956455e-09 -196.3911228410203 272.97089983997074
-6.30534963828964e-09 -196.63333537657843 279.03695842486303
-6.2975731318984096e-09 -196.87614643367274 288.7886915834042
-6.289796614826362e-09 -197.11955823338204 300.7696242559524
-6.2820200870779146e-09 -197.36357300778826 325.44640458179805
-6.274243548657475e-09 -197.60819300004513 353.1149501901455
-6.266466999569455e-09 -197.8534204644466 376.0937979792612
-6.258690439818259e-09 -198.0992576664963 393.4502495659723
-6.2509138694083e-09 -198.34570688297703 427.90586579683963
-6.243137288343982e-09 -198.59277040202133 440.8588841352514
-6.235360696629712e-09 -198.84045052318206 441.4048715189201
-6.227584094269893e-09 -199.08874955750406 439.951636904762
-6.2198074812689304e-09 -199.3376698275955 436.96976826755014
-6.212030857631229e-09 -199.58721366770075 458.8678001582578
-6.204254223361186e-09 -199.83738342377333 472.6493778935186
-6.196477578463206e-09 -200.08818145354908 481.2465787096089
-6.188700922941685e-09 -200.3396101266206 494.3189676044029
-6.180924256801029e-09 -200.59167182451145 512.4249899612623
-6.17314758004563e-09 -200.8443689407519 515.8497274777967
-6.1653708926798876e-09 -201.0977038809542 516.2861708268377
-6.1575941947081965e-09 -201.3516790628892 495.544461274093
-6.1498174861349535e-09 -201.606296916563 465.7517224554753
-6.142040766964551e-09 -201.86155988429476 453.3790815588389
-6.134264037201383e-09 -202.11747042079458 452.63239323507185
-6.126487296849842e-09 -202.37403099324217 439.38295163985737
-6.118710545914319e-09 -202.6312440813663 421.0189374143755
-6.1109337843992046e-09 -202.88911217752448 415.33053651147964
-6.103157012308887e-09 -203.14763778678363 394.7812588577098
-6.095380229647756e-09 -203.4068234270011 381.3524873925265
-6.087603436420197e-09 -203.66667162890639 379.3913018766535
-6.079826632630598e-09 -203.9271849361836 384.1826419152731
-6.072049818283344e-09 -204.18836590555438 375.1495162952334
-6.06427299338282e-09 -204.45021710686152 377.08420434145887
-6.056496157933409e-09 -204.71274112315328 387.08758318865745
-6.048719311939493e-09 -204.97594055076843 388.92546938480257
-6.040942455405454e-09 -205.2398179994216 369.4297424916148
-6.033165588335672e-09 -205.50437609228973 384.5591665485639
-6.025388710734528e-09 -205.76961746609885 383.6961174443736
-6.0176118226063995e-09 -206.03554477121182 388.2842819202334
-6.0098349239556634e-09 -206.3021606717165 409.9519266256851
-6.002058014786698e-09 -206.56946784551465 446.9935825892858
-5.994281095103879e-09 -206.83746898441177 524.5490410791053
-5.986504164911581e-09 -207.10616679420727 601.0076087726758
-5.978727224214175e-09 -207.37556399478575 624.1476816421014
-5.970950273016038e-09 -207.64566332020834 659.9709356398811
-5.96317331132154e-09 -207.91646751880577 686.6614443086263
-5.955396339135052e-09 -208.1879793532711 675.2800032773526
-5.947619356460943e-09 -208.4602016007539 626.893981333853
-5.939842363303583e-09 -208.7331370529549 556.2739970119993
-5.93206535966734e-09 -209.00678851622138 537.2884003861963
-5.924288345556582e-09 -209.28115881164328 571.4188869992443
-5.9165113209756715e-09 -209.55625077515043 586.3419171922242
-5.908734285928978e-09 -209.83206725760982 600.3798001405424
-5.900957240420861e-09 -210.10861112492452 601.918487664163
-5.8931801844556895e-09 -210.38588525813242 607.9707208404196
-5.885403118037821e-09 -210.66389255350697 578.9124725410999
-5.8776260411716185e-09 -210.94263592265733 557.5027311271732
-5.869848953861442e-09 -211.22211829263043 565.1851630409109
-5.862071856111651e-09 -211.50234260601326 610.6222356564155
-5.854294747926602e-09 -211.78331182103625 652.1862562299226
-5.8465176293106556e-09 -212.06502891167716 683.0872366307635
-5.838740500268167e-09 -212.3474968677662 696.5122804764268
-5.83096336080349e-09 -212.63071869509187 720.1260525911755
-5.823186210920981e-09 -212.91469741550716 695.076921827759
-5.815409050624993e-09 -213.1994360670375 644.6523348922904
-5.807631879919878e-09 -213.48493770398878 601.1656598403251
-5.799854698809988e-09 -213.7712053970567 572.6980916064343
-5.792077507299674e-09 -214.05824223343677 572.3386420540439
-5.784300305393286e-09 -214.34605131693542 571.4355948542612
-5.776523093095171e-09 -214.63463576808167 577.4368592923281
-5.7687458704096785e-09 -214.92399872423996 568.2904583274283
-5.760968637341154e-09 -215.21414333972413 547.1235141191894
-5.753191393893945e-09 -215.50507278591152 531.3916956756661
-5.745414140072395e-09 -215.79679025135894 517.1242485709562
-5.737636875880848e-09 -216.0892989419189 514.6447689318784
-5.7298596013236476e-09 -216.38260208085728 521.3466634483656
-5.7220823164051344e-09 -216.67670290897144 535.1310977950209
-5.714305021129651e-09 -216.97160468470972 542.7397080794124
-5.706527715501537e-09 -217.2673106842918 558.0654429740647
-5.6987503995251314e-09 -217.56382420183004 568.8603670634922
-5.690973073204772e-09 -217.86114854945168 564.7376678535999
-5.683195736544798e-09 -218.15928705742218 563.6668814661282
-5.6754183895495405e-09 -218.4582430742698 547.3642186909486
-5.6676410322233415e-09 -218.7580199669104 528.4643720769559
-5.65986366457053e-09 -219.05862112077455 522.9614017916194
-5.652086286595443e-09 -219.36004993993433 524.4618313905424
-5.644308898302411e-09 -219.66230984723225 520.376655653581
-5.636531499695766e-09 -219.9654042844106 519.3914716494237
-5.628754090779837e-09 -220.26933671224216 520.5236825633032
-5.620976671558956e-09 -220.57411061066173 526.1670180224868
-5.61319924203745e-09 -220.8797294788993 532.1323865917896
-5.605421802219646e-09 -221.18619683561357 529.0898555602797
-5.597644352109873e-09 -221.49351621902724 537.4362946133315
-5.589866891712455e-09 -221.80169118706314 540.6477753861963
-5.582089421031716e-09 -222.11072531748144 544.0228986559903
-5.5743119400719816e-09 -222.42062220801805 541.1618805508315
-5.566534448837573e-09 -222.7313854765245 561.6560189614041
-5.558756947332814e-09 -223.04301876110839 554.737874533494
-5.5509794355620244e-09 -223.35552572027555 560.6038891250946
-5.5432019135295235e-09 -223.66891003307325 595.9399949215798
-5.535424381239632e-09 -223.98317539923428 659.2733614713247
-5.527646838696666e-09 -224.29832553932297 714.401956963341
-5.519869285904944e-09 -224.61436419488166 786.7659874279574
-5.512091722868781e-09 -224.93129512857885 792.9849632995561
-5.504314149592494e-09 -225.24912212435854 801.620916595805
-5.496536566080394e-09 -225.567848987591 814.5302904147771
-5.488758972336799e-09 -225.8874795452242 791.5653086321336
-5.480981368366017e-09 -226.20801764593745 730.9349017384733
-5.473203754172363e-09 -226.52946716029552 675.7829624905519
-5.465426129760143e-09 -226.8518319809047 653.6137204447753
-5.457648495133671e-09 -227.17511602256965 651.2119044666479
-5.449870850297252e-09 -227.49932322245212 656.9246400817273
-5.442093195255194e-09 -227.8244575402305 676.4675047536376
-5.434315530011808e-09 -228.1505229582612 679.4522650640118
-5.426537854571394e-09 -228.47752348174143 677.0779928724963
-5.418760168938259e-09 -228.8054631388727 696.2360380350058
-5.410982473116706e-09 -229.13434598102663 729.0095087514173
-5.40320476711104e-09 -229.46417608291145 774.0721290686414
-5.395427050925561e-09 -229.7949575427408 782.3713417658731
-5.387649324564572e-09 -230.12669448240268 777.8611657336547
-5.379871588032368e-09 -230.4593910476316 779.9969957601097
-5.3720938413332526e-09 -230.79305140818033 780.3464988425927
-5.364316084471522e-09 -231.12767975799477 764.7018457990836
-5.356538317451475e-09 -231.46328031538928 726.5790712986584
-5.348760540277405e-09 -231.79985732322424 689.728182722742
-5.34098275295361e-09 -232.13741504908458 677.1812590053383
-5.333204955484382e-09 -232.47595778546022 676.2194888806217
-5.3254271478740145e-09 -232.81548984992813 693.3943075928289
-5.317649330126801e-09 -233.1560155853357 698.4518347269465
-5.309871502247033e-09 -233.49753935998595 711.6280249078799
-5.302093664239e-09 -233.84006556782444 718.8499371102608
-5.294315816106992e-09 -234.18359862862752 725.4231697019086
-5.286537957855297e-09 -234.5281429881925 720.5714846702571
-5.278760089488205e-09 -234.87370311852942 722.2363724135488
-5.270982211009997e-09 -235.2202835180547 719.2324573058391
-5.263204322424965e-09 -235.56788871178583 718.9620978599775
-5.25542642373739e-09 -235.916523251539 732.671968744095
-5.247648514951557e-09 -236.2661917161271 740.4372054811508
-5.23987059607175e-09 -236.61689871156068 737.9764156096468
-5.2320926671022486e-09 -236.96864887124994 746.0507532005859
-5.224314728047335e-09 -237.32144685620878 793.1326065582484
-5.2165367789112884e-09 -237.6752973552607 844.9520760995372
-5.208758819698388e-09 -238.03020508524662 859.5242007393236
-5.200980850412915e-09 -238.38617479123408 878.0687203266724
-5.193202871059142e-09 -238.7432112467294 896.7515604332011
-5.185424881641348e-09 -239.10131925389032 903.3256418887
-5.177646882163806e-09 -239.46050364374182 891.0220948188304
-5.1698688726307935e-09 -239.82076927639278 877.1389671319918
-5.1620908530465825e-09 -240.18212104125593 852.789351851852
-5.154312823415444e-09 -240.54456385726854 853.8341039540818
-5.146534783741651e-09 -240.90810267311556 897.3748294890875
-5.138756734029474e-09 -241.27274246745517 952.5344232745183
-5.130978674283182e-09 -241.6384882491458 943.8741555650039
-5.123200604507044e-09 -242.00534505747552 937.7619926008599
-5.1154225247053286e-09 -242.37331796239351 919.4813663312549
-5.107644434882302e-09 -242.74241206474366 892.2193287037038
-5.099866335042229e-09 -243.1126324965001 885.7833537060659
-5.092088225189375e-09 -243.4839844210053 869.249574829932
-5.084310105328005e-09 -243.85647303320974 869.0989642384733
-5.0765319754623806e-09 -244.23010355991448 887.3964755172904
-5.0687538355967654e-09 -244.6048812600154 916.6929888274756
-5.060975685735419e-09 -244.9808114247502 962.8407118055557
-5.053197525882602e-09 -245.35789937794704 995.869801262519
-5.045419356042573e-09 -245.73615047627624 1010.7660848627647
-5.037641176219594e-09 -246.11557010950335 997.5815389089665
-5.029862986417916e-09 -246.4961637007461 976.7471278876135
-5.0220847866418015e-09 -246.87793670673162 947.3126778923377
-5.014306576895503e-09 -247.26089461805805 908.4296756897204
-5.0065283571832745e-09 -247.64504295945753 862.6320352359695
-4.998750127509371e-09 -248.03038729006167 869.1359119602703
-4.9909718878780445e-09 -248.41693320366988 899.8945415839949
-4.983193638293548e-09 -248.80468632902006 896.0292917080028
-4.975415378760129e-09 -249.19365233006178 912.1960735248962
-4.9676371092820405e-09 -249.58383690623197 899.0549783281369
-4.95985882986353e-09 -249.97524579273326 905.5676278758032
-4.952080540508847e-09 -250.36788476081517 885.5223797418274
-4.9443022412222355e-09 -250.76175961805774 875.7643207022394
-4.936523932007944e-09 -251.15687620865748 864.8620670056218
-4.928745612870217e-09 -251.55324041371694 839.7171401112529
-4.9209672838133e-09 -251.95085815153607 830.7280815972223
-4.913188944841433e-09 -252.34973537790717 831.4339192708335
-4.905410595958861e-09 -252.7498780864117 842.8261298008788
-4.8976322371698245e-09 -253.1512923087212 857.0583656639741
-4.889853868478564e-09 -253.55398411489963 869.3400747885961
-4.88207548988932e-09 -253.95795961370982 890.9742779490269
-4.874297101406328e-09 -254.3632249529222 922.1032853245466
-4.866518703033828e-09 -254.76978631962652 954.1826179256426
-4.858740294776058e-09 -255.17764994054684 991.9341621197091
-4.8509618766372516e-09 -255.5868220823596 1080.9400465915535
-4.843183448621643e-09 -255.99730905201415 1228.3662249622073
-4.835405010733469e-09 -256.4091171970569 1334.7429123559148
-4.8276265629769595e-09 -256.82225290595903 1406.6044855442178
-4.8198481053563475e-09 -257.2367226084459 1453.6999613213343
-4.812069637875865e-09 -257.6525327758314 1481.7831234056125
-4.8042911605397415e-09 -258.06968992135427 1464.932076129063
-4.796512673352205e-09 -258.48820060051855 1394.5881164965988
-4.788734176317486e-09 -258.90807141143654 1259.4964318192556
-4.7809556694398105e-09 -259.32930899517584 1159.0015072869428
-4.7731771527234055e-09 -259.7519200361094 1065.3352052626608
-4.7653986261724955e-09 -260.1759112622691 1025.7731784119899
-4.757620089791305e-09 -260.6012894457028 991.7702317472128
-4.749841543584058e-09 -261.0280614028346 969.361543662604
-4.742062987554978e-09 -261.45623399482946 966.4652128212398
-4.734284421708286e-09 -261.8858141279604 965.6493992996506
-4.726505846048202e-09 -262.31680875397996 957.8679308094767
-4.7187272605789475e-09 -262.74922487049537 958.5270735898528
-4.71094866530474e-09 -263.183069521347 963.8696159887568
-4.703170060229797e-09 -263.61834979699114 983.3534255716177
-4.695391445358338e-09 -264.05507283488555 993.257887790533
-4.687612820694576e-09 -264.4932458198806 986.3221091387945
-4.6798341862427296e-09 -264.93287598461234 980.6073362504725
-4.672055542007009e-09 -265.3739706099013 974.7390629428857
-4.664276887991632e-09 -265.81653702515325 981.6482943003591
-4.656498224200808e-09 -266.26058260876664 976.8358415414779
-4.648719550638748e-09 -266.70611478854136 989.3508258338059
-4.640940867309664e-09 -267.15314104209347 994.5816023892197
-4.633162174217767e-09 -267.60166889727344 1013.866803665911
-4.625383471367263e-09 -268.0517059325888 1059.8868944279102
-4.61760475876236e-09 -268.50325977763083 1094.8755085801683
-4.609826036407265e-09 -268.95633811350575 1082.4291715384072
-4.602047304306185e-09 -269.41094867327007 1074.9283005302816
-4.594268562463324e-09 -269.8670992423709 1094.62286824452
-4.586489810882887e-09 -270.32479765909 1087.2489725056691
-4.578711049569074e-09 -270.7840518149933 1066.7228245464853
-4.570932278526092e-09 -271.2448696553834 1036.3376248937077
-4.563153497758138e-09 -271.70725917975903 1019.2637545469578
-4.555374707269415e-09 -272.1712284422769 1035.5622357449927
-4.547595907064121e-09 -272.6367855522201 1037.245728369473
-4.5398170971464536e-09 -273.10393867446976 1060.3903666501324
-4.53203827752061e-09 -273.57269602998315 1080.2150319763323
-4.524259448190791e-09 -274.04306589627515 1086.061013381047
-4.516480609161188e-09 -274.5150566079062 1110.7318461238663
-4.5087017604359986e-09 -274.98867655697404 1130.059907643613
-4.500922902019412e-09 -275.4639341936115 1140.020889432162
-4.4931440339156265e-09 -275.94083802648834 1158.4915098852043
-4.485365156128829e-09 -276.41939662332 1185.8101704223357
-4.477586268663215e-09 -276.8996186113796 1203.7748311130008
-4.469807371522973e-09 -277.38151267801726 1239.917091836735
-4.46202846471229e-09 -277.8650875711836 1258.6041430461075
-4.454249548235357e-09 -278.35035209995885 1273.6536871693124
-4.44647062209636e-09 -278.8373151350882 1283.5276124338625
-4.438691686299486e-09 -279.3259856095218 1294.2486742961075
-4.4309127408489195e-09 -279.8163725189616 1294.7580295138891
-4.423133785748847e-09 -280.3084849224126 1282.4347260605632
-4.4153548210034475e-09 -280.8023319427416 1285.4188810941046
-4.407575846616908e-09 -281.29792276723975 1281.4192413076344
-4.399796862593411e-09 -281.79526664819326 1278.654447456066
-4.392017868937133e-09 -282.294372903459 1296.8362549012663
-4.384238865652256e-09 -282.79525091704585 1290.5936215632087
-4.376459852742961e-09 -283.2979101397033 1275.0986601237719
-4.368680830213421e-09 -283.80236008951584 1294.02912119709
-4.36090179806782e-09 -284.3086103525032 1278.5944438539307
-4.353122756310327e-09 -284.81667058322853 1236.5837585034014
-4.345343704945123e-09 -285.32655050541103 1200.0009226780992
-4.337564643976378e-09 -285.838259912547 1181.2800054917802
-4.329785573408268e-09 -286.3518086685366 1159.4841306748394
-4.322006493244966e-09 -286.86720670831755 1151.6969674154386
-4.314227403490642e-09 -287.38446403850617 1146.1140415367538
-4.306448304149465e-09 -287.9035907380447 1128.2155737729122
-4.298669195225608e-09 -288.4245969588556 1118.8715683756143
-4.290890076723238e-09 -288.9474929265041 1117.571592439059
-4.283110948646526e-09 -289.4722889408661 1117.7401915627363
-4.275331810999634e-09 -289.998995376806 1117.93909881661
-4.2675526637867295e-09 -290.52762268485867 1143.7493578160431
-4.25977350701198e-09 -291.0581813919215 1192.8870892975247
-4.2519943406795485e-09 -291.59068210195323 1261.7122986347317
-4.244215164793595e-09 -292.12513549668034 1299.5737153368293
-4.236435979358288e-09 -292.6615523363105 1355.6768766534394
-4.2286567843777825e-09 -293.1999434602561 1388.5608288454273
-4.220877579856245e-09 -293.740319787863 1409.9361728198226
-4.213098365797829e-09 -294.2826923191496 1408.6247150770032
-4.205319142206699e-09 -294.82707213555256 1396.63849914966
-4.197539909087009e-09 -295.3734704006823 1419.6074041595807
-4.189760666442917e-09 -295.9218983610854 1443.3907903439156
-4.181981414278576e-09 -296.47236734701664 1430.3694255479973
-4.174202152598148e-09 -297.0248887732186 1452.492766203704
-4.166422881405779e-09 -297.5794741397118 1499.0453972387568
-4.158643600705627e-09 -298.13613503259126 1564.033956030329
-4.150864310501844e-09 -298.69488312483435 1565.5208997661566
-4.143085010798581e-09 -299.25573017711616 1530.1079090490364
-4.135305701599984e-09 -299.818688038635 1509.7417756164969
-4.127526382910209e-09 -300.3837686479462 1497.4527219742065
-4.1197470547334e-09 -300.9509840338069 1515.4704772534017
-4.111967717073707e-09 -301.5203463160288 1663.6487342332769
-4.104188369935276e-09 -302.09186770634193 1852.1615321475815
-4.096409013322252e-09 -302.6655605092674 1912.5094629865837
-4.088629647238781e-09 -303.2414371230005 1835.0418010085982
-4.080850271689007e-09 -303.8195100403037 1900.1064549083524
-4.0730708866770715e-09 -304.3997918494105 1917.2806831065761
-4.065291492207118e-09 -304.98229523493836 1884.0345760700116
-4.0575120882832875e-09 -305.56703297881364 1754.8945563468444
-4.049732674909721e-09 -306.1540179612062 1689.7853186413456
-4.041953252090555e-09 -306.7432631614754 1697.7156926138514
-4.0341738198299304e-09 -307.3347816591261 1655.778208852986
-4.026394378131984e-09 -307.92858663477716 1700.607358394747
-4.0186149270008535e-09 -308.52469137113997 1688.1996483489231
-4.0108354664406704e-09 -309.1231092540092 1642.624369626323
-4.003055996455577e-09 -309.7238537732639 1479.959380019369
-3.995276517049701e-09 -310.3269385238826 1322.8674251818784
-3.987497028227178e-09 -310.93237720696743 1240.8896905116214
-3.979717529992137e-09 -311.54018363078245 1251.8486483134923
-3.971938022348714e-09 -312.1503717118029 1284.2223004653251
-3.964158505301034e-09 -312.7629554757781 1371.9292018022488
-3.956378978853232e-09 -313.37794905880486 1466.9428205309903
-3.9485994430094305e-09 -313.99536670841627 1506.445319881425
-3.940819897773759e-09 -314.61522278468084 1525.4694143282316
-3.9330403431503465e-09 -315.23753176131595 1530.329447751323
-3.925260779143316e-09 -315.8623082268151 1493.9523839049511
-3.917481205756794e-09 -316.4895668855869 1454.6491534982051
-3.909701622994902e-09 -317.11932255910955 1408.8824449050455
-3.901922030861765e-09 -317.7515901870974 1398.2003864914022
-3.894142429361503e-09 -318.3863848286831 1453.3807146990744
-3.886362818498238e-09 -319.02372166361243 1541.4028914517198
-3.8785831982760926e-09 -319.66361599345475 1579.3474894298
-3.870803568699181e-09 -320.3060832428277 1585.4894991850908
-3.863023929771626e-09 -320.9511389606357 1628.3032318830312
-3.855244281497543e-09 -321.59879882132566 1660.6084656084658
-3.847464623881048e-09 -322.24907862615515 1663.3617813444826
-3.839684956926258e-09 -322.9019943044785 1637.0861899447282
-3.831905280637288e-09 -323.5575619150469 1612.3064738048
-3.824125595018249e-09 -324.2157976473254 1716.6153657643615
-3.816345900073256e-09 -324.876717822825 1882.659062322846
-3.808566195806421e-09 -325.5403388964523 1972.1664629393426
-3.800786482221855e-09 -326.2066774578746 2144.666743433485
-3.793006759323666e-09 -326.87575023290276 2345.5199992323323
-3.785227027115968e-09 -327.5475740848897 2264.376653439154
-3.7774472856028635e-09 -328.222166016149 2240.2992577239233
-3.769667534788464e-09 -328.89954316938685 2143.627180472884
-3.761887774676873e-09 -329.579722829156 1994.5231821027025
-3.7541080052722e-09 -330.2627224233249 1834.6214657738099
-3.7463282265785444e-09 -330.94855952456686 1620.902423469388
-3.738548438600014e-09 -331.6372518518663 1429.5371994283826
-3.730768641340711e-09 -332.3288172720454 1361.9721838388134
-3.7229888348047362e-09 -333.0232738013091 1340.0130872661566
-3.7152090189961917e-09 -333.72063960680896 1345.7467713647961
-3.7074291939191766e-09 -334.4209330082282 1370.6887976544785
-3.699649359577791e-09 -335.12417247938515 1370.1060194042898
-3.6918695159761335e-09 -335.8303766498581 1383.457429846939
-3.6840896631182992e-09 -336.5395643066307 1414.6371291572186
-3.676309801008388e-09 -337.2517543957568 1416.9824735449738
-3.668529929650492e-09 -337.96696602404893 1416.5856998181218
-3.6607500490487065e-09 -338.685218460786 1449.0079512707862
-3.6529701592071304e-09 -339.4065311394439 1488.8922179114704
-3.64519026012985e-09 -340.13092365944937 1549.591666961924
-3.637410351820959e-09 -340.85841578795345 1617.6211513251135
-3.6296304342845495e-09 -341.5890274616304 1708.483353410809
-3.6218505075247123e-09 -342.32277878849885 1805.9438701695958
-3.614070571545534e-09 -343.0596900497668 1903.5785885534772
-3.606290626351107e-09 -343.79978170169915 1982.0779744189344
-3.5985106719455136e-09 -344.54307437751214 2052.7832326506996
-3.5907307083328453e-09 -345.2895888892892 2125.8969464521924
-3.582950735517182e-09 -346.03934622992494 2184.8899429563494
-3.5751707535026152e-09 -346.79236757509113 2161.249335671769
-3.5673907622932223e-09 -347.5486742852325 2158.861865492725
-3.55961076189309e-09 -348.30828790758443 2094.4851899092973
-3.5518307523063e-09 -349.07123017822045 2073.0365557681407
-3.544050733536933e-09 -349.8375230241251 1997.5165343915346
-3.5362707055890688e-09 -350.6071885652947 1900.8801463293653
-3.528490668466786e-09 -351.38024911686546 1850.4106434240366
-3.5207106221741634e-09 -352.1567271912703 1803.9750227347886
-3.5129305667152795e-09 -352.93664550042405 1767.3212883243577
-3.505150502094211e-09 -353.72002695793805 1691.8571960034017
-3.497370428315032e-09 -354.5068946813641 1617.0786092214666
-3.489590345381816e-09 -355.2972719944685 1606.303840112434
-3.4818102532986413e-09 -356.0911824295357 1600.6725142313871
-3.4740301520695777e-09 -356.8886497297053 1609.0948158777403
-3.4662500416986992e-09 -357.6896978513377 1615.6846862008695
-3.4584699221900736e-09 -358.4943509664139 1644.1369490504537
-3.450689793547774e-09 -359.3026334649658 1689.6831006708242
-3.4429096557758684e-09 -360.11456995754156 1705.3968623039495
-3.4351295088784266e-09 -360.9301852777027 1689.337007806595
-3.4273493528595133e-09 -361.7495044845565 1721.3311735284394
-3.4195691877231993e-09 -362.57255286532154 1765.0720131802723
-3.411789013473547e-09 -363.3993559379305 1809.8397640306125
-3.4040088301146233e-09 -364.2299394536662 1948.8714096749814
-3.3962286376504895e-09 -365.06432939983597 2296.627183425454
-3.3884484360852117e-09 -365.90255200248095 2950.1812139786475
-3.3806682254228497e-09 -366.7446337291251 3404.729706986962
-3.3728880056674674e-09 -367.59060129155984 3427.110954624906
-3.365107776823121e-09 -368.4404816486696 3523.101748511905
-3.357327538893875e-09 -369.29430200929403 3578.002261668557
-3.3495472918837823e-09 -370.15208983513367 3466.3066745795545
-3.3417670357969052e-09 -371.01387284369196 2999.275690310847
-3.3339867706372974e-09 -371.8796790112627 2365.076678240741
-3.326206496409017e-09 -372.7495365759557 1926.3708413052723
-3.3184262131161184e-09 -373.6234740407681 1807.5392027470714
-3.310645920762654e-09 -374.50152017669694 1785.6271110874907
-3.302865619352678e-09 -375.3837040258963 1796.0065532289307
-3.295085308890244e-09 -376.2700549048796 1836.2004115882467
-3.2873049893794012e-09 -377.1606024077674 1865.674758184524
-3.279524660824201e-09 -378.0553764095803 1879.9236834490744
-3.2717443232286922e-09 -378.9544070695803 1894.735589982521
-3.263963976596925e-09 -379.85772483465905 1893.6585146211264
-3.2561836209329454e-09 -380.7653604427754 1902.393943688587
-3.2484032562408026e-09 -381.67734492644087 1898.8128011621318
-3.2406228825245386e-09 -382.593709616258 1909.1451645762475
-3.2328424997882043e-09 -383.5144861445063 1926.348623216648
-3.2250621080358358e-09 -384.43970644878436 1903.575864807729
-3.2172817072714834e-09 -385.3694027756995 1887.3633845899474
-3.2095012974991862e-09 -386.30360768461685 1850.9211575255104
-3.2017208787229876e-09 -387.2423540514586 1814.646171402589
-3.193940450946926e-09 -388.1856750725616 1804.901531793273
-3.1861600141750435e-09 -389.13360426858935 1751.7239981930275
-3.1783795684113768e-09 -390.0861754885035 1657.9826639857333
-3.170599113659963e-09 -391.0434229135925 1563.649265695862
-3.1628186499248416e-09 -392.00538106155943 1496.7587204152496
-3.155038177210048e-09 -392.97208479067206 1440.1672483229404
-3.1472576955196157e-09 -393.9435693039731 1388.2255940570674
-3.1394772048575817e-09 -394.9198701535526 1359.1275082081445
-3.1316967052279775e-09 -395.901023244886 1384.9455693735829
-3.123916196634837e-09 -396.88706484123486 1524.7890684051401
-3.11613567908219e-09 -397.87803156811543 1793.73775421627
-3.1083551525740685e-09 -398.8739604178324 2058.109019215325
-3.1005746171145005e-09 -399.87488875408303 2294.1230645904197
-3.092794072707518e-09 -400.8808543166284 2582.751928028156
-3.0850135193571465e-09 -401.8918952260384 2901.267243008315
-3.0772329570674157e-09 -402.90804998850535 3235.4673327664404
-3.069452385842348e-09 -403.9293575007339 3322.5327292375287
-3.0616718056859717e-09 -404.95585705490276 3340.2759176587306
-3.0538912166023107e-09 -405.98758834370466 3354.3764467592596
-3.0461106185953905e-09 -407.0245914654619 3270.454415273054
-3.0383300116692286e-09 -408.0669069293225 3085.317740811603
-3.0305493958278522e-09 -409.11457566053235 2827.149795682162
-3.0227687710752777e-09 -410.16763900579474 2578.850712159864
-3.0149881374155293e-09 -411.22613873870705 2388.1128501747926
-3.007207494852624e-09 -412.2901170652862 2199.865362811792
-2.9994268433905797e-09 -413.3596166295777 2086.5188462537794
-2.9916461830334153e-09 -414.4346805193527 2085.1375307067274
-2.9838655137851438e-09 -415.5153522718955 2277.8115330333526
-2.9760848356497835e-09 -416.6016758798791 2809.129095214475
-2.9683041486313514e-09 -417.6936957973361 3337.588547571807
-2.960523452733854e-09 -418.79145694572344 3412.615401195201
-2.952742747961313e-09 -419.895004720079 3671.1617181594866
-2.944962034317732e-09 -421.00438499528303 4052.5601881377556
-2.93718131180713e-09 -422.11964413241117 4386.346357119237
-2.929400580433512e-09 -423.2408289851961 4106.973866803666
-2.921619840200888e-09 -424.3679869065867 3833.304457199547
-2.9138390911132687e-09 -425.5011657554149 3864.2066739890406
-2.9060583331746592e-09 -426.6404139031705 4257.3988006661
-2.8982775663890652e-09 -427.7857802408832 4216.145907147582
-2.8904967907604977e-09 -428.9373141861156 4024.3385209986777
-2.8827160062929545e-09 -430.09506569007345 4056.8912391345434
-2.8749352129904456e-09 -431.2590852448245 4125.689779383976
-2.8671544108569727e-09 -432.4294238906422 3964.7159184854504
-2.859373599896535e-09 -433.60613322346455 3557.2148998488287
-2.8515927801131356e-09 -434.78926540247596 3170.0619744425553
-2.843811951510776e-09 -435.9788731578148 3074.6374982284583
-2.836031114093456e-09 -437.17500979840725 3053.3159722222226
-2.8282502678651707e-09 -438.37772921993076 2898.0116656037417
-2.820469412829923e-09 -439.58708591290724 2759.9945820342027
-2.812688548991705e-09 -440.8031349709352 2714.2998423327667
-2.8049076763545166e-09 -442.0259320990531 2681.04546071901
-2.797126794922351e-09 -443.2555336222478 2597.629484953704
-2.789345904699201e-09 -444.4919964941018 2459.9489279218633
-2.7815650056890625e-09 -445.7353783055862 2387.7069308626233
-2.773784097895929e-09 -446.9857372940035 2359.8944825325966
-2.7660031813237866e-09 -448.2431323520807 2380.7382458191614
-2.7582222559766305e-09 -449.50762303721297 2479.7390961592973
-2.7504413218584486e-09 -450.77926958087016 2787.0617500472413
-2.742660378973232e-09 -452.05813289815825 3283.474023289872
-2.7348794273249667e-09 -453.34427459754795 3563.3165479733566
-2.727098466917642e-09 -454.6377569907664 3660.3789771116785
-2.7193174977552408e-09 -455.938643102862 3852.7574198082016
-2.7115365198417506e-09 -457.2469966824395 3952.3541873346567
-2.7037555331811546e-09 -458.56288221207444 3963.3180685468637
-2.6959745377774394e-09 -459.886364918906 3734.192693570484
-2.688193533634583e-09 -461.2175107854162 3520.5167587868486
-2.680412520756574e-09 -462.55638656039264 3533.2598733938025
-2.672631499147385e-09 -463.90305977008995 3608.4498565051026
-2.6648504688110037e-09 -465.2575987295767 3534.6947042705974
-2.6570694297514036e-09 -466.6200725542932 3524.9643477182544
-2.6492883819725655e-09 -467.99055117180274 3547.976190476191
-2.6415073254784664e-09 -469.3691053337575 3479.4715933248303
-2.6337262602730842e-09 -470.7558066280732 3301.9609935988287
-2.6259451863603928e-09 -472.1507274913219 3079.950854473734
-2.618164103744367e-09 -473.5539412213446 2945.321962986584
-2.6103830124289805e-09 -474.96552199009 2933.160903250189
-2.6026019124182085e-09 -476.3855448566834 3068.443095119993
-2.59482080371602e-09 -477.814085780732 3360.792661682729
-2.5870396863263902e-09 -479.25122163586764 3743.2389101473927
-2.5792585602532846e-09 -480.69703022353883 3992.0561549272493
-2.5714774255006783e-09 -482.1515902870474 4096.392299107143
-2.563696282072535e-09 -483.61498152584807 4376.816657218444
-2.555915129972824e-09 -485.08728461010253 4577.454500897582
-2.548133969205512e-09 -486.5685811955041 4625.474241780046
-2.540352799774567e-09 -488.0589539383738 4466.706659226191
-2.5325716216839497e-09 -489.55848651103594 4153.886910667045
-2.524790434937629e-09 -491.0672636174744 4039.953113189721
-2.5170092395395624e-09 -492.58537100928527 3919.5619272014364
-2.509228035493721e-09 -494.11289550191896 3647.6376045209754
-2.5014468228040577e-09 -495.649924991235 3304.926643400416
-2.493665601474541e-09 -497.19654847035537 2959.3815251795168
-2.4858843715091206e-09 -498.75285604684666 2777.9907171201817
-2.478103132911766e-09 -500.31893896021296 2757.835087159864
-2.4703218856864286e-09 -501.894889599733 2760.2426274329177
-2.462540629837067e-09 -503.48080152262423 2777.376213506236
-2.4547593653676395e-09 -505.07676947255817 2750.9590389975438
-2.4469780922821013e-09 -506.6828893985286 2738.3772675736964
-2.4391968105844023e-09 -508.2992584740807 2743.7753921012854
-2.4314155202785e-09 -509.9259751169064 2791.7749226426686
-2.423634221368347e-09 -511.56313900882225 2848.7021388416483
-2.415852913857897e-09 -513.2108511161301 2897.808720710507
-2.408071597751095e-09 -514.8692137103757 3056.287881472034
-2.400290273051899e-09 -516.5383303895039 3378.2095911281185
-2.392508939764251e-09 -518.2183060994388 3826.509058484505
-2.3847275978921035e-09 -519.9092471560732 4251.6640979308395
-2.376946247439402e-09 -521.6112612677006 4614.5910985922155
-2.3691648884100954e-09 -523.3244575578825 4781.245512093727
-2.3613835208081264e-09 -525.0489465887729 4846.243991520219
-2.3536021446374428e-09 -526.7848403849003 4931.439746905708
-2.3458207599019875e-09 -528.5322524574286 4968.548782360167
-2.3380393666057043e-09 -530.2912978288983 4766.401865433674
-2.330257964752533e-09 -532.0620930584663 4509.356443098073
-2.3224765543464186e-09 -533.8447562676496 4387.898065476191
-2.3146951353912968e-09 -535.6394071665945 4387.4913784958435
-2.3069137078911117e-09 -537.4461670808694 4497.306089970711
-2.2991322718498e-09 -539.2651589788097 4563.965020904196
-2.2913508272713005e-09 -541.0965074994143 4365.708011503213
-2.283569374159548e-09 -542.9403389808158 4164.4407094435
-2.2757879125184825e-09 -544.7967814893318 4055.3466612339384
-2.268006442352034e-09 -546.6659648491199 3939.1945241638327
-2.260224963664142e-09 -548.5480206724362 3664.2440682870374
-2.2524434764587355e-09 -550.443082390533 3273.2332412131523
-2.244661980739752e-09 -552.3512852851865 2980.1698170587683
-2.2368804765111188e-09 -554.2727665208944 2834.699457908164
-2.2290989637767694e-09 -556.207665177739 2878.5209396258506
-2.221317442540633e-09 -558.1561222849466 3063.220117039872
-2.2135359128066358e-09 -560.1182808551529 3237.821151029857
-2.205754374578712e-09 -562.0942859193912 3323.7557870370374
-2.1979728278607856e-09 -564.0842845628313 3354.3119626322755
-2.1901912726567833e-09 -566.0884259612724 3401.602964970711
-2.1824097089706302e-09 -568.106861418421 3406.409025415722
-2.174628136806249e-09 -570.1397444039691 3261.2960158021547
-2.1668465561675703e-09 -572.1872305924891 3041.295499102419
-2.159064967058512e-09 -574.2494779031788 2844.147770219199
-2.1512833694829964e-09 -576.3266465404589 2811.496273856765
-2.1435017634449453e-09 -578.418899035461 2783.199301421958
-2.1357201489482793e-09 -580.5264002884207 2761.8692424886626
-2.1279385259969213e-09 -582.6493176120015 2731.5694533021547
-2.1201568945947826e-09 -584.7878207755755 2725.947376346372
-2.112375254745787e-09 -586.9420820504748 2708.147528108466
-2.104593606453849e-09 -589.1122762562582 2678.3310450916483
-2.096811949722886e-09 -591.2985808079983 2565.7416191302914
-2.089030284556811e-09 -593.5011757646337 2412.405517762661
-2.081248610959537e-09 -595.7202438783988 2332.64135428477
-2.0734669289349827e-09 -597.9559706453712 2276.3373148738665
-2.0656852384870606e-09 -600.2085443571614 2213.6205888605446
-2.057903539619676e-09 -602.4781561537774 2203.9409131708244
-2.0501218323367435e-09 -604.765000077685 2204.678059157691
-2.0423401166421744e-09 -607.0692731291139 2164.8728918650795
-2.034558392539878e-09 -609.3911753226287 2120.8992568381523
-2.026776660033757e-09 -611.7309097450056 2105.275681453137
-2.0189949191277243e-09 -614.0886826144412 2091.543256625567
-2.0112131698256857e-09 -616.4647033411446 2049.0771964167616
-2.0034314121315463e-09 -618.8591845893378 1997.334811094577
-1.9956496460492056e-09 -621.2723423407078 1957.979202097506
-1.987867871582577e-09 -623.7043959593422 1940.434669961735
-1.9800860887355573e-09 -626.1555682582125 1917.1882455239042
-1.972304297512051e-09 -628.626085567214 1908.1569172808015
-1.9645224979159562e-09 -631.116177802834 1898.8876340466745
-1.9567406899511756e-09 -633.6260785394771 1859.7009046674227
-1.9489588736216105e-09 -636.1560250825021 1840.0392322727705
-1.9411770489311573e-09 -638.7062585430169 1828.6788873535527
-1.9333952158837112e-09 -641.2770239144771 1818.9741000566896
-1.925613374483176e-09 -643.86857015114 1789.7519546012852
-1.917831524733442e-09 -646.4811502484396 1764.7789041832013
-1.910049666638407e-09 -649.1150213253119 1755.5087573223736
-1.902267800201964e-09 -651.7704447085528 1748.8413598946524
-1.894485925428007e-09 -654.4476860192489 1748.8670398715044
-1.886704042320428e-09 -657.1470152613507 1752.5615537013418
-1.8789221508831206e-09 -659.8687069124448 1746.4167242417802
-1.8711402511199727e-09 -662.613040016795 1775.131079341459
-1.863358343034878e-09 -665.3802982807089 1764.4689212490555
-1.8555764266317238e-09 -668.170770170312 1773.7882431618484
-1.8477945019143948e-09 -670.9847490117893 1737.5700792469768
-1.840012568886784e-09 -673.8225330941649 1699.6142172146638
-1.832230627552778e-09 -676.6844257747134 1689.8150214947093
-1.8244486779162565e-09 -679.5707355870627 1659.70384247449
-1.8166667199811109e-09 -682.4817763520686 1605.169964687264
-1.8088847537512206e-09 -685.4178672915677 1536.7259173634734
-1.8011027792304709e-09 -688.3793331450648 1503.6026224726004
-1.7933207964227427e-09 -691.3665042894669 1475.2416014148716
-1.7855388053319182e-09 -694.3797168619459 1437.370743870465
-1.7777568059618779e-09 -697.4193128860289 1416.2020576459752
-1.7699747983165048e-09 -700.4856404010151 1408.2761125283448
-1.7621927823996688e-09 -703.5790535948273 1390.0423989040062
-1.7544107582152547e-09 -706.6999129403845 1364.4344278510016
-1.7466287257671405e-09 -709.848585335639 1348.0449484481294
-1.7388466850591983e-09 -713.0254442473658 1330.750816385582
-1.7310646360953036e-09 -716.2308698588278 1320.382479597742
-1.7232825788793326e-09 -719.4652492214456 1304.5106336805557
-1.7155005134151617e-09 -722.7289764105975 1283.2042912651173
-1.7077184397066593e-09 -726.0224526856819 1259.9685625118104
-1.6999363577576971e-09 -729.346086654567 1239.1593885818218
-1.692154267572149e-09 -732.7002944425874 1228.7227662332295
-1.6843721691538821e-09 -736.0854998662259 1228.734063503874
-1.6765900625067691e-09 -739.5021346116255 1197.833883987623
-1.6688079476346747e-09 -742.9506384181082 1184.0588978647015
-1.661025824541468e-09 -746.4314592668402 1185.8987179941423
-1.6532436932310157e-09 -749.9450535748364 1146.458355477608
-1.645461553707187e-09 -753.4918863944642 1113.0756773195392
-1.6376794059738408e-09 -757.0724316186454 1107.759645307776
-1.6298972500348459e-09 -760.6871721919205 1086.3803559618293
-1.622115085894061e-09 -764.3366003276092 1058.4935803748583
-1.6143329135553551e-09 -768.0212177312337 1043.0158693251608
-1.6065507330225832e-09 -771.7415358304567 1022.7474032147583
-1.5987685442996116e-09 -775.498076011712 1008.644393955499
-1.5909863473902948e-09 -779.291369863805 1007.1463153403724
-1.5832041422984943e-09 -783.1219594286767 977.1321872933203
-1.57542192902807e-09 -786.9903974596151 955.9461842462681
-1.5676397075828754e-09 -790.8972476871561 939.7575091234412
-1.559857477966768e-09 -794.8430850929374 926.4981671922243
-1.5520752401836074e-09 -798.8284961917977 921.793165834042
-1.5442929942372425e-09 -802.8540793224133 898.4208401242443
-1.536510740131533e-09 -806.9204449467485 893.8367981741309
-1.5287284778703245e-09 -811.0282159586778 881.2105499751985
-1.5209462074574748e-09 -815.1780280020587 865.3722083451437
-1.5131639288968305e-09 -819.3705297986445 859.3934092734318
-1.5053816421922477e-09 -823.6063834861471 826.608951306217
-1.4975993473475712e-09 -827.8862649668642 829.2056147545825
-1.489817044366654e-09 -832.2108642672106 832.5944268766535
-1.4820347332533389e-09 -836.5808859086003 829.5254924886623
-1.4742524140114772e-09 -840.997049290056 805.9040916713909
-1.4664700866449132e-09 -845.4600890830213 791.6474343643708
-1.4586877511574907e-09 -849.9707556388 775.7519235993009
-1.4509054075530564e-09 -854.5298154091112 766.4105681335035
-1.4431230558354534e-09 -859.1380513802578 750.5784453538361
-1.4353406960085214e-09 -863.7962635214195 738.6501514668369
-1.4275583280761059e-09 -868.5052692476016 748.9791268069729
-1.4197759520420463e-09 -873.2659038978263 734.4816763510961
-1.4119935679101842e-09 -878.0790212291248 717.9444835659959
-1.4042111756843563e-09 -882.9454939269694 702.0821892124907
-1.3964287753684028e-09 -887.866214132763 714.2972182362529
-1.3886463669661618e-09 -892.8420939890786 714.0402265506898
-1.3808639504814689e-09 -897.874066203333 719.4954980690194
-1.3730815259181592e-09 -902.9630846306308 724.5008606741309
-1.3652990932800688e-09 -908.1101248765431 735.1739838730632
-1.3575166525710306e-09 -913.3161849206273 770.6754077499056
-1.3497342037948786e-09 -918.5822857615123 810.2431293698036
-1.3419517469554466e-09 -923.9094720844367 893.3592753507654
-1.3341692820565648e-09 -929.2988129521549 985.2794976497545
-1.3263868091020633e-09 -934.7514025201608 1132.7460228883222
-1.3186043280957738e-09 -940.2683607772454 1313.9455191798943
-1.3108218390415203e-09 -945.8508343124441 1126.9645883527023
-1.3030393419431385e-09 -951.4999971094488 723.3389247626135
