string
20201020_p6.5_degreeper_secondprocessedoffset angle 0.07179177039474219 in rad by: offset_angle in degree:_5.47offset 0th. order in px_-147
nm eV  counts
7.173011645698373e-09 172.8481691279454 6824.142055860806
7.180797142968122e-09 172.6607652893417 10829.444762413514
7.1885825524726025e-09 172.47376948685599 14324.511027167278
7.196367874208709e-09 172.28718038941605 14731.388761701262
7.204153108173329e-09 172.10099667173318 15097.981150793652
7.211938254363359e-09 171.91521701427027 15506.038232600733
7.219723312775683e-09 171.72984010321122 15840.234661172162
7.227508283407197e-09 171.54486463042934 16064.382504070005
7.2352931662547855e-09 171.36028929345727 16202.472273097274
7.243077961315337e-09 171.17611279545582 16296.092923280425
7.250862668585742e-09 170.99233384518394 16221.484025234025
7.258647288062885e-09 170.8089511569684 16095.960775335776
7.2664318197436554e-09 170.62596345067385 15981.515313390315
7.274216263624938e-09 170.44336945167308 15934.713191900693
7.282000619703618e-09 170.26116789081743 16022.844424094425
7.289784887976581e-09 170.07935750440726 16180.97285816036
7.297569068440712e-09 169.89793703416282 16310.331832519334
7.305353161092893e-09 169.71690522719533 16286.22112840863
7.3131371659300094e-09 169.5362608359779 16330.17818986569
7.3209210829489426e-09 169.35600261831715 16447.05420736671
7.328704912146574e-09 169.1761293373245 16375.787418599919
7.336488653519789e-09 168.99663976138802 16198.533145095646
7.3442723070654635e-09 168.81753266414432 16073.021342083843
7.3520558727804795e-09 168.63880682445054 16070.226393976394
7.3598393506617175e-09 168.46046102635665 16105.84885022385
7.3676227407060574e-09 168.28249405907792 16053.431903744404
7.375406042910376e-09 168.1049047169674 16051.164911477412
7.383189257271552e-09 167.92769179948888 16055.852029914531
7.3909723837864635e-09 167.75085411118962 16067.355006105006
7.398755422451987e-09 167.57439046167366 15885.762235449736
7.406538373264999e-09 167.39829966557497 15725.638100325601
7.414321236222373e-09 167.2225805425311 15485.723697598698
7.4221040113209885e-09 167.04723191715647 15268.730031542533
7.429886698557716e-09 166.8722526190166 15065.80865893366
7.437669297929432e-09 166.6976414826017 14827.78203856329
7.445451809433008e-09 166.52339734730106 14618.448883292634
7.453234233065318e-09 166.34951905737708 14431.8408501221
7.461016568823234e-09 166.17600546193998 14247.045876577127
7.468798816703626e-09 166.00285541492224 13989.628230565731
7.476580976703368e-09 165.83006777505338 13765.695525539277
7.48436304881933e-09 165.65764140583497 13498.435337810339
7.49214503304838e-09 165.48557517551572 13293.681891025642
7.499926929387387e-09 165.31386795706658 13146.602373321124
7.507708737833223e-09 165.14251862815624 12992.12040852666
7.515490458382752e-09 164.97152607112673 12778.462174399676
7.523272091032846e-09 164.80088917296897 12640.506715506715
7.531053635780368e-09 164.63060682529874 12488.451363451364
7.538835092622185e-09 164.46067792433274 12307.366007834758
7.546616461555163e-09 164.29110137086454 12108.356863044364
7.55439774257617e-09 164.121876070241 11953.592541717542
7.562178935682068e-09 163.95300093233874 11805.020667989418
7.56996004086972e-09 163.78447487154077 11681.104370166871
7.577741058135992e-09 163.61629680671305 11535.120891839642
7.585521987477745e-09 163.44846566118161 11390.306267806269
7.593302828891843e-09 163.28098036270936 11333.274572649572
7.601083582375147e-09 163.11383984347336 11251.893887362638
7.608864247924517e-09 162.94704304004216 11174.77277930403
7.616644825536815e-09 162.78058889335324 11041.0254502442
7.624425315208901e-09 162.61447634869043 11002.682514245014
7.632205716937631e-09 162.448704355662 10928.33148911274
7.63998603071987e-09 162.28327186817796 10855.66620879121
7.647766256552469e-09 162.11817784442877 10753.48118894994
7.65554639443229e-09 161.9534212468628 10731.0951490639
7.66332644435619e-09 161.78900104216504 10650.907102157104
7.671106406321025e-09 161.62491620123524 10651.8908984534
7.67888628032365e-09 161.46116569916666 10623.601381257631
7.68666606636092e-09 161.2977485152246 10596.598748473749
7.69444576442969e-09 161.13466363282518 10511.619416463167
7.702225374526815e-09 160.97191003951426 10422.426676332927
7.710004896649147e-09 160.80948672694663 10368.689013532765
7.717784330793541e-09 160.64739269086496 10253.224206349207
7.725563676956847e-09 160.4856269310794 10146.923776455027
7.733342935135917e-09 160.32418845144667 10100.97978988604
7.741122105327603e-09 160.16307625984987 10045.747036528286
7.748901187528755e-09 160.00228936817805 10049.324061355312
7.756680181736223e-09 159.84182679230605 10042.332875457876
7.764459087946858e-09 159.68168755207435 10012.408742877493
7.772237906157506e-09 159.52187067126928 10043.308150183151
7.780016636365017e-09 159.36237517760296 10071.850007631258
7.787795278566239e-09 159.20320010269373 10066.264626577127
7.795573832758017e-09 159.0443444820466 10097.79532967033
7.803352298937197e-09 158.88580735503365 10081.819355413107
7.81113067710063e-09 158.72758776487458 10078.63941035816
7.818908967245154e-09 158.56968475861785 10111.83697089947
7.826687169367617e-09 158.41209738712115 10120.910790598291
7.834465283464865e-09 158.25482470503243 10102.132936507936
7.84224330953374e-09 158.0978657707713 10095.587861212862
7.850021247571084e-09 157.94121964650992 10122.6155499593
7.857799097573737e-09 157.78488539815456 10202.11513024013
7.865576859538545e-09 157.62886209532672 10334.244632682134
7.873354533462349e-09 157.47314881134503 10501.845492470493
7.881132119341984e-09 157.31774462320675 10707.511955636955
7.888909617174297e-09 157.16264861156938 10945.236123829874
7.896687026956126e-09 157.00785986073282 11187.758890415142
7.904464348684304e-09 156.8533774586213 11383.354255698006
7.912241582355674e-09 156.69920049676517 11540.137871387871
7.920018727967073e-09 156.54532807028346 11712.64155982906
7.927795785515337e-09 156.3917592778659 11907.907064000814
7.935572754997303e-09 156.23849322175556 12134.735131766382
7.943349636409807e-09 156.08552900773125 12236.242305148555
7.951126429749683e-09 155.93286574509003 12294.042976699227
7.958903135013767e-09 155.7805025466301 12386.540051383801
7.966679752198892e-09 155.6284385286335 12470.793777981278
7.974456281301889e-09 155.47667281084912 12573.227386039887
7.982232722319596e-09 155.3252045164755 12681.635632885633
7.99000907524884e-09 155.17403277214436 12882.539555352056
7.997785340086459e-09 155.02315670790324 12944.64521011396
8.005561516829279e-09 154.87257545719942 13025.006613756614
8.013337605474131e-09 154.7222881568629 12952.006512006512
8.021113606017844e-09 154.57229394709015 13060.180987993488
8.02888951845725e-09 154.42259197142744 13077.278311965812
8.036665342789175e-09 154.27318137675488 12864.876437220188
8.044441079010452e-09 154.12406131326995 12589.792111823363
8.052216727117902e-09 153.97523093447165 12390.108745421247
8.059992287108352e-09 153.8266893971442 12259.725592694344
8.067767758978635e-09 153.67843586134117 12108.509806166057
8.075543142725568e-09 153.53046949037 11832.323717948719
8.083318438345985e-09 153.3827894507756 11571.27015923891
8.091093645836703e-09 153.23539491232546 11388.854739010989
8.098868765194549e-09 153.0882850479935 11277.286134004884
8.106643796416348e-09 152.9414590339449 11154.610297110297
8.114418739498918e-09 152.79491604952065 11056.631944444445
8.122193594439087e-09 152.6486552772222 11019.99166921042
8.129968361233668e-09 152.50267590269647 11063.061914936916
8.137743039879493e-09 152.3569771147203 11118.366974460725
8.145517630373371e-09 152.21155810518613 11157.740257427758
8.15329213271213e-09 152.0664180690862 11131.669146825398
8.161066546892585e-09 151.9215562044985 11057.118691493692
8.168840872911558e-09 151.77697171257137 10950.470912189663
8.176615110765862e-09 151.6326637975093 10760.65329924705
8.184389260452319e-09 151.488631666558 10510.014817358568
8.192163321967742e-09 151.34487452999005 10305.36789021164
8.199937295308948e-09 151.2013916010904 10149.495637464388
8.207711180472754e-09 151.05818209614205 9944.506321225072
8.215484977455973e-09 150.9152452344118 9814.723366910868
8.223258686255421e-09 150.77258023813602 9718.840684778184
8.23103230686791e-09 150.63018633250653 9674.543142043143
8.238805839290255e-09 150.48806274565666 9653.468152218153
8.24657928351927e-09 150.3462087086472 9577.149152930404
8.254352639551759e-09 150.20462345545275 9546.079314204315
8.262125907384543e-09 150.06330622294746 9552.964171245421
8.269899087014427e-09 149.92225625089196 9576.0516508954
8.277672178438223e-09 149.78147278191918 9620.884653540905
8.28544518165274e-09 149.64095506152114 9645.872825091576
8.293218096654786e-09 149.50070233803524 9638.873562779812
8.300990923441172e-09 149.36071386263106 9593.396036833537
8.3087636620087e-09 149.22098888929693 9511.754235347986
8.316536312354184e-09 149.0815266748266 9408.82802960928
8.324308874474429e-09 148.94232647880622 9313.159785816037
8.332081348366237e-09 148.80338756360123 9191.986543549045
8.339853734026419e-09 148.66470919434315 9058.919541107041
8.347626031451772e-09 148.5262906389169 8971.700752950754
8.355398240639106e-09 148.38813116794762 8904.790267602768
8.363170361585224e-09 148.25023005478803 8844.789377289379
8.370942394286929e-09 148.1125865755058 8788.023885836386
8.37871433874102e-09 147.9752000088706 8726.852551383801
8.386486194944301e-09 147.83806963634174 8643.83864977615
8.394257962893573e-09 147.70119474205558 8562.21955128205
8.402029642585636e-09 147.56457461281298 8469.148160866911
8.409801234017293e-09 147.42820853806697 8375.666272385022
8.417572737185338e-09 147.29209580991062 8285.969296906796
8.425344152086574e-09 147.15623572306444 8221.23848951974
8.433115478717795e-09 147.02062757486453 8142.713102869353
8.440886717075803e-09 146.88527066525018 8109.325969169719
8.448657867157393e-09 146.75016429675208 8046.891915954417
8.456428928959357e-09 146.61530777448021 7985.519052706553
8.4641999024785e-09 146.48070040611188 7936.728925010176
8.471970787711607e-09 146.34634150188003 7850.012464387465
8.47974158465548e-09 146.2122303745613 7778.982753357754
8.487512293306907e-09 146.07836633946445 7706.153464590965
8.495282913662686e-09 145.94474871441858 7634.220371642247
8.503053445719608e-09 145.81137681976165 7631.957544770045
8.510823889474465e-09 145.67824997832886 7638.192759208385
8.518594244924048e-09 145.54536751544137 7653.409932081808
8.526364512065147e-09 145.41272875889464 7631.878211487587
8.534134690894555e-09 145.28033303894728 7625.536032254782
8.541904781409059e-09 145.14817968830977 7571.328856328857
8.549674783605447e-09 145.01626804213316 7525.6240142958895
8.55744469748051e-09 144.88459743799802 7477.276912901913
8.565214523031037e-09 144.7531672159032 7349.925563441188
8.572984260253813e-09 144.6219767182551 7276.287742928368
8.580753909145623e-09 144.4910252898564 7235.108395655271
8.588523469703256e-09 144.36031227789525 7193.137527981278
8.596292941923497e-09 144.22983703193444 7140.121623168498
8.604062325803129e-09 144.09959890390076 7121.331145706146
8.611831621338934e-09 143.969597248074 7097.375228937729
8.619600828527703e-09 143.8398314210763 7100.445601851852
8.627369947366212e-09 143.7103007818619 7118.140548687424
8.635138977851245e-09 143.58100469170617 7144.232931420432
8.642907919979587e-09 143.45194251419522 7202.583435083436
8.650676773748016e-09 143.3231136152157 7271.435503154254
8.658445539153314e-09 143.19451736294403 7301.450161528287
8.666214216192256e-09 143.06615312783646 7375.61666921042
8.67398280486163e-09 142.93802028261834 7449.784607753358
8.681751305158209e-09 142.81011820227445 7521.6711182336185
8.68951971707877e-09 142.68244626403848 7602.134748931624
8.697288040620095e-09 142.55500384738284 7688.32105972731
8.705056275778958e-09 142.42779033400896 7745.932285307285
8.712824422552133e-09 142.30080510783708 7823.389168701669
8.720592480936398e-09 142.17404755499626 7922.323654354905
8.728360450928532e-09 142.04751706381452 8033.708282458283
8.736128332525303e-09 141.92121302480916 8104.649470899471
8.743896125723493e-09 141.79513483067672 8208.241694647944
8.751663830519863e-09 141.6692818762836 8321.225007631258
8.759431446911195e-09 141.54365355865593 8483.439471408221
8.767198974894257e-09 141.4182492769703 8655.151925620676
8.774966414465822e-09 141.29306843254398 8760.152243589744
8.782733765622661e-09 141.1681104288255 8927.577584452585
8.790501028361544e-09 141.04337467138524 9150.5108491046
8.79826820267924e-09 140.91886056790574 9441.571148758649
8.806035288572516e-09 140.79456752817265 9688.71972934473
8.813802286038146e-09 140.67049496406509 9878.942434879935
8.82156919507289e-09 140.54664228954675 10022.457137769637
8.829336015673521e-09 140.42300892065626 10091.169808201059
8.837102747836804e-09 140.29959427549827 10062.527027370777
8.844869391559504e-09 140.17639777423426 9935.2600986976
8.852635946838387e-09 140.05341883907346 9799.66307997558
8.860402413670216e-09 139.93065689426388 9651.315946784698
8.868168792051757e-09 139.80811136608307 9512.70400895401
8.875935081979773e-09 139.68578168282954 9443.899636243386
8.883701283451024e-09 139.56366727481372 9429.826770451771
8.891467396462278e-09 139.44176757434894 9378.677884615385
8.899233421010292e-09 139.3200820157429 9291.403197496948
8.906999357091829e-09 139.1986100352889 9201.160396316647
8.914765204703647e-09 139.07735107125689 9107.106099918601
8.922530963842507e-09 138.95630456388506 9082.969131562882
8.93029663450517e-09 138.8354699553711 9030.602424196175
8.938062216688394e-09 138.71484668986375 9007.503434065935
8.945827710388934e-09 138.59443421345415 9057.889702889703
8.95359311560355e-09 138.47423197416742 9131.788957570208
8.961358432328996e-09 138.35423942195425 9197.77269027269
8.969123660562032e-09 138.23445600868237 9303.055491961743
8.976888800299409e-09 138.11488118812852 9471.652485246235
8.984653851537886e-09 137.99551441596972 9683.711716524216
8.992418814274216e-09 137.87635514977543 9823.023631461132
9.000183688505151e-09 137.75740284899905 9867.15881919007
9.007948474227443e-09 137.63865697496988 9849.679677960929
9.015713171437848e-09 137.52011699088484 9766.034671347172
9.023477780133114e-09 137.40178236180066 9641.960406491657
9.031242300309997e-09 137.2836525546255 9409.258877696378
9.039006731965241e-09 137.16572703811127 9130.507605820107
9.046771075095602e-09 137.04800528284534 8904.321072446073
9.054535329697827e-09 136.9304867612429 8755.157776251526
9.062299495768663e-09 136.81317094753896 8634.577164733415
9.07006357330486e-09 136.69605731778051 8512.686393467644
9.077827562303164e-09 136.5791453498187 8460.43053011803
9.085591462760324e-09 136.4624345233011 8400.886561355312
9.093355274673084e-09 136.34592431966405 8334.259768009768
9.101118998038189e-09 136.2296142221249 8304.731824888075
9.108882632852388e-09 136.11350371567428 8262.301014957266
9.116646179112422e-09 135.99759228706876 8218.78573972324
9.124409636815034e-09 135.8818794248231 8169.410866910867
9.13217300595697e-09 135.7663646192027 8111.914046601547
9.139936286534971e-09 135.65104736221627 8084.24475986976
9.147699478545778e-09 135.53592714760825 8040.800518925519
9.155462581986132e-09 135.42100347085142 7987.830433455434
9.163225596852776e-09 135.30627582913962 7934.77436914937
9.170988523142448e-09 135.19174372138036 7904.452457264958
9.17875136085189e-09 135.0774066481874 7917.826935795686
9.186514109977837e-09 134.96326411187383 7949.380023911274
9.194276770517031e-09 134.84931561644441 7959.000686813187
9.202039342466206e-09 134.7355606675888 8001.301383801384
9.2098018258221e-09 134.6219987726741 8014.13149928775
9.21756422058145e-09 134.5086294407379 8028.763990638991
9.225326526740994e-09 134.39545218248116 8036.443325193326
9.233088744297462e-09 134.2824665102613 7993.770540801791
9.240850873247591e-09 134.16967193808486 7879.692714692715
9.248612913588114e-09 134.05706798160097 7777.219805657306
9.256374865315765e-09 133.94465415809404 7678.277275386651
9.264136728427278e-09 133.83242998647708 7549.383903133904
9.271898502919383e-09 133.72039498728478 7405.570818070819
9.27966018878881e-09 133.60854868266676 7270.502868080994
9.287421786032292e-09 133.49689059638058 7181.989723239723
9.29518329464656e-09 133.38542025378513 7151.943331552707
9.302944714628341e-09 133.27413718183394 7069.302375864876
9.310706045974365e-09 133.16304090906834 6981.5272690272695
9.31846728868136e-09 133.052130965611 6905.540865384616
9.326228442746056e-09 132.94140688315906 6832.6861072954825
9.333989508165174e-09 132.83086819497785 6728.568598646724
9.341750484935443e-09 132.72051443589402 6600.561056420432
9.349511373053591e-09 132.61034514228913 6523.676231176231
9.357272172516345e-09 132.50035985209328 6442.437868844119
9.365032883320421e-09 132.3905581047786 6381.962664072039
9.372793505462551e-09 132.28093944135256 6329.270356379731
9.380554038939454e-09 132.17150340435205 6289.072388838014
9.388314483747857e-09 132.06224953783652 6231.579034391535
9.396074839884476e-09 131.9531773873821 6189.2286706349205
9.403835107346035e-09 131.84428650007501 6142.870720136345
9.411595286129255e-09 131.7355764245053 6141.976368538869
9.419355376230857e-09 131.62704671076077 6088.061120014246
9.42711537764756e-09 131.51869691042057 6032.785885989011
9.434875290376083e-09 131.4105265765493 5981.150253103378
9.442635114413139e-09 131.3025352636906 5929.055027726903
9.450394849755454e-09 131.1947225278611 5842.23137973138
9.45815449639974e-09 131.08708792654443 5746.417283526659
9.465914054342715e-09 130.9796310186851 5700.537081552707
9.473673523581096e-09 130.87235136468246 5660.093196733822
9.481432904111594e-09 130.76524852638474 5602.062665343916
9.489192195930926e-09 130.65832206708308 5541.113941035816
9.496951399035807e-09 130.55157155150562 5483.520012973138
9.504710513422948e-09 130.44499654581148 5430.090017043142
9.512469539089064e-09 130.338596617585 5382.9930746336995
9.520228476030864e-09 130.23237133583 5313.84987408425
9.52798732424506e-09 130.12632027096362 5226.137438949939
9.535746083728365e-09 130.02044299481082 5179.644605972731
9.543504754477487e-09 129.91473908059854 5126.247933201058
9.551263336489136e-09 129.80920810294995 5080.86175976801
9.559021829760023e-09 129.70384963787873 5062.008356227107
9.566780234286851e-09 129.59866326278348 5061.591657763533
9.574538550066334e-09 129.49364855644188 5077.292302604803
9.582296777095175e-09 129.3888050990053 5078.679633445258
9.590054915370079e-09 129.28413247199316 5080.580706908832
9.597812964887757e-09 129.17963025828706 5059.699837199837
9.605570925644907e-09 129.07529804212578 5057.078849969475
9.61332879763824e-09 128.97113540909922 5043.466625966626
9.621086580864455e-09 128.8671419461433 5076.773981227107
9.628844275320259e-09 128.76331724153434 5123.772512210013
9.63660188100235e-09 128.65966088488366 5151.952966015467
9.644359397907437e-09 128.55617246713206 5186.615537240537
9.652116826032214e-09 128.45285158054472 5226.974683302808
9.659874165373387e-09 128.34969781870552 5267.169121387871
9.667631415927651e-09 128.24671077651197 5277.271412037037
9.67538857769171e-09 128.14389005016972 5282.168167480668
9.68314565066226e-09 128.0412352371874 5286.394707722833
9.690902634836001e-09 127.9387459363713 5288.410377238502
9.698659530209629e-09 127.83642174782025 5270.860297110297
9.706416336779841e-09 127.73426227292029 5273.466498778999
9.714173054543334e-09 127.63226711433953 5280.7480540293045
9.721929683496804e-09 127.53043587602306 5276.593756359382
9.729686223636943e-09 127.42876816318781 5307.691449175824
9.73744267496045e-09 127.32726358231733 5341.818973850224
9.745199037464015e-09 127.22592174115691 5396.675728785104
9.752955311144333e-09 127.12474224870833 5527.040121336997
9.760711495998096e-09 127.02372471522501 5634.897963726089
9.768467592021996e-09 126.92286875220691 5709.389435795686
9.776223599212722e-09 126.8221739723955 5766.775793650794
9.783979517566967e-09 126.72163998976893 5832.801498270249
9.79173534708142e-09 126.62126641953702 5871.642628205129
9.799491087752775e-09 126.5210528781363 5861.780181623932
9.807246739577714e-09 126.42099898322536 5820.090017043142
9.815002302552925e-09 126.32110435367967 5776.834840506715
9.822757776675102e-09 126.2213686095869 5758.096859737485
9.830513161940925e-09 126.12179137224221 5714.128287800163
9.838268458347083e-09 126.0223722641432 5655.361626221002
9.84602366589026e-09 125.92311090898542 5618.171169108669
9.853778784567143e-09 125.82400693165735 5595.541278744404
9.861533814374417e-09 125.7250599582359 5584.0964590964595
9.86928875530876e-09 125.62626961598167 5592.94334427147
9.877043607366861e-09 125.52763553333406 5628.109387718763
9.884798370545403e-09 125.42915733990687 5647.734565781441
9.89255304484106e-09 125.33083466648365 5733.80698005698
9.900307630250521e-09 125.23266714501284 5851.829880189255
9.908062126770463e-09 125.13465440860345 5952.107626170126
9.915816534397565e-09 125.03679609152036 6082.0178635022385
9.923570853128508e-09 124.93909182917976 6198.835883445258
9.931325082959968e-09 124.84154125814473 6336.864920380545
9.939079223888628e-09 124.74414401612052 6492.345149063899
9.946833275911158e-09 124.64689974195042 6618.423986314611
9.95458723902424e-09 124.54980807561088 6739.683811558812
9.962341113224551e-09 124.45286865820736 6829.508229039479
9.97009489850876e-09 124.35608113196987 6857.952120217746
9.97784859487355e-09 124.2594451402484 6872.491605616606
9.985602202315586e-09 124.16296032750877 6850.049444190069
9.993355720831548e-09 124.0666263393281 6812.169089590965
1.0001109150418106e-08 123.97044282239052 6719.109305046805
1.0008862491071933e-08 123.87440942448289 6609.59140974766
1.00166157427897e-08 123.77852579449049 6472.471891534392
1.0024368905568078e-08 123.68279158239268 6333.710667226293
1.003212197940374e-08 123.58720643925868 6184.624701109076
1.003987496429335e-08 123.49177001724343 6065.756543803419
1.004762786023358e-08 123.39648196958315 5979.573317307692
1.00553806672211e-08 123.30134195059135 5881.534168956045
1.0063133385252576e-08 123.20634961565457 5802.153509106634
1.0070886014324673e-08 123.11150462122819 5762.342382733008
1.0078638554434062e-08 123.0168066248323 5706.979643620269
1.0086391005577405e-08 122.92225528504767 5636.512960419211
1.009414336775137e-08 122.82785026151147 5569.044979904355
1.0101895640952618e-08 122.73359121491342 5491.758973087099
1.0109647825177814e-08 122.6394778069915 5442.120154151405
1.0117399920423623e-08 122.54550970052802 5416.989468864469
1.0125151926686705e-08 122.45168655934559 5379.827628968254
1.0132903843963724e-08 122.35800804830306 5357.4804766992265
1.0140655672251342e-08 122.26447383329162 5326.115403693529
1.0148407411546216e-08 122.17108358123076 5343.123632733008
1.015615906184501e-08 122.07783696006426 5345.689197954824
1.016391062314438e-08 121.98473363875645 5366.0892984330485
1.0171662095440987e-08 121.89177328728807 5383.823546245421
1.0179413478731488e-08 121.79895557665252 5407.441112128612
1.0187164773012541e-08 121.70628017885188 5396.621387871388
1.0194915978280804e-08 121.61374676689314 5379.0471102971105
1.020266709453293e-08 121.52135501478433 5352.96140491453
1.0210418121765576e-08 121.42910459753062 5251.640879375254
1.0218169059975397e-08 121.33699519113061 5139.741936304436
1.0225919909159048e-08 121.24502647257245 5028.359724765975
1.0233670669313183e-08 121.15319811983011 4941.744728072853
1.0241421340434454e-08 121.06150981185965 4902.124860093611
1.0249171922519509e-08 120.96996122859548 4862.47955458893
1.0256922415565005e-08 120.8785520509465 4796.670005341881
1.0264672819567596e-08 120.78728196079253 4766.388316544567
1.0272423134523923e-08 120.69615064098068 4749.1794490232
1.0280173360430643e-08 120.60515777532146 4741.008343508343
1.0287923497284405e-08 120.5143030485853 4771.955700549451
1.0295673545081851e-08 120.42358614649893 4834.290611009361
1.0303423503819636e-08 120.33300675574154 4872.008006461132
1.0311173373494403e-08 120.24256456394141 4886.099091880342
1.03189231541028e-08 120.15225925967223 4895.664046601547
1.0326672845641474e-08 120.06209053244949 4901.5080318986575
1.0334422448107067e-08 119.97205807272698 4843.133807743183
1.0342171961496226e-08 119.88216157189322 4751.121826668702
1.0349921385805594e-08 119.79240072226794 4609.490136599512
1.0357670721031817e-08 119.70277521709853 4507.183557183557
1.0365419967171531e-08 119.61328475055669 4408.69887057387
1.0373169124221384e-08 119.52392901773474 4322.06778464591
1.0380918192178016e-08 119.43470771464231 4254.403235653236
1.0388667171038067e-08 119.34562053820285 4206.823107448107
1.0396416060798177e-08 119.2566671862502 4179.672555453805
1.0404164861454983e-08 119.16784735752516 4162.515039936915
1.0411913573005131e-08 119.07916075167208 4150.449258496134
1.041966219544525e-08 118.99060706923558 4133.707296754172
1.0427410728771985e-08 118.902186011657 4135.645826973952
1.0435159172981968e-08 118.81389728127118 4128.010340354091
1.0442907528071836e-08 118.72574058130313 4113.263252950753
1.0450655794038228e-08 118.63771561586455 4096.243354446479
1.0458403970877776e-08 118.54982208995071 4087.9788296194547
1.0466152058587113e-08 118.46205970943709 4082.8584465303215
1.0473900057162873e-08 118.374428181076 4061.3207163207167
1.0481647966601694e-08 118.28692721249344 4057.7772054334555
1.0489395786900201e-08 118.19955651218584 4055.404297669923
1.0497143518055029e-08 118.11231578951674 4050.565603378104
1.0504891160062809e-08 118.02520475471364 4054.8111263736264
1.0512638712920171e-08 117.93822311886476 4054.968966218966
1.0520386176623745e-08 117.85137059391585 4071.0329543142043
1.0528133551170162e-08 117.764646892667 4126.305676383801
1.0535880836556045e-08 117.67805172876957 4148.026175213676
1.0543628032778023e-08 117.59158481672293 4202.839145807896
1.0551375139832732e-08 117.50524587187118 4258.668917887668
1.0559122157716787e-08 117.41903461040052 4271.773472476598
1.0566869086426817e-08 117.33295074933558 4261.624567562068
1.057461592595945e-08 117.24699400653664 4162.793008496134
1.0582362676311306e-08 117.16116410069647 4061.2662164224666
1.0590109337479014e-08 117.07546075133725 3972.0907102157103
1.0597855909459196e-08 116.98988367880753 3863.4754019129023
1.0605602392248472e-08 116.90443260427926 3745.5038855820108
1.0613348785843465e-08 116.8191072497446 3634.1783838268216
1.0621095090240798e-08 116.73390733801303 3584.9307463369964
1.0628841305437086e-08 116.64883259270836 3537.247914122914
1.0636587431428958e-08 116.56388273826556 3489.5226012413514
1.0644333468213024e-08 116.47905749992815 3470.2448838776963
1.0652079415785909e-08 116.39435660374478 3448.304509437322
1.0659825274144226e-08 116.30977977656667 3417.1552738349615
1.0667571043284597e-08 116.22532674604443 3387.601511624949
1.0675316723203635e-08 116.14099724062528 3358.9079829314205
1.068306231389796e-08 116.05679098955004 3334.062372812373
1.0690807815364183e-08 115.97270772285033 3310.8744626322755
1.0698553227598923e-08 115.88874717134554 3292.6193973850227
1.070629855059879e-08 115.80490906664018 3281.2677744708994
1.0714043784360398e-08 115.72119314112079 3274.7367375101753
1.0721788928880363e-08 115.63759912795322 3265.6402466168092
1.0729533984155294e-08 115.5541267610798 3257.663102233415
1.0737278950181805e-08 115.47077577521642 3249.0870949074074
1.0745023826956502e-08 115.3875459058499 3246.9485780423283
1.0752768614476e-08 115.30443688923496 3237.896761803012
1.0760513312736905e-08 115.22144846239163 3237.41125483313
1.0768257921735829e-08 115.13858036310236 3235.610468813594
1.0776002441469377e-08 115.05583232990934 3220.05454759361
1.078374687193416e-08 114.97320410211167 3227.6430860805863
1.0791491213126782e-08 114.89069541976268 3204.9867724867727
1.0799235465043852e-08 114.80830602366719 3182.6995891839642
1.080697962768197e-08 114.72603565537884 3159.7596312830688
1.0814723701037747e-08 114.64388405719723 3160.5269860347985
1.0822467685107785e-08 114.56185097216544 3171.4050258190887
1.0830211579888686e-08 114.47993614406724 3147.3396481990235
1.0837955385377055e-08 114.39813931742441 3132.889066951567
1.0845699101569493e-08 114.3164602374941 3138.316910230973
1.08534427284626e-08 114.23489865026626 3135.4636624949126
1.0861186266052983e-08 114.15345430246083 3108.084808709809
1.0868929714337236e-08 114.07212694152538 3099.2608967999595
1.087667307331196e-08 113.99091631563226 3105.4166189713064
1.0884416342973757e-08 113.90982217367608 3112.6593025030525
1.0892159523319221e-08 113.82884426527121 3113.775246743997
1.0899902614344952e-08 113.74798234074909 3116.159219831095
1.0907645616047547e-08 113.66723615115566 3116.3279024216527
1.0915388528423604e-08 113.58660544824893 3124.1499414936916
1.0923131351469716e-08 113.50608998449631 3123.7277898606026
1.0930874085182475e-08 113.42568951307219 3115.4644256206757
1.0938616729558483e-08 113.3454037878552 3126.8671620624746
1.0946359284594328e-08 113.26523256342604 3119.363839285714
1.0954101750286605e-08 113.18517559506465 3114.451678240741
1.0961844126631908e-08 113.10523263874792 3127.6774108414734
1.0969586413626823e-08 113.02540345114718 3124.15204008954
1.0977328611267949e-08 112.94568778962562 3129.0287475834352
1.098507071955187e-08 112.86608541223603 3124.1946002492878
1.0992812738475177e-08 112.78659607771813 3096.415550595238
1.1000554668034463e-08 112.7072195454963 3084.7846713471713
1.1008296508226313e-08 112.62795557567709 3069.7816824379324
1.1016038259047315e-08 112.54880392904681 3055.8144936660565
1.1023779920494056e-08 112.46976436706912 3061.346630799756
1.1031521492563124e-08 112.39083665188262 3072.3387419871797
1.1039262975251102e-08 112.31202054629853 3078.9657420126173
1.1047004368554578e-08 112.23331581379821 3098.700190145503
1.1054745672470131e-08 112.15472221853092 3104.2021679131058
1.1062486886994351e-08 112.07623952531131 3104.9066124847377
1.1070228012123822e-08 111.99786749961719 3116.263163919414
1.1077969047855122e-08 111.91960590758721 3122.2523656898657
1.1085709994184834e-08 111.84145451601846 3136.263132122507
1.1093450851109538e-08 111.76341309236419 3156.2448171041924
1.1101191618625817e-08 111.68548140473145 3178.8114952177452
1.110893229673025e-08 111.60765922187892 3209.324760887261
1.1116672885419416e-08 111.52994631321447 3241.8625038156288
1.1124413384689891e-08 111.45234244879302 3282.8889556623935
1.1132153794538257e-08 111.37484739931416 3330.253961894587
1.113989411496109e-08 111.29746093611995 3393.8713051994305
1.1147634345954964e-08 111.2201828311927 3461.49812716219
1.115537448751646e-08 111.14301285715264 3539.650695080383
1.1163114539642147e-08 111.0659507872558 3608.0545062576316
1.11708545023286e-08 110.98899639539172 3654.826547873423
1.1178594375572399e-08 110.91214945608118 3691.0906974969475
1.1186334159370112e-08 110.83540974447418 3683.6947528744404
1.1194073853718315e-08 110.75877703634754 3653.886996972935
1.1201813458613572e-08 110.68225110810293 3632.2725885225886
1.1209552974052465e-08 110.60583173676444 3616.6828671906796
1.1217292400031558e-08 110.52951869997668 3583.894548738299
1.122503173654742e-08 110.45331177600245 3577.0032210266586
1.1232770983596625e-08 110.3772107437206 3589.707627442003
1.1240510141175736e-08 110.30121538262402 3585.986181064306
1.1248249209281326e-08 110.22532547281733 3576.6631372100123
1.1255988187909959e-08 110.14954079501494 3557.7018626628005
1.1263727077058202e-08 110.07386113053882 3541.6906415343915
1.1271465876722621e-08 109.99828626131638 3502.6517984330485
1.1279204586899785e-08 109.92281596987849 3473.749984101547
1.128694320758625e-08 109.84745003935735 3455.6217726139603
1.1294681738778587e-08 109.7721882534843 3432.535437652625
1.1302420180473357e-08 109.6970303965879 3448.5949900793653
1.131015853266712e-08 109.62197625359185 3482.7557743182747
1.1317896795356444e-08 109.54702561001282 3515.1200492216117
1.1325634968537884e-08 109.47217825195857 3584.921000585063
1.1333373052208003e-08 109.39743396612577 3642.570573234636
1.1341111046363362e-08 109.3227925397981 3728.782321555759
1.1348848951000517e-08 109.24825376084415 3823.753783831909
1.135658676611603e-08 109.1738174177154 3938.957538410664
1.136432449170646e-08 109.09948329944427 4084.9737675518927
1.1372062127768356e-08 109.0252511956422 4310.972985347986
1.1379799674298281e-08 108.95112089649746 4600.0668053011805
1.1387537131292792e-08 108.87709219277329 4889.260785510785
1.1395274498748441e-08 108.80316487580602 5101.844665750916
1.1403011776661784e-08 108.72933873750294 5190.036789021165
1.1410748965029373e-08 108.6556135703405 5201.085578194953
1.1418486063847763e-08 108.58198916736222 5155.444997710623
1.1426223073113506e-08 108.5084653221769 5050.240448209199
1.1433959992823153e-08 108.43504182895656 4900.4177159645915
1.1441696822973256e-08 108.36171848243461 4716.97258470696
1.1449433563560364e-08 108.28849507790392 4569.990429131054
1.145717021458103e-08 108.21537141121486 4490.153420075295
1.1464906776031799e-08 108.14234727877351 4422.925696988197
1.1472643247909222e-08 108.06942247753965 4349.329085266585
1.148037963020985e-08 107.99659680502494 4280.3532954314205
1.1488115922930221e-08 107.9238700592911 4220.222196784697
1.149585212606689e-08 107.85124203894794 4182.3324303011805
1.1503588239616397e-08 107.77871254315154 4193.931146978022
1.1511324263575294e-08 107.7062813716024 4217.750432437932
1.1519060197940118e-08 107.63394832454367 4246.032954314204
1.1526796042707417e-08 107.56171320275917 4289.294585622711
1.1534531797873732e-08 107.48957580757165 4324.542951261701
1.1542267463435607e-08 107.41753594084103 4357.182857651608
1.1550003039389583e-08 107.34559340496243 4376.529812779813
1.1557738525732202e-08 107.27374800286445 4390.0723379629635
1.156547392246e-08 107.20199953800747 4398.984661172161
1.1573209229569522e-08 107.13034781438161 4392.686520655271
1.1580944447057308e-08 107.05879263650517 4395.400831807082
1.158867957491989e-08 106.98733380942282 4361.892202126577
1.159641461315381e-08 106.91597113870368 4297.362096815222
1.1604149561755604e-08 106.84470443043973 4221.1331781644285
1.1611884420721809e-08 106.773533491244 4151.770642551893
1.1619619190048958e-08 106.70245812824874 4085.3056954619456
1.1627353869733591e-08 106.63147814910376 4032.637362637363
1.163508845977224e-08 106.56059336197472 3974.1157916157917
1.1642822960161435e-08 106.48980357554137 3920.903986060236
1.1650557370897716e-08 106.41910859899575 3900.5900551994305
1.1658291691977608e-08 106.34850824204062 3903.1385454822957
1.1666025923397647e-08 106.27800231488764 3916.7031377187627
1.1673760065154364e-08 106.20759062825572 3914.2620891839642
1.1681494117244286e-08 106.13727299336931 3891.0493615181117
1.1689228079663945e-08 106.06704922195674 3892.700447700448
1.169696195240987e-08 105.99691912624846 3874.6605521214897
1.1704695735478589e-08 105.92688251897553 3827.5416539479043
1.171242942886663e-08 105.85693921336775 3807.1856080840457
1.1720163032570517e-08 105.78708902315218 3773.909906644282
1.172789654658678e-08 105.71733176255131 3746.1942759208387
1.1735629970911942e-08 105.64766724628161 3736.66747748779
1.1743363305542528e-08 105.57809528955174 3702.961118742369
1.1751096550475065e-08 105.50861570806096 3690.513663130851
1.1758829705706072e-08 105.43922831799755 3684.2465245980875
1.1766562771232078e-08 105.36993293603706 3696.305946657509
1.1774295747049598e-08 105.30072937934091 3698.3475783475783
1.1782028633155156e-08 105.23161746555459 3719.608373397436
1.1789761429545274e-08 105.1625970128061 3753.013265669516
1.179749413621647e-08 105.09366783970442 3775.754985754986
1.1805226753165267e-08 105.02482976533786 3814.4438879985755
1.1812959280388183e-08 104.9560826092725 3824.6465455840457
1.1820691717881732e-08 104.88742619155066 3818.5904749186
1.1828424065642434e-08 104.81886033268923 3815.189080306268
1.1836156323666806e-08 104.75038485367816 3806.862074557387
1.1843888491951366e-08 104.6819995759789 3798.1080522486773
1.1851620570492622e-08 104.61370432152296 3799.278750763126
1.1859352559287097e-08 104.54549891271006 3800.5693395146523
1.1867084458331301e-08 104.47738317240692 3791.824395222833
1.1874816267621748e-08 104.40935692394558 3795.745573870574
1.188254798715495e-08 104.34141999112187 3813.3975312881566
1.189027961692742e-08 104.27357219819388 3829.2542353479857
1.1898011156935667e-08 104.20581336988052 3830.1259157509157
1.1905742607176205e-08 104.13814333135991 3833.0328843610096
1.1913473967645541e-08 104.07056190826799 3822.190616096866
1.1921205238340184e-08 104.0030689266969 3800.0616065069194
1.1928936419256644e-08 103.93566421319359 3774.357241427554
1.1936667510391431e-08 103.86834759475822 3752.1276741198617
1.1944398511741047e-08 103.80111889884289 3741.5980171448923
1.1952129423302002e-08 103.73397795334989 3745.43703258547
1.19598602450708e-08 103.66692458663047 3745.978756486569
1.1967590977043947e-08 103.59995862748322 3748.262632911071
1.1975321619217948e-08 103.53307990515269 3744.1881613756614
1.1983052171589305e-08 103.46628824932796 3737.4120338573466
1.1990782634154522e-08 103.39958349014108 3715.8737154049654
1.19985130069101e-08 103.33296545816579 3668.755055708181
1.2006243289852545e-08 103.26643398441591 3586.7112141330895
1.2013973482978356e-08 103.19998890034408 3495.555078601954
1.2021703586284028e-08 103.13363003784025 3435.1204625814003
1.2029433599766069e-08 103.06735722923023 3393.9569342694344
1.2037163523420969e-08 103.0011703072744 3370.5089412901916
1.2044893357245233e-08 102.93506910516612 3374.4195315679694
1.205262310123536e-08 102.86905345653047 3363.5742108007735
1.206035275538784e-08 102.80312319542291 3345.4611823361824
1.2068082319699173e-08 102.7372781563277 3303.0770979599106
1.2075811794165855e-08 102.67151817415662 3263.139674272487
1.2083541178784381e-08 102.6058430842476 3226.762279965405
1.2091270473551241e-08 102.54025272236336 3191.168075269638
1.2098999678462933e-08 102.47474692468997 3144.7274369149372
1.210672879351595e-08 102.40932552783553 3122.0428717694344
1.2114457818706781e-08 102.34398836882883 3094.681108821734
1.2122186754031918e-08 102.278735285118 3049.178876678877
1.2129915599487854e-08 102.21356611456906 3021.620068299756
1.2137644355071075e-08 102.14848069546476 2979.4033310439563
1.2145373020778074e-08 102.08347886650301 2946.9542696886447
1.2153101596605339e-08 102.0185604667958 2904.4068922975175
1.2160830082549359e-08 101.95372533586767 2858.2289599867727
1.2168558478606616e-08 101.88897331365456 2805.4014200498577
1.2176286784773601e-08 101.82430424050227 2750.292181776557
1.2184015001046797e-08 101.7597179571654 2702.2668014855517
1.2191743127422695e-08 101.69521430480582 2635.7567027879527
1.2199471163897775e-08 101.63079312499153 2579.045663537851
1.2207199110468519e-08 101.56645425969533 2556.602516407204
1.2214926967131415e-08 101.50219755129343 2533.7569317256816
1.2222654733882943e-08 101.43802284256428 2517.612402065527
1.2230382410719581e-08 101.37392997668726 2487.463640237078
1.2238109997637817e-08 101.30991879724131 2459.093565577941
1.2245837494634128e-08 101.24598914820382 2435.1484120624746
1.2253564901704993e-08 101.18214087394922 2398.3482937779813
1.2261292218846892e-08 101.11837381924781 2361.861184243997
1.2269019446056303e-08 101.05468782926442 2321.2500953907206
1.2276746583329703e-08 100.99108274955725 2305.4581934269436
1.228447363066357e-08 100.92755842607656 2283.70686749593
1.2292200588054382e-08 100.86411470516342 2261.0992349664225
1.229992745549861e-08 100.80075143354853 2235.9509659900286
1.2307654232992731e-08 100.73746845835092 2210.2679525335775
1.2315380920533219e-08 100.67426562707676 2207.163000483313
1.232310751811655e-08 100.6111427876181 2213.962053571429
1.233083402573919e-08 100.54809978825178 2213.5756575600326
1.233856044339762e-08 100.48513647763791 2202.581145706146
1.2346286771088304e-08 100.42225270481907 2199.0688593813593
1.2354013008807717e-08 100.35944831921877 2199.81441735348
1.2361739156552325e-08 100.2967231706404 2179.298305860806
1.2369465214318601e-08 100.23407710926601 2154.9750394281646
1.2377191182103015e-08 100.1715099856551 2154.540216727717
1.2384917059902029e-08 100.10902165074347 2155.118888634514
1.2392642847712114e-08 100.04661195584198 2164.724750076313
1.2400368545529737e-08 99.98428075263541 2155.7118532509157
1.2408094153351364e-08 99.92202789318127 2152.9158240486368
1.2415819671173456e-08 99.85985322990868 2153.005777497965
1.242354509899248e-08 99.79775661561712 2157.050471230159
1.2431270436804904e-08 99.73573790347527 2148.685245599308
1.2438995684607185e-08 99.67379694701998 2139.4800728785103
1.2446720842395787e-08 99.611933600155 2150.3101311304436
1.2454445910167171e-08 99.55014771714983 2155.399957392145
1.2462170887917799e-08 99.48843915263862 2171.8728537087914
1.2469895775644135e-08 99.426807761619 2180.972079136142
1.2477620573342633e-08 99.36525339945105 2190.0271068630445
1.2485345281009751e-08 99.30377592185599 2207.3091390669515
1.249306989864195e-08 99.24237518491516 2223.905216600529
1.2500794426235689e-08 99.18105104506888 2255.920822522385
1.2508518863787426e-08 99.11980335911534 2295.0482518060644
1.2516243211293609e-08 99.05863198420953 2346.2661846255596
1.2523967468750701e-08 98.99753677786197 2396.947783119658
1.2531691636155157e-08 98.93651759793778 2437.7750909391534
1.2539415713503423e-08 98.87557430265556 2480.982619810745
1.2547139700791962e-08 98.8147067505861 2505.0120192307695
1.255486359801722e-08 98.75391480065157 2529.9358020451773
1.2562587405175651e-08 98.69319831212421 2553.8480457621085
1.2570311122263708e-08 98.63255714462532 2582.662021138584
1.2578034749277839e-08 98.57199115812422 2622.9891954110703
1.2585758286214493e-08 98.51150021293714 2650.3277784137163
1.2593481733070119e-08 98.4510841697261 2659.336843711844
1.2601205089841169e-08 98.39074288949787 2694.823002518315
1.2608928356524088e-08 98.33047623360297 2724.9059447496948
1.2616651533115325e-08 98.27028406373451 2768.467611670737
1.2624374619611325e-08 98.21016624192717 2809.4011529558406
1.263209761600853e-08 98.15012263055624 2857.2541463166463
1.2639820522303397e-08 98.09015309233631 2903.2816633597886
1.2647543338492354e-08 98.0302574903206 2982.7177452177452
1.2655266064571855e-08 97.97043568789954 3029.113120675621
1.2662988700538338e-08 97.91068754880003 3084.564477767603
1.267071124638825e-08 97.85101293708416 3119.092611670737
1.2678433702118028e-08 97.79141171714842 3166.7452686202687
1.2686156067724113e-08 97.7318837537225 3193.4953703703704
1.2693878343202949e-08 97.67242891186828 3205.4041386853887
1.2701600528550971e-08 97.61304705697893 3230.5121050824177
1.2709322623764618e-08 97.55373805477777 3274.034455128205
1.2717044628840329e-08 97.49450177131729 3308.0133292633295
1.2724766543774543e-08 97.43533807297815 3346.274292836793
1.2732488368563694e-08 97.37624682646826 3371.5746623168498
1.2740210103204216e-08 97.31722789882161 3385.1203671906796
1.274793174769255e-08 97.25828115739739 3433.351950422263
1.2755653302025127e-08 97.19940646987898 3470.431388634514
1.2763374766198376e-08 97.14060370427299 3502.945252085877
1.2771096140208737e-08 97.08187272890812 3541.2715583028084
1.277881742405264e-08 97.02321341243439 3576.592691163004
1.2786538617726516e-08 96.96462562382203 3600.532009946073
1.2794259721226793e-08 96.90610923236055 3641.1220333485962
1.2801980734549911e-08 96.84766410765766 3660.56146978022
1.2809701657692287e-08 96.78929011963861 3676.9950810185187
1.2817422490650362e-08 96.73098713854475 3698.0645540801793
1.2825143233420552e-08 96.67275503493306 3709.8081851597476
1.2832863885999293e-08 96.61459367967481 3751.066372863248
1.2840584448383002e-08 96.55650294395487 3788.2478632478633
1.284830492056812e-08 96.49848269927047 3823.286512388075
1.285602530255106e-08 96.44053281743065 3849.3892132173382
1.2863745594328251e-08 96.38265317055497 3859.752969831095
1.2871465795896113e-08 96.32484363107274 3881.6117057132683
1.2879185907251076e-08 96.26710407172199 3912.2086926383804
1.2886905928389558e-08 96.2094343655486 3906.2783310439563
1.2894625859307979e-08 96.15183438590545 3920.785987739113
1.2902345700002762e-08 96.09430400645124 3940.6334261803013
1.2910065450470328e-08 96.03684310114986 3973.7037196021574
1.2917785110707093e-08 95.97945154426927 4015.9423013329265
1.2925504680709487e-08 95.92212921038058 4040.3104332010585
1.2933224160473915e-08 95.86487597435739 4082.1298522079774
1.2940943549996803e-08 95.80769171137453 4130.84309498372
1.2948662849274558e-08 95.75057629690744 4177.316372863248
1.2956382058303605e-08 95.693529606731 4220.3395591676845
1.2964101177080357e-08 95.63655151691889 4246.881899928775
1.2971820205601231e-08 95.57964190384251 4274.571663868539
1.2979539143862633e-08 95.52280064417025 4281.002715455841
1.2987257991860986e-08 95.46602761486633 4301.581768925519
1.2994976749592696e-08 95.40932269319028 4326.924285205536
1.3002695417054177e-08 95.3526857566957 4370.561310795686
1.3010413994241837e-08 95.29611668322968 4421.174196174196
1.3018132481152091e-08 95.23961535093163 4490.525380291006
1.302585087778135e-08 95.18318163823264 4582.180345695971
1.3033569184126015e-08 95.12681542385458 4658.948158323158
1.3041287400182502e-08 95.07051658680905 4761.350351037851
1.3049005525947213e-08 95.01428500639673 4874.989729599105
1.3056723561416554e-08 94.95812056220642 4972.493958587709
1.306444150658694e-08 94.9020231341141 5066.528191137566
1.3072159361454769e-08 94.84599260228231 5151.8397054334555
1.3079877126016447e-08 94.79002884715901 5173.301059472935
1.3087594800268378e-08 94.73413174947697 5186.689178876679
1.3095312384206966e-08 94.67830119025278 5207.033507580383
1.3103029877828611e-08 94.62253705078605 5211.6985271672775
1.3110747281129722e-08 94.56683921265854 5206.975669006919
1.311846459410669e-08 94.51120755773341 5231.131906288157
1.3126181816755924e-08 94.45564196815427 5291.969945563696
1.3133898949073818e-08 94.40014232634447 5365.722775488401
1.3141615991056773e-08 94.34470851500612 5437.20943986569
1.3149332942701188e-08 94.28934041711938 5496.91728988604
1.3157049804003462e-08 94.23403791594161 5518.995408526659
1.3164766574959988e-08 94.17880089500657 5529.6906160968665
1.3172483255567164e-08 94.12362923812356 5500.42308964184
1.3180199845821383e-08 94.06852282937658 5431.214928011803
1.3187916345719047e-08 94.01348155312357 5392.525087759463
1.3195632755256542e-08 93.95850529399567 5351.510989010989
1.3203349074430264e-08 93.90359393689624 5306.171270858771
1.3211065303236606e-08 93.84874736700021 5292.564070767196
1.3218781441671964e-08 93.79396546975319 5329.235220797721
1.3226497489732718e-08 93.73924813087075 5373.518423127798
1.3234213447415271e-08 93.6845952363375 5432.881817256817
1.3241929314716006e-08 93.63000667240647 5515.9556878306885
1.3249645091631312e-08 93.57548232559817 5651.6053304334555
1.3257360778157578e-08 93.5210220826999 5835.200606684982
1.326507637429119e-08 93.46662583076493 6030.516222781848
1.3272791880028539e-08 93.41229345711164 6187.536216676842
1.3280507295366009e-08 93.35802484932294 6338.524528133903
1.3288222620299983e-08 93.30381989524531 6473.1966384310135
1.329593785482685e-08 93.2496784829881 6610.958708536834
1.330365299894299e-08 93.1956005009228 6716.440590659341
1.3311368052644792e-08 93.14158583768211 6766.191525488401
1.3319083015928632e-08 93.08763438215948 6798.382236975987
1.3326797888790891e-08 93.033746023508 6850.097044159545
1.3334512671227957e-08 92.97992065113985 6921.582913614164
1.3342227363236208e-08 92.92615815472553 7042.208072598698
1.3349941964812023e-08 92.87245842419303 7168.805072242572
1.3357656475951776e-08 92.81882134972719 7315.530563186813
1.336537089665185e-08 92.7652468217688 7457.3598392348395
1.3373085226908626e-08 92.71173473101398 7595.521787240537
1.3380799466718476e-08 92.65828496841338 7753.851304945056
1.338851361607778e-08 92.60489742517147 7849.211055148556
1.3396227674982905e-08 92.55157199274583 7863.140644078145
1.3403941643430233e-08 92.49830856284626 7824.419134106634
1.3411655521416137e-08 92.44510702743426 7800.219207875458
1.3419369308936985e-08 92.39196727872216 7772.170584045584
1.342708300598916e-08 92.3388892091724 7758.616007834758
1.3434796612569026e-08 92.28587271149686 7785.0325600325605
1.3442510128672955e-08 92.23291767865616 7854.014105107855
1.3450223554297316e-08 92.18002400385886 7932.55608974359
1.3457936889438482e-08 92.12719158056072 8045.2066163003665
1.3465650134092824e-08 92.07442030246408 8242.843788156288
1.3473363288256698e-08 92.02171006351719 8513.245573870574
1.3481076351926484e-08 91.96906075791325 8739.693605006105
1.3488789325098546e-08 91.91647228009 8927.868653337404
1.3496502207769244e-08 91.86394452472885 9078.695054945056
1.3504214999934954e-08 91.81147738675416 9170.570054945056
1.351192770159203e-08 91.75907076133268 9150.499910968661
1.351964031273684e-08 91.7067245438727 9134.68978937729
1.3527352833365752e-08 91.65443863002339 9098.323985042736
1.3535065263475118e-08 91.60221291567426 9084.129527879528
1.3542777603061309e-08 91.55004729695416 9142.097387566138
1.3550489852120683e-08 91.49794167023093 9216.789593508343
1.35582020106496e-08 91.44589593211049 9368.438581094832
1.3565914078644413e-08 91.39390997943626 9554.736912393162
1.357362605610149e-08 91.34198370928837 9723.0384488197
1.3581337943017188e-08 91.29011701898311 9806.538970288972
1.3589049739387859e-08 91.23830980607222 9839.603492572243
1.3596761445209862e-08 91.18656196834215 9860.785765160766
1.3604473060479558e-08 91.1348734038134 9906.160905067156
1.3612184585193292e-08 91.08324401074 9999.49144027269
1.3619896019347427e-08 91.0316736876086 10111.683646214897
1.3627607362938312e-08 90.98016233313801 10255.231545075296
1.36353186159623e-08 90.92870984627841 10349.299450549452
1.3643029778415749e-08 90.8773161262107 10373.460902523402
1.3650740850295006e-08 90.82598107234598 10320.626017501017
1.365845183159642e-08 90.77470458432475 10185.397906491657
1.3666162722316344e-08 90.72348656201626 9992.55399114774
1.3673873522451126e-08 90.67232690551792 9794.345683251933
1.3681584231997114e-08 90.62122551515465 9621.19301994302
1.368929485095066e-08 90.57018229147813 9540.881728225479
1.3697005379308107e-08 90.51919713526637 9537.51767908018
1.3704715817065804e-08 90.46826994752277 9593.22458791209
1.3712426164220098e-08 90.41740062947578 9718.486658017908
1.3720136420767326e-08 90.36658908257807 9841.273148148148
1.3727846586703837e-08 90.31583520850593 9911.897702991453
1.3735556662025977e-08 90.26513890915865 9965.990728021978
1.3743266646730086e-08 90.21450008665792 9946.551498270248
1.3750976540812508e-08 90.16391864334716 9903.714196682948
1.3758686344269582e-08 90.1133944817909 9863.918332824584
1.3766396057097652e-08 90.06292750477414 9871.44764957265
1.3774105679293052e-08 90.01251761530179 9955.389957264957
1.3781815210852126e-08 89.96216471659797 10108.62681878307
1.3789524651771215e-08 89.9118687121054 10261.675124643874
1.3797234002046651e-08 89.86162950548487 10397.015415140415
1.3804943261674767e-08 89.81144700061455 10557.677490333741
1.3812652430651912e-08 89.76132110158932 10780.844462250712
1.3820361508974412e-08 89.7112517127203 10904.752556471307
1.3828070496638605e-08 89.66123873853414 10964.283361314612
1.3835779393640822e-08 89.6112820837725 10928.251742470493
1.3843488199977402e-08 89.56138165339125 10802.468711843712
1.385119691564467e-08 89.5115373525602 10734.117445054946
1.3858905540638963e-08 89.46174908666212 10646.941709910461
1.3866614074956614e-08 89.41201676129243 10559.607435388685
1.387432251859395e-08 89.3623402822585 10484.040242165243
1.3882030871547298e-08 89.31271955557905 10461.375025437526
1.3889739133812995e-08 89.26315448748349 10534.497736060237
1.389744730538736e-08 89.21364498441152 10704.934561965812
1.3905155386266727e-08 89.16419095301234 10902.077800671552
1.3912863376447418e-08 89.11479230014419 11012.674247049248
1.3920571275925764e-08 89.06544893287368 11097.062283781035
1.3928279084698084e-08 89.01616075847534 11174.618945868946
1.3935986802760711e-08 88.96692768443081 11234.284442409444
1.3943694430109959e-08 88.91774961842857 11233.278261090762
1.395140196674216e-08 88.86862646836303 11111.714171245421
1.3959109412653628e-08 88.81955814233426 11016.530067155069
1.3966816767840692e-08 88.77054454864717 10960.768086080587
1.397452403229967e-08 88.72158559581109 10916.811342592593
1.398223120602688e-08 88.6726811925392 10855.277841371591
1.3989938289018643e-08 88.62383124774784 10762.286134004884
1.3997645281271278e-08 88.57503567055608 10705.648402523402
1.4005352182781102e-08 88.52629437028507 10662.21878815629
1.4013058993544433e-08 88.47760725645753 10619.612014143264
1.402076571355759e-08 88.42897423879715 10620.955878612129
1.4028472342816885e-08 88.38039522722806 10668.303317053318
1.403617888131863e-08 88.33187013187433 10722.892755392755
1.4043885329059149e-08 88.2833988630592 10758.502174908426
1.4051591686034744e-08 88.23498133130487 10691.683137464388
1.4059297952241736e-08 88.1866174473316 10573.70612026862
1.4067004127676432e-08 88.1383071220574 10455.300735144485
1.407471021233515e-08 88.09005026659734 10376.448921448922
1.4082416206214193e-08 88.0418467922632 10295.032878001628
1.4090122109309876e-08 87.99369661056265 10271.155499593
1.4097827921618507e-08 87.94559963319894 10356.117661273911
1.4105533643136391e-08 87.89755577207026 10502.832468457469
1.4113239273859834e-08 87.84956493926923 10630.409925722426
1.4120944813785154e-08 87.80162704708225 10676.845238095239
1.4128650262908649e-08 87.7537420079892 10678.721446377696
1.4136355621226623e-08 87.70590973466274 10612.008737789989
1.4144060888735382e-08 87.65813013996778 10553.057336182337
1.4151766065431234e-08 87.61040313696097 10476.688542938544
1.4159471151310476e-08 87.56272863889026 10402.13121947497
1.4167176146369414e-08 87.51510655919427 10356.797797110297
1.4174881050604349e-08 87.46753681150174 10322.22343050468
1.4182585864011584e-08 87.42001930963114 10332.424895706146
1.4190290586587417e-08 87.37255396759006 10371.378586691088
1.4197995218328146e-08 87.32514069957472 10347.1809498372
1.4205699759230073e-08 87.27777941996938 10349.643302299553
1.4213404209289492e-08 87.23047004334596 10324.557832214083
1.4221108568502705e-08 87.1832124844634 10323.524687118437
1.4228812836866008e-08 87.1360066582672 10335.819660663412
1.423651701437569e-08 87.08885247988901 10363.161312067563
1.4244221101028053e-08 87.04174986464588 10412.846967846968
1.425192509681939e-08 86.99469872803995 10514.684574684576
1.4259629001745994e-08 86.94769898575792 10703.264842796094
1.4267332815804156e-08 86.9007505536705 10946.288156288158
1.4275036538990165e-08 86.85385334783196 11200.390593203094
1.4282740171300325e-08 86.80700728447944 11441.777701465202
1.4290443712730915e-08 86.7602122800328 11584.482664326415
1.4298147163278229e-08 86.71346825109386 11731.202241045992
1.430585052293855e-08 86.66677511444595 11860.400386650388
1.431355379170818e-08 86.62013278705341 11931.60885989011
1.4321256969583398e-08 86.5735411860612 11925.384043040294
1.4328960056560485e-08 86.52700022879436 11913.875852157104
1.4336663052635734e-08 86.4805098327574 11882.334656084657
1.4344365957805433e-08 86.43406991563396 11843.657471001221
1.4352068772065861e-08 86.38768039528628 11782.51856939357
1.4359771495413303e-08 86.34134118975473 11717.419553825805
1.4367474127844042e-08 86.29505221725726 11615.507542226293
1.4375176669354364e-08 86.24881339618901 11638.676421957673
1.438287911994055e-08 86.20262464512176 11674.209910459911
1.4390581479598873e-08 86.15648588280354 11645.875814000814
1.439828374832562e-08 86.11039702815802 11620.028362840863
1.4405985926117079e-08 86.06435800028409 11576.508826821328
1.4413688012969511e-08 86.01836871845555 11546.307743182744
1.44213900088792e-08 85.97242910212039 11568.338420838421
1.4429091913842428e-08 85.92653907090039 11576.868068274318
1.443679372785547e-08 85.88069854459077 11541.248346560847
1.4444495450914599e-08 85.8349074431596 11435.418256512006
1.445219708301609e-08 85.78916568674737 11327.185910154662
1.4459898624156219e-08 85.74347319566655 11271.154545685797
1.4467600074331263e-08 85.69782989040107 11197.035383597884
1.4475301433537484e-08 85.65223569160597 11075.18047924298
1.4483002701771163e-08 85.60669052010678 10992.134844322345
1.4490703879028568e-08 85.56119429689922 10984.3001500814
1.449840496530597e-08 85.51574694314859 11005.802108770858
1.450610596059964e-08 85.47034838018948 11050.727322446073
1.4513806864905848e-08 85.42499852952517 11088.526022588523
1.4521507678220853e-08 85.37969731282733 11159.294045075296
1.4529208400540936e-08 85.33444465193533 11231.232638888889
1.4536909031862351e-08 85.28924046885612 11270.820423789175
1.4544609572181372e-08 85.24408468576344 11271.266661579162
1.4552310021494266e-08 85.1989772249976 11266.195754477005
1.4560010379797286e-08 85.15391800906507 11240.96102971103
1.4567710647086706e-08 85.10890696063775 11242.376628001628
1.4575410823358788e-08 85.06394400255283 11215.225694444445
1.4583110908609788e-08 85.01902905781225 11174.882733007733
1.459081090283598e-08 84.97416204958213 11114.640567765568
1.459851080603361e-08 84.92934290119263 11070.170113451364
1.4606210618198947e-08 84.88457153613713 11067.277103683355
1.4613910339328245e-08 84.83984787807218 11079.758089133089
1.4621609969417766e-08 84.79517185081671 11085.311291717542
1.4629309508463761e-08 84.75054337835194 11152.149152930404
1.4637008956462502e-08 84.70596238482057 11263.305924399674
1.4644708313410232e-08 84.66142879452676 11419.684765466016
1.4652407579303205e-08 84.61694253193542 11545.016534391534
1.4660106754137685e-08 84.57250352167183 11660.819915038666
1.4667805837909924e-08 84.52811168852126 11736.612802706553
1.4675504830616172e-08 84.4837669574286 11802.496756715507
1.4683203732252677e-08 84.43946925349782 11813.178100834351
1.46909025428157e-08 84.39521850199155 11744.393632987383
1.4698601262301489e-08 84.3510146283308 11621.302401302402
1.4706299890706286e-08 84.30685755809442 11465.980616605617
1.4713998428026356e-08 84.26274721701863 11336.94717897843
1.4721696874257933e-08 84.21868353099686 11273.452126577127
1.472939522939727e-08 84.17466642607899 11227.741465710216
1.4737093493440621e-08 84.13069582847116 11213.210152116402
1.4744791666384224e-08 84.08677166453538 11195.470403439154
1.4752489748224323e-08 84.04289386078898 11118.564433251933
1.476018773895717e-08 83.99906234390426 11052.0233007733
1.4767885638579003e-08 83.95527704070808 10982.317803724054
1.4775583447086074e-08 83.91153787818148 10970.022830179081
1.4783281164474617e-08 83.86784478345928 10932.319012006512
1.4790978790740874e-08 83.82419768382964 10875.479624542126
1.479867632588109e-08 83.78059650673359 10842.322573260073
1.4806373769891506e-08 83.7370411797648 10859.443617724868
1.4814071122768359e-08 83.69353163066903 10917.249631155883
1.4821768384507886e-08 83.65006778734383 10954.212581400081
1.482946555510633e-08 83.60664957783804 10968.602017195768
1.4837162634559925e-08 83.56327693035148 10976.26786986162
1.4844859622864908e-08 83.51994977323453 10968.231265262515
1.4852556520017514e-08 83.47666803498771 10921.130761599512
1.486025332601398e-08 83.43343164426132 10838.30725986976
1.4867950040850538e-08 83.39024052985503 10726.673153235653
1.4875646664523425e-08 83.34709462071748 10573.470505189256
1.4883343197028875e-08 83.30399384594591 10446.905652218153
1.489103963836311e-08 83.26093813478583 10383.285002035003
1.4898735988522373e-08 83.21792741663043 10373.785803317054
1.4906432247502885e-08 83.17496162102047 10368.0580993081
1.4914128415300884e-08 83.13204067764367 10411.807972120472
1.4921824491912587e-08 83.08916451633449 10425.321085164836
1.492952047733424e-08 83.04633306707358 10412.182030932032
1.4937216371562056e-08 83.00354625998754 10335.426014957266
1.4944912174592268e-08 82.96080402534852 10167.449124949126
1.4952607886421093e-08 82.91810629357381 10061.953856328857
1.4960303507044772e-08 82.87545299522537 10166.803584147334
1.496799903645952e-08 82.83284406100967 10144.692015160766
1.4975694474661557e-08 82.79027942177714 10129.037316849817
1.4983389821647113e-08 82.74775900852184 10106.919261294262
1.4991085077412408e-08 82.70528275238112 10138.091104497355
1.4998780241953658e-08 82.66285058463524 10149.439802096053
1.500647531526709e-08 82.62046243670693 10193.119912494913
1.501417029734892e-08 82.57811824016113 10302.331476393976
1.5021865188195375e-08 82.53581792670451 10416.410892348393
1.5029559987802664e-08 82.49356142818526 10554.289593508343
1.5037254696167008e-08 82.45134867659253 10685.90176027676
1.5044949313284625e-08 82.40917960405618 10828.492381461132
1.5052643839151727e-08 82.36705414284646 10910.038983007733
1.5060338273764535e-08 82.32497222537347 10863.439725783477
1.5068032617119257e-08 82.28293378418704 10791.357028388278
1.507572686921211e-08 82.24093875197616 10701.90279049654
1.508342103003931e-08 82.19898706156869 9103.18515974766
1.5091115099597065e-08 82.1570786459311 5915.311037342288
