string
20201019p3.2_degreeper_secondprocessedoffset angle 0.018143133866652134 in rad by: offset_angle in degree:_2.7offset 0th. order in px_-110
nm eV  counts
1.814213851047364e-09 683.4045112028117 929.3793196097884
1.8220181866625935e-09 680.4772527344657 1454.1044250165344
1.8298224670556368e-09 677.5749846854932 1860.8227513227514
1.8376266922228222e-09 674.6973883975652 1939.5323247354497
1.8454308621604787e-09 671.8441506071322 1943.7355014054233
1.8532349768649361e-09 669.0149633317405 1994.419642857143
1.8610390363325228e-09 666.2095237592129 1979.8876901455026
1.8688430405595685e-09 663.427534139604 1944.1251240079366
1.8766469895424005e-09 660.6687016798594 1952.297371031746
1.8844508832773494e-09 657.9327384410884 1967.0173094411375
1.8922547217607436e-09 655.2193612383861 1978.1813306051588
1.9000585049889112e-09 652.5282915431228 1980.001167741402
1.9078622329581818e-09 649.8592553876349 1966.9943059689153
1.9156659056648838e-09 647.2119832722468 1988.303158068783
1.9234695231053457e-09 644.5862100745591 2016.9989769345239
1.931273085275896e-09 641.9816749609361 2008.4066943617725
1.939076592172864e-09 639.3981213001335 2038.7710813492063
1.946880043792577e-09 636.8352965790061 2062.786685681217
1.954683440131365e-09 634.2929523202337 2081.3067956349205
1.9624867811855554e-09 631.7708440020141 2096.9759011243386
1.9702900669514766e-09 629.2687309796647 2080.89666005291
1.9780932974254578e-09 626.7863764090816 2124.022548776455
1.985896472603826e-09 624.3235471720056 2173.1667906746034
1.9936995924829107e-09 621.8800138030433 2197.991588128307
2.0015026570590396e-09 619.4555504183985 2205.8122933201057
2.00930566632854e-09 617.0499346462643 2268.1610656415346
2.017108620287742e-09 614.662947558833 2351.035755621693
2.024911518932972e-09 612.2943736058796 2347.071304563492
2.032714362260558e-09 609.9440005498758 2388.440372850529
2.0405171502668297e-09 607.6116194025939 2437.326678240741
2.0483198829481136e-09 605.2970243631624 2456.920407572751
2.0561225603007376e-09 603.0000127575321 2477.352699239418
2.0639251823210295e-09 600.7203849793162 2486.802352017196
2.0717277490053177e-09 598.4579444319698 2557.1638144841268
2.07953026034993e-09 596.2124974722713 2616.5973255621693
2.087332716351193e-09 593.9838533550735 2654.4826802248676
2.095135117005436e-09 591.7718241792887 2791.425223214286
2.102937462308985e-09 589.5762248350799 2881.202277612434
2.1107397522581683e-09 587.3968729522213 2977.0544808201057
2.1185419868493137e-09 585.233588849604 3072.257750496032
2.126344166078748e-09 583.0861954858523 3056.0078125
2.134146289942799e-09 580.9545184110249 3117.7517154431216
2.141948358437794e-09 578.8383857193734 3093.913483796296
2.1497503715600603e-09 576.737628003129 3137.9577752976193
2.157552329305925e-09 574.6520783072947 3175.5564029431216
2.1653542316717157e-09 572.5815720854139 3377.7024636243386
2.173156078653759e-09 570.5259471562944 3659.8658854166665
2.1809578702483818e-09 568.4850436616609 3751.3171296296296
2.188759606451912e-09 566.4587040247145 3708.209408068783
2.1965612872606767e-09 564.4467729095766 3748.537967096561
2.2043629126710017e-09 562.4490971815942 3735.2242063492063
2.212164482679215e-09 560.4655258684865 3638.8195064484125
2.219965997281643e-09 558.4959101223108 3468.855530753968
2.2277674564746124e-09 556.5401031822298 3205.291439318783
2.2355688602544505e-09 554.5979603380576 3148.8993468915346
2.243370208617483e-09 552.6693388945683 3279.9035424933863
2.2511715015600377e-09 550.7540981365468 3548.9680266203704
2.2589727390784405e-09 548.8520992945644 3902.096064814815
2.2667739211690177e-09 546.9632055114631 4105.980861441799
2.2745750478280966e-09 545.087281809528 4339.843129960317
2.282376119052003e-09 543.2241950583366 4653.999710648148
2.290177134837063e-09 541.3738139432626 4952.239500661376
2.297978095179604e-09 539.5360089346246 5101.536375661376
2.3057790000759513e-09 537.7106522574603 5039.701223544974
2.313579849522432e-09 535.897617861913 4842.441261574074
2.3213806435153717e-09 534.0967813942162 4848.62888558201
2.3291813820510964e-09 532.3080201682616 5141.8682208994705
2.3369820651259324e-09 530.5312131377368 5391.405505952381
2.3447826927362056e-09 528.7662408688207 5590.48544973545
2.3525832648782425e-09 527.0129855134212 5490.1166087962965
2.360383781548368e-09 525.2713307829463 5424.631820436508
2.3681842427429084e-09 523.5411619225913 5389.688864087301
2.3759846484581897e-09 521.8223656861359 5267.5776289682535
2.3837849986905373e-09 520.1148303112342 4848.257936507936
2.3915852934362773e-09 518.4184454951907 4337.553530092592
2.3993855326917347e-09 516.7331023712084 3827.5860615079364
2.4071857164532363e-09 515.0586934850984 3421.2268518518517
2.414985844717106e-09 513.3951127724439 3213.5729993386244
2.42278591747967e-09 511.7422555362026 3128.610015707672
2.4305859347372545e-09 510.10001842474287 3087.0989583333335
2.4383858964861833e-09 508.46829941030205 3063.68251901455
2.4461858027227826e-09 506.84699776785567 3081.2124875992063
2.453985653443378e-09 505.23601405439183 3072.71484375
2.461785448644294e-09 503.6352500885793 3049.751281415344
2.469585188321855e-09 502.0446089308213 3091.4405381944443
2.4773848724723874e-09 500.463994863686 3100.1369047619046
2.485184501092216e-09 498.8933133727074 3087.4651537698414
2.4929840741776653e-09 497.3324711275455 3231.484375
2.5007835917250605e-09 495.7813759635001 3541.4663938492063
2.508583053730726e-09 494.23993686337013 3929.488673941799
2.5163824601909875e-09 492.70806393964983 4263.3020419973545
2.524181811102169e-09 491.18566841705626 4432.6239666005295
2.531981106460594e-09 489.6726626153797 4601.7687251984125
2.5397803462625897e-09 488.1689599326501 4985.596519510582
2.5475795305044786e-09 486.6744748286141 5175.206266534392
2.555378659182586e-09 485.1891228085135 5027.935226521164
2.5631777322932357e-09 483.71282040716187 4783.101810515873
2.570976749832753e-09 482.2454851733095 4565.220940806878
2.5787757117974616e-09 480.7870356542943 4520.2812913359785
2.586574618183686e-09 479.33739138096917 4377.866443452381
2.5943734689877497e-09 477.89647285290243 3947.8698743386244
2.602172264205978e-09 476.46420152384394 3592.3093791335978
2.6099710038346932e-09 475.0404997874535 3363.9174520502647
2.617769687870221e-09 473.6252909632824 3283.524016203704
2.625568316308885e-09 472.21849928300753 3420.109457671958
2.633366889147008e-09 470.82004987690874 3627.6490988756614
2.641165406380916e-09 469.42986876058643 3846.448640046296
2.6489638680069302e-09 468.047882821915 3925.5930059523807
2.656762274021375e-09 466.67401980822433 3975.7420221560847
2.6645606244205752e-09 465.3082083137086 4015.527281746032
2.6723589192008536e-09 463.9503777670548 4051.441964285714
2.680157158358533e-09 462.60045841928826 3970.9783812830688
2.6879553418899388e-09 461.25838133182833 3893.765666335979
2.6957534697913924e-09 459.9240783647542 4126.636904761905
2.703551542059218e-09 458.5974821652715 4436.548115079365
2.7113495586897383e-09 457.2785261563798 4322.028728505291
2.719147519679277e-09 455.96714452573485 4296.734126984127
2.7269454250241576e-09 454.66327221470186 4262.597346230159
2.7347432747207027e-09 453.3668449075969 4168.001240079365
2.7425410687652348e-09 452.0777990211116 3817.8386243386244
2.750338807154077e-09 450.79607169391807 3234.492786871693
2.7581364898835524e-09 449.5216007764504 2814.889984292328
2.7659341169499852e-09 448.254324820859 2691.389674272487
2.7737316883496957e-09 446.99418307113575 2665.7550223214284
2.7815292040790077e-09 445.74111545340344 2695.6684854497353
2.7893266641342445e-09 444.4950625663697 2788.3712177579364
2.7971240685117272e-09 443.2559656719411 2899.3408564814813
2.804921417207779e-09 442.02376668599237 3009.787491732804
2.8127187102187227e-09 440.79840816929106 3010.567977017196
2.82051594754088e-09 439.579833318572 3108.011615410053
2.828313129170574e-09 438.36798595776 3263.370494378307
2.836110255104126e-09 437.1628105293369 3418.1447792658732
2.8439073253378594e-09 435.96425208585157 3439.4553571428573
2.851704339868094e-09 434.7722562815693 3486.878265542328
2.859501298691154e-09 433.58676936425684 3888.4212136243386
2.8672982018033605e-09 432.40773816710356 4397.404885912699
2.8750950492010356e-09 431.2351101007725 4540.521040013227
2.882891840880501e-09 430.06883314558144 4470.515873015873
2.890688576838078e-09 428.908855843811 4589.0541914682535
2.8984852570700894e-09 427.75512729213557 4785.038814484127
2.906281881572856e-09 426.6075971341782 4795.878761574074
2.914078450342699e-09 425.4662155531837 4301.635416666667
2.921874963375941e-09 424.3309332648096 4286.7208994709
2.929671420668903e-09 423.20170151003265 4640.7473544973545
2.9374678222179053e-09 422.07847204816846 4876.335152116402
2.94526416801927e-09 420.9611971500013 4511.789723875661
2.953060458069319e-09 419.8498295910239 4312.7166418650795
2.960856692364372e-09 418.74432264478395 4014.05291005291
2.9686528709007516e-09 417.64463007633503 3893.2693245701057
2.976448993674778e-09 416.5507061357914 3352.265625
2.9842450606827717e-09 415.46250555198316 2712.575686177249
2.9920410719210537e-09 414.3799835262115 2384.5902571097886
2.9998370273859455e-09 413.30309572610054 2347.182457010582
3.007632927073768e-09 412.2317982795461 2460.728897982804
3.0154287709808405e-09 411.1660477687576 2671.3771908068784
3.0232245591034846e-09 410.1058012243922 2853.977451223545
3.03102029143802e-09 409.0510161197802 3105.7226355820108
3.0388159679807687e-09 408.00165036523885 3416.138744212963
3.0466115887280493e-09 406.9576623024744 3609.4232390873017
3.0544071536761833e-09 405.9190106990686 3675.3856026785716
3.0622026628214902e-09 404.88565474305136 3770.21662119709
3.0699981161602903e-09 403.85755403755434 3767.5259796626983
3.077793513688904e-09 402.8346685955472 3670.5353422619046
3.0855888554036516e-09 401.8169588346534 3304.3652860449733
3.0933841413008517e-09 400.8043855720445 2953.287967096561
3.101179371376825e-09 399.7969100194111 2649.6279968584654
3.108974545627892e-09 398.7944937780102 2373.875062003968
3.116769664050371e-09 397.79709883378695 2100.032820767196
3.1245647266405825e-09 396.80468755256896 1746.5633680555557
3.132359733394846e-09 395.81722267533297 1556.5546358300264
3.140154684309481e-09 394.83466731354196 1525.1226128472222
3.1479495793808068e-09 393.85698494455175 1524.8830501818784
3.1557444186051426e-09 392.88413940708534 1582.9589327050264
3.1635392019788093e-09 391.91609489677484 1647.7949012070105
3.1713339294981226e-09 390.9528159617694 1717.425212880291
3.1791286011594044e-09 389.9942674984061 1813.7613570601852
3.1869232169589733e-09 389.04041474694725 1911.7052228009259
3.194717776893148e-09 388.09122328737794 1979.8071263227514
3.202512280958248e-09 387.1466590352659 2031.2581845238096
3.2103067291505905e-09 386.2066882376819 2042.8762194113756
3.218101121466497e-09 385.27127746917887 2091.6821883267194
3.2258954579022834e-09 384.34039362783057 2131.976665839947
3.2336897384542686e-09 383.4140039313263 2101.7934854497353
3.2414839631187734e-09 382.4920759131223 2108.5890376984125
3.2492781318921144e-09 381.5745774186501 2114.7372271825398
3.2570722447706098e-09 380.6614766015773 2129.7189566798943
3.2648663017505786e-09 379.7527419201231 2116.823681382275
3.2726603028283396e-09 378.8483421334266 2090.1992394179892
3.2804542480002093e-09 377.94824629796676 2081.215877149471
3.2882481372625075e-09 377.05242376403277 2058.650710978836
3.2960419706115508e-09 376.1608441722461 2028.4433077050264
3.3038357480436582e-09 375.27347745012975 1999.8468295304233
3.311629469555147e-09 374.3902938087283 1985.9967757936508
3.3194231351423343e-09 373.51126373927343 1991.567935681217
3.3272167448015394e-09 372.6363580098982 2093.979621362434
3.3350102985290786e-09 371.7655476623962 2426.9890252976193
3.3428037963212698e-09 370.8988040090271 3157.294353505291
3.350597238174431e-09 370.03609862936577 3673.1685887896824
3.3583906240848775e-09 369.17740336719675 3732.298466435185
3.3661839540489305e-09 368.3226903274497 3926.6440145502647
3.3739772280629025e-09 367.47193187318084 4005.789558531746
3.3817704461231146e-09 366.6251006225919 3928.016906415344
3.3895636082258814e-09 365.7821694460944 3496.5543981481483
3.397356714367521e-09 364.9431114634111 2732.1778273809523
3.40514976454435e-09 364.1079000407197 2213.549851190476
3.4129427587526864e-09 363.2765087878339 2083.065476190476
3.420735696988844e-09 362.44891155542496 1978.5527240410054
3.4285285792491415e-09 361.62508243227876 1934.5973048941798
3.4363214055298956e-09 360.8049957425928 1900.4271040013227
3.4441141758274223e-09 359.98862604330816 1881.2137690145503
3.4519068901380386e-09 359.17594812147854 1886.2063388723545
3.4596995484580586e-09 358.36693699167466 1873.3417452050264
3.467492150783802e-09 357.5615678934232 1846.8561197916667
3.4752846971115824e-09 356.7598162886815 1811.378833912037
3.4830771874377175e-09 355.961657859345 1815.9772445436508
3.4908696217585214e-09 355.16706850478863 1806.557632688492
3.498662000070312e-09 354.3760243394411 1798.9535383597884
3.5064543223694037e-09 353.58850169039147 1854.0194175760582
3.5142465886521136e-09 352.80447709502783 1960.4528873181216
3.522038798914756e-09 352.0239272987073 2024.5981316137565
3.529830953153648e-09 351.2468292524563 2060.31214864418
3.5376230513651025e-09 350.47316011070274 2126.549148478836
3.545415093545438e-09 349.7028972290363 2198.296440972222
3.553207079690968e-09 348.9360181619999 2302.700169477513
3.5609990097980082e-09 348.1725006609093 2320.00568369709
3.5687908838628737e-09 347.4123226717012 2358.36150380291
3.57658270188188e-09 346.65546233281015 2417.748015873016
3.5843744638513423e-09 345.9018979730728 2460.2787078373017
3.5921661697675748e-09 345.15160810965943 2410.3600363756614
3.5999578196268926e-09 344.4045714460327 2342.274780919312
3.6077494134256094e-09 343.66076686993256 2258.9464699074074
3.6155409511600435e-09 342.92017345138686 2145.758411871693
3.6233324328265043e-09 342.18277044074955 2053.5295138888887
3.6311238584213097e-09 341.4485372667612 1932.4265562996031
3.6389152279407733e-09 340.7174535346373 1850.5181051587301
3.64670654138121e-09 339.98949902417905 1764.6664083167989
3.654497798738933e-09 339.26465368791025 1685.3519758597884
3.6622890000102573e-09 338.5428976492357 1643.119068287037
3.670080145191496e-09 337.82421120062554 1598.5508845899471
3.677871234278964e-09 337.10857480182057 1580.9161499669312
3.685662267268975e-09 336.39596907806214 1575.0008783895503
3.693453244157843e-09 335.6863748183429 1555.493892609127
3.7012441649418816e-09 334.97977297368135 1554.8933428406085
3.7090350296174036e-09 334.27614465541654 1534.1202876984128
3.7168258381807233e-09 333.5754711335252 1519.459521742725
3.7246165906281546e-09 332.8777338349598 1499.5997230489418
3.732407286956009e-09 332.18291434200796 1519.4282200727514
3.740197927160603e-09 331.4909943906709 1556.603236607143
3.747988511238247e-09 330.8019558690642 1687.4600591104497
3.755779039185256e-09 330.1157808158369 1938.5872809193122
3.763569510997943e-09 329.43245141861075 2160.3840319113756
3.771359926672617e-09 328.7519500124397 2253.9396494708994
3.779150286205595e-09 328.0742590782864 2502.1614583333335
3.78694058959319e-09 327.3993612415197 2551.7746569113756
3.794730836831712e-09 326.7272392704302 2558.6272321428573
3.802521027917475e-09 326.0578760747624 2481.6651165674602
3.810311162846791e-09 325.3912547042676 2278.4668485449733
3.818101241615974e-09 324.72735834727195 2121.1939897486773
3.825891264221335e-09 324.066170329264 1975.808345734127
3.8336812306591854e-09 323.4076741114985 1840.3957299933863
3.841471140925839e-09 322.7518532896171 1821.5887483465608
3.8492609950176065e-09 322.0986915922866 1840.4004836309523
3.857050792930801e-09 321.448172879853 1832.7617290839946
3.8648405346617345e-09 320.8002811430123 1788.288173776455
3.872630220206717e-09 320.1550005014971 1800.2096664186508
3.880419849562061e-09 319.5123152027792 1799.0456142526455
3.888209422724079e-09 318.8722096207877 1741.098400297619
3.8959989396890814e-09 318.23466825464266 1649.7124772652116
3.9037884004533795e-09 317.59967572740396 1570.1170531580688
3.911577805013286e-09 316.96721678483476 1571.1963975694443
3.919367153365111e-09 316.33727629418036 1609.6976686507937
3.927156445505166e-09 315.70983924296104 1651.7946221891534
3.9349456814297616e-09 315.0848907377797 1692.3988508597884
3.94273486113521e-09 314.46241600314295 1707.6857845568784
3.95052398461782e-09 313.84240038029753 1696.520275297619
3.9583130518739035e-09 313.22482932607903 1675.7465277777778
3.966102062899772e-09 312.6096884117747 1552.839771412037
3.9738910176917345e-09 311.9969633220003 1473.5799747850529
3.981679916246102e-09 311.38663985358926 1414.3985821759259
3.989468758559186e-09 310.7787039144953 1374.09197255291
3.997257544627295e-09 310.173141522708 1391.5218460648148
4.005046274446741e-09 309.5699388051807 1590.5567439649471
4.0128349480138314e-09 308.96908199677114 1781.9432353670634
4.020623565324878e-09 308.3705574391945 1805.713676008598
4.028412126376192e-09 307.7743515799883 1875.4453125
4.0362006311640825e-09 307.18045097148973 1909.8989955357142
4.043989079684856e-09 306.58884226982485 1919.627914186508
4.0517774719348254e-09 305.9995122339082 1873.9184544477514
4.059565807910301e-09 305.4124477244561 1905.9034391534392
4.06735408760759e-09 304.82763570300983 2015.691695601852
4.075142311023001e-09 304.24506323097 2034.6094990079366
4.0829304781528475e-09 303.6647174686426 2022.336474867725
4.0907185889934335e-09 303.0865856742962 2132.1776000330688
4.098506643541071e-09 302.5106552032285 2146.309627149471
4.10629464179207e-09 301.93691350684526 2113.8597470238096
4.114082583742736e-09 301.3653481317489 1916.400359623016
4.121870469389379e-09 300.7959467188368 1713.016544725529
4.129658298728309e-09 300.2286970024112 1643.9040385251324
4.137446071755834e-09 299.6635868092983 1667.5378120866403
4.145233788468261e-09 299.10060405797725 1681.8927848048943
4.1530214488619e-09 298.5397367577195 1723.168433779762
4.1608090529330595e-09 297.98097300773713 1717.368861607143
4.168596600678046e-09 297.4243009963418 1660.3022280092594
4.176384092093169e-09 296.86970900011164 1641.337921626984
4.1841715271747365e-09 296.31718538306876 1613.0456762566137
4.191958905919055e-09 295.7667185958657 1616.1171875
4.199746228322434e-09 295.21829717498014 1572.4489500661375
4.207533494381179e-09 294.6719097419196 1528.6182622354497
4.215320704091601e-09 294.1275450024341 1532.072937334656
4.2231078574500035e-09 293.58519174573854 1562.1536975033068
4.230894954452697e-09 293.04483884374264 1522.6050863921957
4.238681995095987e-09 292.50647525029 1521.307674024471
4.246468979376181e-09 291.9700900004057 1467.4143931878307
4.2542559072895855e-09 291.43567220955117 1412.3563471395503
4.262042778832509e-09 290.90321107288867 1316.9065186838625
4.269829594001259e-09 290.3726958645528 1253.2159184854497
4.277616352792139e-09 289.8441159369305 1234.4390397652116
4.2854030552014575e-09 289.3174607199484 1231.2989934689153
4.293189701225522e-09 288.79271972036844 1240.8982514880952
4.300976290860639e-09 288.26988252109106 1227.0017257771165
4.308762824103113e-09 287.748938780466 1240.6282758763227
4.316549300949252e-09 287.22987823160986 1241.346984540344
4.32433572139536e-09 286.7126906817325 1249.9925181878307
4.3321220854377454e-09 286.1973660114689 1270.3997395833333
4.339908393072714e-09 285.68389417422 1286.7258391203704
4.3476946442965696e-09 285.17226519549956 1298.9699074074074
4.35548083910562e-09 284.66246917228796 1332.5975115740741
4.36326697749617e-09 284.15449627239377 1387.877945188492
4.3710530594645256e-09 283.6483367338215 1408.5394965277778
4.378839085006992e-09 283.143980864146 1408.621310763889
4.386625054119874e-09 282.6414190398943 1444.4960420800264
4.394410966799478e-09 282.14064170593304 1463.5145399305557
4.402196823042108e-09 281.6416393748633 1451.458343667328
4.40998262284407e-09 281.14440262642125 1431.1950024801588
4.417768366201668e-09 280.6489221068854 1395.805679563492
4.425554053111206e-09 280.1551885284903 1385.9710751488096
4.4333396835689925e-09 279.6631926688457 1395.319992146164
4.441125257571329e-09 279.1729253703629 1411.7854662698412
4.44891077511452e-09 278.6843775396866 1401.8339017030423
4.45669623619487e-09 278.197540147132 1411.1913545800264
4.464481640808685e-09 277.71240422612925 1383.8126033399471
4.472266988952268e-09 277.2289608726728 1382.02734375
4.480052280621922e-09 276.74720124477636 1345.0732886904761
4.4878375158139535e-09 276.26711656193413 1320.8168092757937
4.495622694524663e-09 275.78869810458747 1282.520099619709
4.503407816750358e-09 275.31193721359654 1275.828693369709
4.511192882487339e-09 274.8368252897185 1247.5374400628307
4.5189778917319114e-09 274.36335379309 1230.032562417328
4.5267628444803796e-09 273.89151424271574 1225.471984540344
4.534547740729046e-09 273.4212982159622 1198.518787202381
4.542332580474211e-09 272.95269734805663 1178.9242311507937
4.550117363712181e-09 272.4857033315902 1163.9435453869048
4.557902090439258e-09 272.02030791602795 1135.724609375
4.565686760651746e-09 271.5565029072228 1132.2902095734128
4.573471374345945e-09 271.0942801669345 1124.262462797619
4.581255931518161e-09 270.6336316123533 1132.379226603836
4.589040432164695e-09 270.17454921562955 1158.1042906746031
4.59682487628185e-09 269.71702500340683 1177.9945229828043
4.604609263865927e-09 269.2610510563606 1206.2894035218253
4.612393594913232e-09 268.8066195087408 1227.7612330522486
4.6201778694200615e-09 268.35372254792065 1202.5291108630952
4.627962087382722e-09 267.9023524139476 1186.907169725529
4.635746248797514e-09 267.45250139910104 1151.317863343254
4.6435303536607375e-09 267.0041618474535 1117.9847676917989
4.651314401968696e-09 266.5573261544358 1090.389663938492
4.659098393717693e-09 266.11198676640777 1089.0536851025133
4.666882328904027e-09 265.66813618023224 1090.489810681217
4.674666207524002e-09 265.2257669428536 1089.1798838458994
4.682450029573916e-09 264.78487165088126 1096.0716352513227
4.690233795050071e-09 264.34544295017565 1093.6818473048943
4.69801750394877e-09 263.9074735354401 1114.2026083002645
4.705801156266313e-09 263.47095614981583 1117.548580109127
4.713584751999002e-09 263.03588358448104 1096.2330212466932
4.721368291143135e-09 262.60224867825434 1082.3648623511904
4.729151773695014e-09 262.1700443172016 1080.3497437169312
4.736935199650939e-09 261.73926343424694 1063.0407882771165
4.7447185690072135e-09 261.3098990087876 1062.5711185515872
4.752501881760133e-09 260.88194406631305 1063.4365492724867
4.760285137905999e-09 260.4553916780263 1093.9932105654761
4.768068337441115e-09 260.0302349604708 1123.5475260416667
4.775851480361776e-09 259.6064670751602 1154.628441220238
4.783634566664286e-09 259.184081228211 1206.4341517857142
4.7914175963449424e-09 258.7630706699805 1306.8887752149471
4.799200569400044e-09 258.34342869470635 1473.0946180555557
4.806983485825892e-09 257.925148640151 1569.4596767526455
4.814766345618786e-09 257.5082238872491 1631.8367745535713
4.822549148775025e-09 257.09264785975824 1623.5496238425926
4.830331895290907e-09 256.67841402391355 1640.512607473545
4.838114585162732e-09 256.26551588808474 1563.810867228836
4.845897218386797e-09 255.85394700243742 1460.576388888889
4.853679794959405e-09 255.44370095859693 1283.8535982969577
4.8614623148768505e-09 255.03477138931638 1154.770916005291
4.869244778135433e-09 254.62715196814642 1095.464595734127
4.8770271847314536e-09 254.22083640910944 1057.881892774471
4.884809534661208e-09 253.81581846637653 1026.4382233796296
4.8925918279209945e-09 253.41209193394732 1004.2704406415344
4.900374064507112e-09 253.0096506453329 998.4785259589947
4.908156244415858e-09 252.6084884732421 978.1828600363757
4.915938367643531e-09 252.2085993292703 971.111736317791
4.923720434186428e-09 251.80997716359175 974.4079861111111
4.931502444040848e-09 251.412615964654 971.573474702381
4.9392843972030865e-09 251.01650975887637 978.250831886574
4.947066293669442e-09 250.62165261034994 992.64453125
4.954848133436212e-09 250.2280386205415 1019.0309916501323
4.962629916499694e-09 249.8356619279996 1028.5144469246031
4.9704116428561826e-09 249.4445167080639 1047.1644448578043
4.978193312501977e-09 249.05459717257656 1070.9378410218253
4.985974925433374e-09 248.665897569597 1048.5473813657406
4.9937564816466705e-09 248.27841218311903 1043.478443287037
5.0015379811381635e-09 247.8921353327907 1040.9327256944443
5.009319423904146e-09 247.5070613736368 1044.4875785383597
5.017100809940919e-09 247.12318469578344 1036.2266245039682
5.0248821392447735e-09 246.74049972418644 1089.3590339781747
5.0326634118120115e-09 246.35900091836046 1126.043754133598
5.040444627638925e-09 245.9786827721126 1132.7371858465608
5.048225786721809e-09 245.59953981327698 1170.5410259589946
5.0560068890569634e-09 245.221566603452 1177.0464616402116
5.063787934640681e-09 244.8447577377412 1173.131107390873
5.071568923469259e-09 244.46910784449477 1120.9284267526455
5.07934985553899e-09 244.09461158505488 1066.213210978836
5.087130730846171e-09 243.72126365350246 1042.614273313492
5.0949115493870974e-09 243.34905877640676 1037.4251198743386
5.102692311158066e-09 242.9779917125769 1033.981956845238
5.110473016155366e-09 242.6080572528164 1046.633308531746
5.118253664375298e-09 242.23925021967855 1068.5326037533068
5.126034255814153e-09 241.87156546722568 1088.8410424933863
5.133814790468229e-09 241.50499788078932 1103.352843915344
5.141595268333817e-09 241.1395423767334 1100.7657386739418
5.149375689407214e-09 240.77519390221897 1097.0022218088625
5.157156053684711e-09 240.4119474349716 1075.7263764880952
5.164936361162605e-09 240.0497979830503 1031.866650132275
5.172716611837189e-09 239.6887405846192 1036.7941468253969
5.1804968057047564e-09 239.3287703077207 1042.1965835813492
5.1882769427616e-09 238.96988225005103 1045.6226335152116
5.196057023004016e-09 238.61207153873764 1046.271980406746
5.203837046428296e-09 238.25533333011876 1079.2601169808202
5.2116170130307335e-09 237.8996628095248 1085.2268001818784
5.219396922807621e-09 237.54505519106178 1076.8198268022486
5.227176775755254e-09 237.19150571739647 1037.8290757275133
5.234956571869921e-09 236.83900965954413 976.3536499669312
5.24273631114792e-09 236.48756231665703 920.2367311507936
5.250515993585541e-09 236.13715901581608 912.1665064897487
5.2582956191790764e-09 235.78779511182336 904.3216610863095
5.26607518792482e-09 235.439465986997 889.8852203207672
5.273854699819063e-09 235.0921670509677 901.0994130291006
5.281634154858096e-09 234.74589374047733 902.0510757688492
5.289413553038215e-09 234.4006415191784 892.8139880952381
5.297192894355709e-09 234.05640587743687 886.8136729083994
5.30497217880687e-09 233.71318233213518 886.5767040757275
5.312751406387991e-09 233.37096642647776 889.4182994378307
5.3205305770953624e-09 233.0297537297984 885.3744884672619
5.328309690925278e-09 232.68953983736856 888.3229373346561
5.336088747874024e-09 232.35032037020852 883.5836020171957
5.343867747937897e-09 232.01209097489868 871.364738343254
5.351646691113186e-09 231.67484732339403 871.4053509424604
5.359425577396181e-09 231.33858511283933 885.7752201140873
5.367204406783175e-09 231.00330006538573 909.346038979828
5.374983179270455e-09 230.66898792801018 941.4250010333994
5.382761894854315e-09 230.33564447233474 967.7209408068783
5.3905405535310455e-09 230.00326549444887 991.4278273809524
5.3983191552969335e-09 229.67184681473267 1001.2061011904761
5.406097700148273e-09 229.34138427768133 992.274253885582
5.413876188081351e-09 229.01187375173197 969.0413049768518
5.421654619092458e-09 228.6833111290911 920.5913473462301
5.429432993177886e-09 228.35569232556384 892.8000113673942
5.43721131033392e-09 228.02901328038527 872.501720610119
5.444989570556856e-09 227.7032699560518 864.4634434937169
5.452767773842979e-09 227.3784583381558 855.645988343254
5.460545920188579e-09 227.05457443521996 844.5485026041666
5.4683240095899445e-09 226.73161427853412 850.8057570684524
5.476102042043366e-09 226.409573921993 856.6805503885582
5.483880017545132e-09 226.08844944193575 894.5879112929895
5.49165793609153e-09 225.76823693698643 951.7546606316138
5.499435797678852e-09 225.4489325278958 991.6844773065476
5.507213602303382e-09 225.13053235738536 1016.2139033564815
5.514991349961411e-09 224.81303258999122 1019.9460668816138
5.522769040649225e-09 224.49642941191067 1027.6587301587301
5.530546674363115e-09 224.1807190308491 1011.2070725859788
5.538324251099367e-09 223.86589767586892 940.1852420221561
5.54610177085427e-09 223.55196159723923 859.9569330770503
5.553879233624113e-09 223.23890706628697 804.9526703042328
5.561656639405179e-09 222.92673037524946 783.5846870866402
5.569433988193759e-09 222.61542783712775 764.9261274388227
5.57721127998614e-09 222.3049957855417 765.4642857142857
5.584988514778609e-09 221.99543057458592 756.8830088458994
5.59276569256745e-09 221.68672857868728 756.7611917162699
5.600542813348954e-09 221.37888619246297 743.7229094328703
5.608319877119406e-09 221.07189983058043 740.9618417245371
5.616096883875094e-09 220.7657659276181 741.5265170304233
5.623873833612301e-09 220.46048093792757 743.5764715608466
5.631650726327319e-09 220.15604133549618 748.5742755869709
5.63942756201643e-09 219.85244361381197 732.5592912946429
5.647204340675919e-09 219.54968428572863 728.6252376818783
5.654981062302076e-09 219.24775988333184 726.3848741319445
5.662757726891184e-09 218.94666695780737 725.6831803902116
5.670534334439531e-09 218.64640207930933 734.6610088045635
5.678310884943399e-09 218.3469618368303 731.8270089285714
5.686087378399078e-09 218.0483428380717 746.9934275793651
5.693863814802848e-09 217.7505417093163 762.603019593254
5.701640194150999e-09 217.45355509530054 755.6771608382936
5.709416516439812e-09 217.15737965908912 766.0616629464286
5.717192781665576e-09 216.86201208194947 757.4644097222222
5.724968989824572e-09 216.56744906322828 752.4456225198413
5.7327451409130866e-09 216.2736873202282 737.1217241236773
5.740521234927403e-09 215.98072358808614 711.1737506200396
5.748297271863808e-09 215.68855461965214 696.6556971312831
5.756073251718584e-09 215.3971771853696 706.5402457423942
5.763849174488015e-09 215.10658807315613 730.494621155754
5.771625040168385e-09 214.81678408828554 740.6382430142196
5.779400848755978e-09 214.52776205327092 766.2461454199736
5.787176600247077e-09 214.23951880774828 784.4610925099206
5.794952294637967e-09 213.95205120836152 769.4528666501323
5.80272793192493e-09 213.6653561286482 775.1900628306878
5.81050351210425e-09 213.37943045892604 780.6645481977513
5.8182790351722085e-09 213.09427110618074 794.816902281746
5.82605450112509e-09 212.80987499395417 827.9970238095239
5.833829909959178e-09 212.52623906223383 859.7468636326058
5.841605261670754e-09 212.24336026734335 880.5884279927249
5.8493805562561015e-09 211.96123558183325 887.9107194527116
5.857155793711502e-09 211.67986199437325 909.7710710152116
5.8649309740332374e-09 211.3992365096449 873.1365275710979
5.872706097217591e-09 211.11935614823545 799.2220465443122
5.880481163260843e-09 210.84021794653236 748.0870949074074
5.888256172159277e-09 210.5618189566187 736.6213831018518
5.896031123909174e-09 210.2841562461694 764.6046730324074
5.903806018506817e-09 210.00722689834814 766.1221529844577
5.911580855948484e-09 209.73102801170566 781.5758153521825
5.9193556362304595e-09 209.45555670007784 801.3090277777778
5.927130359349022e-09 209.1808100924857 787.4581163194445
5.934905025300457e-09 208.9067853330352 757.8542028356482
5.9426796340810385e-09 208.63347958081886 730.0924995866402
5.9504541856870535e-09 208.36089000981684 737.8375806051587
5.958228680114781e-09 208.08901380880025 778.6891792741402
5.966003117360498e-09 207.81784818123427 805.9636501736111
5.973777497420489e-09 207.54739034518195 836.4671430638227
5.981551820291031e-09 207.2776375332096 861.3251229745371
5.9893260859684075e-09 207.00858699229192 861.2089120370371
5.9971002944488955e-09 206.74023598371883 783.8414868551587
6.0048744457287755e-09 206.47258178300217 682.332439442791
6.012648539804327e-09 206.2056216797836 602.5864903687169
6.02042257667183e-09 205.93935297774323 573.2147094080688
6.028196556327563e-09 205.67377299450874 558.0635540674604
6.035970478767806e-09 205.40887906156524 546.360263723545
6.043744343988835e-09 205.1446685241663 548.5875186011905
6.0515181519869354e-09 204.88113874124443 540.4759372933202
6.0592919027583804e-09 204.61828708532417 528.2510075644841
6.067065596299449e-09 204.35611094243396 530.5347842261905
6.0748392326064215e-09 204.0946077120197 527.5272300760582
6.0826128116755745e-09 203.83377480685897 536.9558325066138
6.090386333503189e-09 203.57360965297542 543.3827143270503
6.098159798085539e-09 203.3141096895544 548.7188481729497
6.1059332054189045e-09 203.05527236885874 538.4116805142196
6.113706555499565e-09 202.79709515614528 542.2554821841932
6.121479848323794e-09 202.5395755295825 562.7644624255952
6.12925308388787e-09 202.28271098016816 579.2341993220899
6.137026262188075e-09 202.02649901164756 586.8616433118386
6.14479938322068e-09 201.77093714043352 605.641689401455
6.152572446981965e-09 201.51602289552505 611.5636160714286
6.160345453468204e-09 201.26175381842873 637.1631066054895
6.1681184026756785e-09 201.00812746307872 659.998191550926
6.175891294600661e-09 200.75514139575927 653.3235832093254
6.183664129239431e-09 200.50279319502604 647.563388723545
6.1914369065882604e-09 200.2510804516296 665.7622974537037
6.199209626643429e-09 200.00000076843804 661.6709811094577
6.206982289401212e-09 199.74955176036147 653.3567088293651
6.214754894857884e-09 199.4997310542762 630.6045025214947
6.222527443009722e-09 199.25053628894975 602.3661334325396
6.230299933853001e-09 199.00196511496674 574.4150183945105
6.2380723673839956e-09 198.75401519465473 577.1977564897487
6.245844743598981e-09 198.50668420201117 583.114505828373
6.253617062494234e-09 198.25996982263055 562.3469173693783
6.261389324066028e-09 198.01386975363232 553.8147373098545
6.26916152831064e-09 197.76838170358906 541.5578187003969
6.276933675224341e-09 197.52350339245567 518.878673735119
6.2847057648034064e-09 197.2792325514985 482.740242125496
6.2924777970441126e-09 197.03556692322528 452.1914579199736
6.300249771942732e-09 196.79250426131586 442.3142696965939
6.308021689495538e-09 196.550042330553 420.1307612020503
6.3157935496988075e-09 196.30817890675368 409.69937375992066
6.323565352548811e-09 196.06691177670155 396.41995804398147
6.331337098041824e-09 195.82623873807898 395.6297898065476
6.3391087861741174e-09 195.58615759940034 406.74714523396165
6.346880416941967e-09 195.3466661799453 389.6266482721561
6.354651990341646e-09 195.10776230969284 392.780441364914
6.362423506369426e-09 194.8694438292559 387.274574239418
6.370194965021579e-09 194.6317085898162 389.6544880539021
6.377966366294381e-09 194.39455445305938 397.7098756820437
6.3857377101841e-09 194.15797929111153 395.8385287491733
6.3935089966870125e-09 193.9219809864748 410.03444837136243
6.401280225799387e-09 193.68655743196493 418.458015562996
6.4090513975175e-09 193.45170653064793 418.20615544394843
6.416822511837617e-09 193.21742619577844 425.70702091600526
6.424593568756016e-09 192.98371435073722 427.7990425553902
6.432364568268965e-09 192.75056892897044 429.16889622602514
6.440135510372737e-09 192.51798787392843 423.43053747106484
6.447906395063601e-09 192.2859691390053 421.4038344287368
6.455677222337833e-09 192.05451068747874 431.7802295180225
6.463447992191698e-09 191.82361049245094 424.4141735904431
6.471218704621471e-09 191.59326653678875 423.85888671875
6.47898935962342e-09 191.36347681306552 439.5442863343254
6.486759957193819e-09 191.13423932350221 452.38955284804894
6.494530497328933e-09 190.90555207991028 443.67610418733466
6.502300980025037e-09 190.67741310363343 441.951492228836
6.510071405278399e-09 190.4498204254909 442.9382621321098
6.5178417730852875e-09 190.222772085721 427.1875930059524
6.525612083441975e-09 189.9962661339244 429.90593998015873
6.5333823363447295e-09 189.7703006290087 435.89465267443785
6.541152531789822e-09 189.54487363913265 438.54807115988757
6.548922669773518e-09 189.31998324165156 437.22086846891534
6.5566927502920924e-09 189.09562752306198 437.7191711102844
6.564462773341808e-09 188.8718045789482 438.19862196180554
6.572232738918937e-09 188.6485125139277 444.9193199198082
6.5800026470197485e-09 188.42574944159796 443.52791470320767
6.587772497640508e-09 188.2035134844834 441.6107365038029
6.595542290777488e-09 187.98180277398248 431.33450107473544
6.603312026426954e-09 187.76061545031544 419.6458255828373
6.611081704585171e-09 187.53994966247225 415.86238735945767
6.618851325248413e-09 187.31980356816095 425.0527808779762
6.626620888412943e-09 187.10017533375643 431.82101004464283
6.6343903940750314e-09 186.8810631342495 421.6433480076058
6.642159842230945e-09 186.66246515319642 417.78947585978835
6.64992923287695e-09 186.4443795826686 412.59135768022486
6.657698566009314e-09 186.22680462320287 412.88732587218914
6.665467841624303e-09 186.00973848375182 407.3494259465939
6.673237059718184e-09 185.7931793816349 407.79541015625
6.681006220287225e-09 185.5771255424893 404.11631169394843
6.688775323327692e-09 185.3615752002219 405.1141880580357
6.6965443688358495e-09 185.14652659696077 401.36895461309524
6.704313356807965e-09 184.9319779830076 401.30918795469574
6.712082287240306e-09 184.71792761679018 403.834544994213
6.719851160129132e-09 184.50437376481548 405.20849092675263
6.727619975470718e-09 184.29131470162227 399.75562686011904
6.73538873326132e-09 184.07874870973552 401.10685092179233
6.743157433497211e-09 183.86667407961937 400.73818566054894
6.7509260761746514e-09 183.65508910963206 400.7456183862434
6.758694661289907e-09 183.44399210597993 407.35777839781747
6.7664631888392445e-09 183.23338138267232 433.1351970692791
6.774231658818927e-09 183.0232552614769 487.4381923776455
6.782000071225219e-09 182.8136120718748 559.6003585896163
6.789768426054386e-09 182.60445015101658 615.1532221395503
6.797536723302688e-09 182.39576784367824 665.3752221808862
6.805304962966394e-09 182.18756350221727 697.0035032242064
6.813073145041768e-09 181.97983548652968 694.8303674768518
6.82084126952507e-09 181.77258216400682 659.2043960813492
6.828609336412563e-09 181.56580190949248 572.5807446676587
6.836377345700514e-09 181.35949310524046 492.10936983300263
6.844145297385184e-09 181.15365414087245 431.20005322007273
6.851913191462838e-09 180.94828341333618 403.3018482349537
6.859681027929737e-09 180.74337932686365 395.2582155257937
6.8674488067821435e-09 180.53894029292994 402.98413215112436
6.87521652801632e-09 180.3349647302121 390.741138599537
6.882984191628531e-09 180.13145106454832 395.0328776041667
6.890751797615035e-09 179.92839772889764 394.1299422329696
6.8985193459720995e-09 179.7258031632994 386.15130518353175
6.906286836695979e-09 179.52366581483378 383.6662688078704
6.914054269782943e-09 179.32198413758147 371.17486669146825
6.921821645229247e-09 179.12075659258502 367.2502661003638
6.929588963031154e-09 178.91998164780907 373.83583157655426
6.937356223184924e-09 178.71965777810178 365.18322430968914
6.945123425686823e-09 178.51978346515602 359.6775535300926
6.952890570533109e-09 178.32035719747137 368.6745437541336
6.960657657720041e-09 178.1213774703156 376.6646954571759
6.96842468724388e-09 177.9228427856872 379.7554821841931
6.976191659100888e-09 177.7247516522774 375.57991278108466
6.983958573287325e-09 177.52710258543314 377.32590319113757
6.991725429799451e-09 177.32989410711994 370.83091259507273
6.999492228633522e-09 177.13312474588503 377.36598617311506
7.007258969785804e-09 176.93679303682043 371.643394510582
7.015025653252551e-09 176.74089752152733 368.603755890377
7.022792279030026e-09 176.5454367480792 363.88550967261904
7.030558847114486e-09 176.3504092709865 360.5625
7.038325357502193e-09 176.15581365116057 352.2673946965939
7.046091810189403e-09 175.9616484558788 353.7166470320767
7.0538582051723746e-09 175.76791225874896 348.3972645916005
7.061624542447368e-09 175.5746036396745 362.28128100198415
7.069390822010642e-09 175.3817211848198 368.8546394469246
7.07715704385845e-09 175.18926348657587 370.05172164351853
7.084923207987056e-09 174.99722914352574 366.74159846230157
7.092689314392715e-09 174.80561676041089 372.78463179976853
7.1004553630716865e-09 174.61442494809708 379.20420231894843
7.108221354020224e-09 174.42365232354115 381.9037827587632
7.115987287234587e-09 174.23329750975728 384.5630580357143
7.1237531627110335e-09 174.04335913578413 403.8159438037368
7.131518980445822e-09 173.8538358366518 393.9822642815807
7.1392847404352056e-09 173.66472625334936 385.3212296420304
7.147050442675444e-09 173.47602903279204 396.2819656291336
7.154816087162791e-09 173.28774282778915 387.17640128968253
7.162581673893503e-09 173.09986629701208 382.3974738549934
7.170347202863839e-09 172.91239810496222 371.51614169973544
7.178112674070051e-09 172.7253369219396 378.02220258763225
7.1858780875084e-09 172.53868142401117 387.77354600694446
7.193643443175137e-09 172.35243029297985 396.56802352017195
7.201408741066519e-09 172.16658221635333 398.35470145089283
7.2091739811788025e-09 171.9811358873132 399.8314060433201
7.21693916350824e-09 171.79609000468454 409.8460415633267
7.224704288051089e-09 171.61144327290518 416.1684776992394
7.232469354803601e-09 171.42719440199585 417.173267505787
7.240234363762035e-09 171.24334210752966 412.89599351025134
7.247999314922641e-09 171.05988511060275 409.15459914434524
7.255764208281677e-09 170.87682213780428 408.32844018683863
7.263529043835394e-09 170.69415192118723 413.63228288277116
7.271293821580047e-09 170.51187319823882 405.40477998925263
7.279058541511891e-09 170.32998471185175 394.4763739045966
7.28682320362718e-09 170.14848521029512 387.0445317666997
7.2945878079221605e-09 169.96737344718582 379.29136439732144
7.302352354393096e-09 169.78664818145967 369.7606724330357
7.310116843036232e-09 169.60630817734375 365.57891555059524
7.317881273847825e-09 169.42635220432751 367.01636904761904
7.325645646824123e-09 169.2467790371353 362.5623553240741
7.333409961961387e-09 169.0675874556981 354.56556144593253
7.341174219255862e-09 168.88877624512648 352.8744858837632
7.3489384187038014e-09 168.7103441956827 346.91748046875
7.356702560301459e-09 168.53229010275342 345.257076202877
7.364466644045085e-09 168.35461276682295 341.8787047371032
7.3722306699309314e-09 168.17731099344593 339.63668774801585
7.37999463795525e-09 168.00038359322076 328.0061125578704
7.3877585481142926e-09 167.82382938176303 323.72829086061506
7.39552240040431e-09 167.64764717967898 322.86604559358466
7.403286194821551e-09 167.4718358125394 320.4367404513889
7.411049931362269e-09 167.2963941108533 321.0809694320437
7.4188136100227145e-09 167.12132091004216 320.6127464657738
7.426577230799131e-09 166.9466150504143 322.5503704737103
7.43434079368778e-09 166.7722753771387 322.7259708788029
7.442104298684907e-09 166.5983007402203 322.07942449983466
7.449867745786759e-09 166.4246899944743 335.3014400421627
7.457631134989586e-09 166.25144199950105 334.66819868138225
7.465394466289638e-09 166.07855561966116 330.98499503968253
7.473157739683167e-09 165.90602972405063 332.0848136780754
7.480920955166421e-09 165.73386318647619 336.5883091517857
7.488684112735647e-09 165.562054885431 328.27857866236775
7.496447212387098e-09 165.39060370406995 320.4989769345238
7.504210254117012e-09 165.21950853018592 322.3603903149802
7.511973237921653e-09 165.04876825618499 324.8556392609127
7.519736163797258e-09 164.87838177906346 314.1036628844246
7.527499031740079e-09 164.70834800038347 315.63477079199737
7.53526184174636e-09 164.5386658262496 322.8273551173942
7.543024593812355e-09 164.3693341672853 334.41077112268516
7.550787287934306e-09 164.20035193860983 337.4452453290344
7.558549924108462e-09 164.03171805981486 333.5923988301918
7.566312502331071e-09 163.8634314549415 337.58561456266534
7.574075022598379e-09 163.69549105245744 346.8431919642857
7.581837484906633e-09 163.52789578523425 358.7133194857804
7.589599889252082e-09 163.36064459052463 370.1366954985119
7.597362235630968e-09 163.19373640994021 383.03572720320767
7.60512452403954e-09 163.027170189429 417.54032841435185
7.612886754474042e-09 162.86094487925328 440.5372385499339
7.620648926930724e-09 162.69505943396743 445.6899620742394
7.628411041405828e-09 162.52951281239635 465.344646474041
7.6361730978956e-09 162.36430397761333 483.3814070767196
7.643935096396285e-09 162.1994318969185 494.1378864914021
7.65169703690413e-09 162.0348955418174 473.1497395833333
7.659458919415377e-09 161.87069388799958 447.4122023809524
7.667220743926274e-09 161.70682591531713 451.33940455522486
7.674982510433062e-09 161.54329060776402 452.9397140583664
7.682744218931988e-09 161.38008695345454 452.3682157324736
7.690505869419295e-09 161.21721394460283 437.84462580605157
7.698267461891231e-09 161.05467057750195 424.3959754257606
7.706028996344031e-09 160.89245585250356 407.55757585152116
7.713790472773949e-09 160.7305687739968 401.2146164021164
7.72155189117722e-09 160.56900835038866 403.93301762979496
7.729313251550092e-09 160.4077735940832 398.144283234127
7.737074553888806e-09 160.2468635214618 386.6053550760582
7.744835798189608e-09 160.08627715286272 386.41988053902116
7.752596984448735e-09 159.9260135125618 376.7100746114418
7.760358112662434e-09 159.76607162875217 378.3804615162037
7.768119182826947e-09 159.60645053352482 372.195873119213
7.775880194938516e-09 159.4471492628492 371.4469814401455
7.783641148993378e-09 159.28816685655366 377.4800915591931
7.791402044987782e-09 159.12950235830613 383.4138997395833
7.799162882917966e-09 158.971154815595 394.72173394097223
7.806923662780175e-09 158.81312327971017 399.21270461309524
7.814684384570643e-09 158.65540680572403 392.99306847304894
7.822445048285618e-09 158.49800445247237 384.8342685598545
7.830205653921336e-09 158.34091528253623 381.33482659556876
7.837966201474042e-09 158.18413836222263 366.9283802496693
7.845726690939972e-09 158.02767276154668 357.66601820849866
7.85348712231537e-09 157.87151755421272 356.21603990988757
7.861247495596474e-09 157.7156718175963 352.84464389054233
7.869007810779523e-09 157.56013463272603 341.4983000578704
7.87676806786076e-09 157.40490508426527 339.46258060515873
7.884528266836423e-09 157.24998226049442 343.92076667906747
7.892288407702747e-09 157.09536525329315 343.1074890459656
7.900048490455979e-09 156.94105315812214 345.8034577546296
7.907808515092354e-09 156.78704507400613 339.5169193328373
7.91556848160811e-09 156.63334010351593 340.31932560350526
7.923328389999485e-09 156.4799373527512 347.2042772404101
7.931088240262719e-09 156.3268359313229 353.3785083912037
7.938848032394052e-09 156.17403495233623 348.850017567791
7.946607766389718e-09 156.02153353237367 343.7460498305225
7.954367442245956e-09 155.86933079147758 351.95415581597223
7.962127059959005e-09 155.71742585313353 341.6964389054233
7.969886619525102e-09 155.5658178442534 333.8657691592262
7.977646120940484e-09 155.41450589515864 321.6121238425926
7.985405564201387e-09 155.2634891395638 304.558345734127
7.993164949304048e-09 155.1127667145597 295.1636775586971
8.000924276244707e-09 154.96233776059725 285.7984328497024
8.008683545019597e-09 154.81220142147103 269.28407118055554
8.016442755624954e-09 154.66235684430302 262.1338665674603
8.024201908057017e-09 154.51280317952646 258.1020120287698
8.031961002312017e-09 154.36353958086988 238.99950913525132
8.039720038386196e-09 154.21456520534096 238.7416087962963
8.047479016275784e-09 154.0658792132109 237.57434663318452
8.055237935977021e-09 153.91748076799843 245.054767588459
8.062996797486137e-09 153.76936903645424 239.4435298859127
8.070755600799369e-09 153.62154318854533 239.66811084242724
8.078514345912952e-09 153.47400239743956 241.00671709656083
8.086273032823122e-09 153.3267458394902 242.6545151806382
8.094031661526114e-09 153.17977269422056 246.16283275462962
8.10179023201816e-09 153.03308214430888 268.66922174685845
8.10954874429549e-09 152.8866733755732 292.3758267195767
8.117307198354347e-09 152.7405455769559 299.23953683035717
8.125065594190953e-09 152.59469794050943 326.9121352099868
8.132823931801555e-09 152.4491296613806 328.9201388888889
8.140582211182374e-09 152.30383993779657 328.37232607886904
8.14834043232965e-09 152.1588279710495 314.1222769923942
8.156098595239612e-09 152.01409296548235 280.62452980324076
8.163856699908494e-09 151.86963412847402 267.2341709036045
8.17161474633253e-09 151.72545067042506 258.74662336722884
8.179372734507952e-09 151.58154180474327 251.1190036995701
8.187130664430987e-09 151.4379067478294 247.79649264219577
8.194888536097875e-09 151.2945447190627 248.46172030009922
8.202646349504838e-09 151.15145494078735 253.0850074404762
8.210404104648113e-09 151.00863663829765 263.43653893849205
8.218161801523933e-09 150.86608903982452 288.58208033647486
8.225919440128528e-09 150.7238113765216 315.43807095320767
8.233677020458124e-09 150.5818028824513 334.2704561425264
8.241434542508956e-09 150.44006279457108 344.50268683862436
8.249192006277254e-09 150.29859035271963 358.44926783647486
8.256949411759247e-09 150.15738479960368 354.8623486069775
8.264706758951166e-09 150.01644538078406 318.0729347511574
8.272464047849239e-09 149.87577134466258 275.141673900463
8.280221278449697e-09 149.73536194246847 260.62882357804233
8.28797845074877e-09 149.59521642824515 258.29457310267856
8.295735564742687e-09 149.45533405883714 262.33832981977514
8.303492620427673e-09 149.3157140938768 262.7035228587963
8.311249617799965e-09 149.17635579577114 267.32218295304233
8.319006556855785e-09 149.0372584296892 270.05098017939815
8.326763437591363e-09 148.89842126354878 272.25235873429233
8.334520260002928e-09 148.75984356800384 272.10099929728835
8.342277024086707e-09 148.6215246164316 265.879562458664
8.350033729838925e-09 148.4834636849199 261.7950329654431
8.357790377255818e-09 148.34566005225437 261.0147336929563
8.365546966333607e-09 148.2081129999063 256.8420888103505
8.373303497068519e-09 148.07082181201974 250.72374131944446
8.381059969456781e-09 147.93378577539934 248.47848720651456
8.388816383494624e-09 147.79700417949778 254.09982638888889
8.39657273917827e-09 147.66047631640376 270.976554749504
8.404329036503948e-09 147.52420148082953 273.2041480654762
8.412085275467883e-09 147.38817897009895 271.1531317170966
8.419841456066301e-09 147.25240808413523 275.0866608796296
8.427597578295428e-09 147.11688812544912 270.976570250496
8.43535364215149e-09 146.98161839912675 266.0470687624008
8.44310964763071e-09 146.846598212818 259.0009533110119
8.450865594729319e-09 146.71182687672442 245.94929108796296
8.458621483443535e-09 146.5773037035877 239.61555989583334
8.466377313769588e-09 146.44302800867783 236.1675941426918
8.474133085703698e-09 146.30899910978175 242.3232357287533
8.481888799242095e-09 146.17521632719135 242.2565013744213
8.489644454380995e-09 146.04167898369246 248.94699952463625
8.49740005111663e-09 145.90838640455308 254.68876591435185
8.505155589445217e-09 145.77533791751222 264.02885768022486
8.512911069362987e-09 145.64253285276837 258.56823795056215
8.520666490866158e-09 145.5099705429686 265.1676044766865
8.528421853950954e-09 145.37765032319714 270.3329613095238
8.536177158613598e-09 145.24557153096424 267.8277478091931
8.543932404850314e-09 145.11373350619525 261.500816385582
8.551687592657322e-09 144.98213559121962 257.0889343584656
8.55944272203085e-09 144.85077713075975 253.05431547619048
8.56719779296711e-09 144.7196574719206 249.4419410342262
8.574952805462336e-09 144.58877596417813 233.76394314236111
8.582707759512736e-09 144.45813195936938 225.50262095940806
8.590462655114546e-09 144.32772481168095 229.47007016782408
8.598217492263975e-09 144.1975538776392 231.79299975198413
8.60597227095725e-09 144.0676185160989 230.2623400814319
8.613726991190595e-09 143.9379180882331 226.87703192170966
8.621481652960222e-09 143.8084519575228 235.95977621734457
8.629236256262357e-09 143.67921948974615 246.3726696841931
8.63699080109322e-09 143.55022005296826 241.74289150338956
8.644745287449032e-09 143.42145301753106 240.6999214616402
8.652499715326008e-09 143.2929177560429 249.34349681712962
8.66025408472037e-09 143.16461364336834 243.08529162533068
8.668008395628343e-09 143.03654005661798 248.32807333002646
8.675762648046137e-09 142.90869637513865 248.94002666170636
8.683516841969976e-09 142.78108198050307 249.65645151289684
8.691270977396079e-09 142.65369625650004 243.85435784556879
8.699025054320663e-09 142.52653858912444 247.7344886739418
8.706779072739944e-09 142.39960836656758 257.9716021825397
8.714533032650148e-09 142.2729049792069 255.47904782572752
8.722286934047484e-09 142.14642781959697 273.4111844824736
8.730040776928175e-09 142.02017628245895 283.63346612516534
8.737794561288436e-09 141.8941497646716 270.85987878224205
8.745548287124486e-09 141.76834766526127 267.8546859499008
8.75330195443254e-09 141.64276938539257 271.4241148933532
8.761055563208819e-09 141.5174143283587 272.83336433531747
8.768809113449536e-09 141.39228189957217 284.8920433407738
8.776562605150906e-09 141.26737150655535 293.0092540922619
8.784316038309147e-09 141.142682558931 287.2645347635582
8.79206941292048e-09 141.01821446841302 293.80318132027116
8.79982272898111e-09 140.89396664879746 305.543697296627
8.807575986487264e-09 140.7699385159528 317.451667906746
8.81532918543515e-09 140.64612948781132 319.16888330853175
8.823082325820986e-09 140.52253898435967 323.3275669642857
8.830835407640985e-09 140.39916642762998 331.8989386987434
8.838588430891364e-09 140.2760112416907 337.8135463169643
8.846341395568337e-09 140.15307285263776 335.918041087963
8.854094301668117e-09 140.03035068858566 330.42524388227514
8.86184714918692e-09 139.9078441796585 328.13881396742727
8.869599938120959e-09 139.78555275798124 326.7971281828704
8.877352668466445e-09 139.663475857671 327.10143074156747
8.885105340219595e-09 139.54161291482805 322.4235930266204
8.89285795337662e-09 139.41996336752754 325.0828631365741
8.900610507933739e-09 139.29852665581043 323.6754944816468
8.908363003887154e-09 139.17730222167538 328.9981605489418
8.916115441233085e-09 139.05628950906967 322.2513615038029
8.923867819967743e-09 138.93548796388112 321.34916242972884
8.931620140087343e-09 138.81489703392938 315.8600105406746
8.939372401588092e-09 138.69451616895776 312.442462900959
8.9471246044662e-09 138.57434482062467 316.84094173693785
8.954876748717888e-09 138.4543824424952 319.133796812996
8.962628834339359e-09 138.3346284900332 312.31032727761243
8.970380861326824e-09 138.2150824205927 309.17527488425924
8.9781328296765e-09 138.09574369340984 308.80735367063494
8.985884739384592e-09 137.9766117695948 309.20678581762564
8.993636590447316e-09 137.85768611212347 308.6775896990741
9.001388382860874e-09 137.73896618582972 304.9906554852844
9.009140116621481e-09 137.620451457397 295.9991396949405
9.01689179172535e-09 137.50214139535052 295.1791863012566
9.024643408168685e-09 137.38403547004944 296.60214637070106
9.032394965947695e-09 137.2661331536788 291.7241004257606
9.040146465058591e-09 137.14843392024164 291.59054129464283
9.047897905497586e-09 137.03093724555126 295.8474547371032
9.055649287260885e-09 136.91364260722344 302.23756303736775
9.063400610344693e-09 136.7965494846687 285.3503146701389
9.07115187474522e-09 136.67965735908456 284.3935986069775
9.078903080458682e-09 136.56296571344777 287.3936192749669
9.086654227481275e-09 136.44647403250707 286.53059637483466
9.094405315809215e-09 136.3301818027751 292.80219184027777
9.102156345438705e-09 136.21408851252122 287.76649563905426
9.109907316365954e-09 136.0981936517639 287.5632957175926
9.11765822858717e-09 135.9824967122632 282.5669513682209
9.125409082098553e-09 135.8669971875135 283.24487950562167
9.133159876896319e-09 135.7516945727358 282.4264865451389
9.140910612976669e-09 135.6365883648707 274.3164269179894
9.148661290335808e-09 135.52167806257094 268.1236488301918
9.156411908969945e-09 135.40696316619412 267.24511977099866
9.164162468875284e-09 135.29244317779538 264.0638201678241
9.17191297004803e-09 135.17811760112045 262.48447058945106
9.179663412484388e-09 135.06398594159816 262.97062045304233
9.187413796180566e-09 134.95004770633355 261.16724795386904
9.195164121132764e-09 134.8363024041007 264.3529343377976
9.20291438733719e-09 134.72274954533566 260.9243680762236
9.210664594790047e-09 134.60938864212935 260.62081731564155
9.218414743487537e-09 134.49621920822082 254.5731853505291
9.22616483342587e-09 134.38324075898987 251.86605592757937
9.233914864601244e-09 134.2704528114507 247.08796812996033
9.241664837009859e-09 134.15785488424456 242.72501240079364
9.249414750647929e-09 134.045446497633 243.83255828373015
9.257164605511648e-09 133.9332271734913 241.77725074404762
9.264914401597221e-09 133.82119643530137 243.3753552310681
9.272664138900852e-09 133.70935380814524 240.93906301669975
9.280413817418742e-09 133.5976988186982 235.98106295469577
9.288163437147094e-09 133.48623099522223 235.94397941468253
9.295912998082109e-09 133.37494986755934 230.32918423445767
9.303662500219984e-09 133.26385496712487 219.37430245535714
9.311411943556931e-09 133.15294582690095 213.03060541708004
9.319161328089144e-09 133.04222198143006 216.12358036747685
9.326910653812823e-09 132.93168296680847 203.71120230861442
9.334659920724171e-09 132.8213283206796 199.20194692460316
9.342409128819388e-09 132.7111575822279 196.1910083912037
9.350158278094676e-09 132.60117029217204 190.68538153108466
9.35790736854623e-09 132.49136599275897 186.78510070477844
9.365656400170254e-09 132.38174422775705 182.01486415963956
9.373405372962947e-09 132.27230454245026 183.30436843791335
9.381154286920507e-09 132.16304648363155 180.3157138723545
9.388903142039135e-09 132.05396959959677 183.33425693411044
9.396651938315025e-09 131.94507344013834 183.1064556464947
9.404400675744382e-09 131.8363575565391 179.87344602554563
9.412149354323404e-09 131.72782150156615 183.71902901785714
9.419897974048285e-09 131.61946482946473 185.67525809151786
9.427646534915222e-09 131.51128709595216 190.6588787099041
9.435395036920419e-09 131.40328785821154 195.3084800760582
9.443143480060067e-09 131.2954666748861 197.9231990430721
9.45089186433037e-09 131.1878231060727 189.83706519717262
9.458640189727517e-09 131.0803567133165 186.25397212921627
9.466388456247712e-09 130.97306705960418 178.48906146660053
9.474136663887146e-09 130.86595370935882 174.6762889074901
9.48188481264202e-09 130.75901622843344 175.5152736441799
9.489632902508526e-09 130.65225418410546 178.0421187789352
9.497380933482863e-09 130.54566714507067 177.0479652364418
9.505128905561224e-09 130.43925468143757 176.0946064298115
9.51287681873981e-09 130.3330163647214 173.8968486483135
9.520624673014807e-09 130.2269517678387 176.58068783068782
9.528372468382416e-09 130.12106046510124 179.80891022858796
9.53612020483883e-09 130.01534203221055 177.79160337094908
9.543867882380246e-09 129.90979604625218 177.85944992146165
9.551615501002856e-09 129.80442208569005 177.93561533771495
9.559363060702854e-09 129.69921973036085 178.42120974909062
9.567110561476433e-09 129.59418856146857 174.020503937252
9.574858003319791e-09 129.48932816157867 177.06514033564815
9.582605386229114e-09 129.3846381146129 179.35427904885913
9.590352710200603e-09 129.28011800584343 179.1795441158234
9.598099975230444e-09 129.17576742188774 176.76553845279432
9.605847181314831e-09 129.07158595070288 180.6507419808201
9.613594328449961e-09 128.96757318158015 178.7463508081184
9.621341416632023e-09 128.86372870513978 179.33701611069776
9.629088445857207e-09 128.7600521133255 178.9715789310516
9.63683541612171e-09 128.65654299939905 176.69049685846562
9.64458232742172e-09 128.55320095793516 182.27320498511904
9.652329179753426e-09 128.45002558481607 185.6069400524967
9.660075973113021e-09 128.34701647722625 184.46305855241403
9.667822707496697e-09 128.2441732336472 184.73413602637237
9.675569382900645e-09 128.14149545385217 198.26687412161044
9.683315999321051e-09 128.03898273890124 208.79399956597223
9.69106255675411e-09 127.93663469113574 222.13280087425596
9.698809055196009e-09 127.83445091417337 237.2740756241733
9.706555494642938e-09 127.73243101290308 249.6679920014881
9.714301875091088e-09 127.63057459347986 257.52581690228175
9.722048196536646e-09 127.5288812633198 252.11248553240742
9.729794458975801e-09 127.42735063109497 243.21662378058863
9.737540662404744e-09 127.32598230672836 233.81382275132276
9.74528680681966e-09 127.22477590138904 215.3581245866402
9.753032892216739e-09 127.12373102748701 194.09934973338292
9.760778918592171e-09 127.02284729866834 151.15344948743387
9.768524885942139e-09 126.92212432981033 93.06223067026289
