string
20201019m3.5_degreeper_secondprocessedoffset angle -0.08118355386434516 in rad by: offset_angle in degree:_-2.72offset 0th. order in px_-110
nm eV  counts
-8.109440623298132e-09 -152.88871177259415 131.19905340608466
-8.101660681200421e-09 -153.03552924271415 212.37540216462745
-8.093880733724717e-09 -153.18262906029162 267.7915736607143
-8.086100780875704e-09 -153.33001204050325 239.30587849289023
-8.078320822658064e-09 -153.4776790016667 222.6108729986497
-8.070540859076477e-09 -153.62563076525595 221.80476974137457
-8.062760890135629e-09 -153.7738681559163 225.64766589506175
-8.054980915840193e-09 -153.92239200147998 212.125160176918
-8.047200936194855e-09 -154.07120313298125 214.20707473889442
-8.039420951204288e-09 -154.2203023846722 205.9421718267747
-8.031640960873173e-09 -154.36969059403808 202.25960329516647
-8.023860965206183e-09 -154.51936860181314 205.34979710923722
-8.016080964207994e-09 -154.66933725199635 210.98036024305557
-8.008300957883281e-09 -154.81959739186723 211.24898812968476
-8.000520946236719e-09 -154.97014987200185 209.09116391782408
-7.992740929272977e-09 -155.1209955462889 217.03237166900905
-7.98496090699673e-09 -155.2721352719457 227.47719201251104
-7.977180879412643e-09 -155.4235699095347 238.4057014371142
-7.969400846525391e-09 -155.57530032297944 239.83615881972003
-7.961620808339642e-09 -155.72732737958134 236.4212192219191
-7.953840764860062e-09 -155.87965195003596 245.84895919449957
-7.946060716091316e-09 -156.03227490844986 241.34818156139772
-7.938280662038074e-09 -156.18519713235705 243.63242282228288
-7.930500602705e-09 -156.33841950273595 238.90596581514552
-7.922720538096755e-09 -156.49194290402636 240.6668440669092
-7.914940468218003e-09 -156.64576822414645 222.78355620315259
-7.907160393073409e-09 -156.79989635450966 221.3768454792218
-7.899380312667631e-09 -156.9543281900423 219.99802362351193
-7.89160022700533e-09 -157.1090646292006 219.57653227306548
-7.883820136091164e-09 -157.26410657398813 218.683563178599
-7.876040039929793e-09 -157.41945492997345 212.06750725101963
-7.868259938525876e-09 -157.57511060630767 220.39129240382496
-7.860479831884063e-09 -157.73107451574225 227.81804591049385
-7.852699720009017e-09 -157.8873475746467 210.73807112544094
-7.844919602905387e-09 -158.04393070302666 218.5534624910439
-7.83713948057783e-09 -158.20082482454188 218.7410933883102
-7.829359353030995e-09 -158.35803086652447 219.23352761243387
-7.821579220269538e-09 -158.515549759997 236.63853667190259
-7.813799082298107e-09 -158.67338243969104 247.07941072117507
-7.806018939121352e-09 -158.8315298440656 259.6356147348986
-7.798238790743922e-09 -158.98999291532573 259.36948853615525
-7.790458637170465e-09 -159.14877259944112 256.2023495198137
-7.78267847840563e-09 -159.3078698461651 254.69246892912258
-7.774898314454057e-09 -159.46728560905356 249.2531837315366
-7.767118145320398e-09 -159.62702084548377 243.1244617711089
-7.759337971009294e-09 -159.7870765166738 229.51479096051037
-7.751557791525388e-09 -159.9474535877017 226.376918678351
-7.743777606873322e-09 -160.1081530275249 227.34762740093146
-7.73599741705774e-09 -160.2691758089997 226.9261252859072
-7.728217222083278e-09 -160.43052290890097 235.32346479896938
-7.720437021954579e-09 -160.5921953079418 249.02190031828707
-7.712656816676281e-09 -160.75419399079345 237.97131196952162
-7.704876606253021e-09 -160.9165199461053 233.22504598627648
-7.697096390689436e-09 -161.07917416652498 243.33820322833998
-7.689316169990159e-09 -161.2421576487186 237.93790733162479
-7.68153594415983e-09 -161.40547139339105 260.9719100494654
-7.673755713203078e-09 -161.56911640530657 279.1550150876323
-7.665975477124536e-09 -161.73309369330934 282.3170409295084
-7.65819523592884e-09 -161.89740427034405 283.9086784887566
-7.65041498962062e-09 -162.06204915347703 294.8647237034281
-7.642634738204502e-09 -162.22702936391707 310.0746975584215
-7.63485448168512e-09 -162.39234592703644 311.7350432649912
-7.6270742200671e-09 -162.55799987239232 306.71966714203046
-7.61929395335507e-09 -162.7239922337481 291.92437065972223
-7.611513681553655e-09 -162.89032404909491 304.8114691840278
-7.603733404667482e-09 -163.05699636067314 305.03126463982585
-7.595953122701173e-09 -163.22401021499434 307.0587255084326
-7.588172835659356e-09 -163.39136666286296 270.52514347029324
-7.580392543546649e-09 -163.5590667593987 231.778613970183
-7.572612246367677e-09 -163.72711156405825 234.1315741429674
-7.564831944127058e-09 -163.895502140658 229.63671702766757
-7.557051636829414e-09 -164.06423955739626 220.04209380511466
-7.549271324479362e-09 -164.2333248868758 218.24218534708444
-7.541491007081522e-09 -164.40275920612683 220.6764094707617
-7.53371068464051e-09 -164.57254359662957 211.95199902515984
-7.525930357160941e-09 -164.7426791443375 206.19465715250223
-7.518150024647434e-09 -164.91316693970032 203.5394297873953
-7.510369687104598e-09 -165.08400807768746 207.64745103408842
-7.502589344537048e-09 -165.25520365781125 216.89999965553352
-7.4948089969494e-09 -165.42675478415063 205.5998194995591
-7.48702864434626e-09 -165.59866256537515 203.28506281346452
-7.479248286732243e-09 -165.77092811476825 217.97659953014772
-7.471467924111956e-09 -165.94355255025198 221.28992366622577
-7.463687556490007e-09 -166.1165369944106 212.23085541363537
-7.455907183871006e-09 -166.28988257451525 212.83524555293764
-7.448126806259558e-09 -166.46359042254838 217.08307928929676
-7.440346423660271e-09 -166.6376616752282 208.33129021646275
-7.432566036077749e-09 -166.81209747403378 219.58335916832013
-7.4247856435165946e-09 -166.9868989652298 220.17963927469137
-7.417005245981413e-09 -167.16206729989165 220.10348203951722
-7.4092248434768025e-09 -167.33760363393083 211.82509326430227
-7.401444436007369e-09 -167.51350912812015 214.10005115327382
-7.39366402357771e-09 -167.68978494811952 207.6860915626378
-7.3858836061924255e-09 -167.8664322645017 219.692249331735
-7.378103183856114e-09 -168.04345225277802 225.6903754340278
-7.370322756573375e-09 -168.22084609342457 226.30022106137017
-7.3625423243488e-09 -168.3986149719086 220.1841948440256
-7.35476188718699e-09 -168.57676007871444 223.69987151399914
-7.346981445092537e-09 -168.75528260937077 227.75925839809304
-7.3392009980700346e-09 -168.93418376447676 243.03694575341711
-7.331420546124077e-09 -169.1134647497292 247.4989924355159
-7.323640089259256e-09 -169.29312677594964 244.38643628747798
-7.3158596274801616e-09 -169.47317105911168 258.55569075865304
-7.308079160791385e-09 -169.65359882036816 258.2788301229057
-7.3002986891975135e-09 -169.83441128607907 247.90512058049495
-7.292518212703137e-09 -170.01560968783906 254.749938857198
-7.284737731312843e-09 -170.19719526250566 261.7318483382937
-7.276957245031216e-09 -170.37916925222717 253.41104927937613
-7.269176753862845e-09 -170.56153290447116 264.7387264729387
-7.261396257812311e-09 -170.74428747205292 276.7709323674493
-7.253615756884199e-09 -170.9274342131641 291.2953404017857
-7.245835251083092e-09 -171.11097439140167 289.68928691991846
-7.238054740413571e-09 -171.29490927579693 291.7317105516976
-7.230274224880217e-09 -171.4792401408447 298.6947260458003
-7.222493704487613e-09 -171.66396826653278 304.69031601355823
-7.2147131792403325e-09 -171.84909493837182 311.092277405754
-7.206932649142958e-09 -172.03462144742468 298.36120928406086
-7.199152114200063e-09 -172.22054909033685 286.610591827877
-7.1913715744162275e-09 -172.40687916936636 289.42068917410717
-7.183591029796024e-09 -172.59361299241436 289.33541649443345
-7.175810480344029e-09 -172.78075187305572 279.7653838734568
-7.168029926064816e-09 -172.96829713056968 263.6538378734017
-7.160249366962953e-09 -173.1562500899711 257.66233413938494
-7.152468803043017e-09 -173.34461208204135 269.78373963155866
-7.1446882343095786e-09 -173.53338444335992 272.58808869323195
-7.136907660767204e-09 -173.72256851633608 262.4640893683863
-7.129127082420464e-09 -173.9121656492405 256.1499238729057
-7.121346499273928e-09 -174.1021771962374 265.6888038056658
-7.11356591133216e-09 -174.2926045174169 277.4650366512346
-7.105785318599727e-09 -174.48344897882714 263.3742301173942
-7.098004721081197e-09 -174.6747119525072 256.73041019069666
-7.090224118781131e-09 -174.86639481652006 252.43344046241182
-7.0824435117040945e-09 -175.0584989549854 252.96675640018742
-7.074662899854648e-09 -175.25102575811314 249.74330787725972
-7.066882283237355e-09 -175.44397662223687 241.91871279761907
-7.0591016618567745e-09 -175.63735294984764 238.71878272431658
-7.051321035717466e-09 -175.83115614962801 233.50232644055887
-7.04354040482399e-09 -176.02538763648602 234.39742476851853
-7.035759769180904e-09 -176.22004883158985 230.11613903012017
-7.027979128792764e-09 -176.41514116240253 224.40695787863757
-7.020198483664127e-09 -176.61066606271658 235.2016528363371
-7.012417833799547e-09 -176.80662497268924 225.11432842813053
-7.004637179203579e-09 -177.00301933887792 226.96238038401125
-6.996856519880775e-09 -177.1998506142757 229.86890681836974
-6.98907585583569e-09 -177.39712025834714 229.99379099151236
-6.981295187072875e-09 -177.5948297370644 234.6317717806162
-6.973514513596876e-09 -177.79298052294368 234.76144619088956
-6.965733835412249e-09 -177.99157409508132 236.47523156759812
-6.957953152523538e-09 -178.19061193919129 245.5020900504299
-6.950172464935292e-09 -178.3900955476416 239.53819745852624
-6.942391772652059e-09 -178.5900264194919 253.40782205894513
-6.934611075678384e-09 -178.79040606053107 239.8561637111442
-6.926830374018815e-09 -178.9912359833148 240.65457244819225
-6.919049667677891e-09 -179.192517707204 246.0269321125441
-6.911268956660158e-09 -179.39425275840267 241.56376591435188
-6.903488240970158e-09 -179.59644266999686 239.2588717344577
-6.895707520612435e-09 -179.79908898199312 238.1764762111442
-6.887926795591523e-09 -180.00219324135819 244.1695235856206
-6.880146065911967e-09 -180.2057570020576 252.10960320904985
-6.872365331578306e-09 -180.40978182509582 257.29096912202385
-6.864584592595073e-09 -180.61426927855618 255.05301339285717
-6.856803848966811e-09 -180.8192209376406 262.09600539434524
-6.849023100698049e-09 -181.0246383847107 265.6123709972994
-6.841242347793329e-09 -181.23052320932769 259.3609156263779
-6.8334615902571795e-09 -181.4368770082942 278.62240961199296
-6.825680828094138e-09 -181.6437013856949 303.6260351218034
-6.817900061308733e-09 -181.8509979529386 355.6794429287919
-6.8101192899054975e-09 -182.05876832879963 422.0214327050265
-6.802338513888963e-09 -182.26701413946023 443.9267026978616
-6.794557733263659e-09 -182.4757370185529 503.37739059744274
-6.786776948034112e-09 -182.68493860720332 513.480674568728
-6.778996158204851e-09 -182.89462055407293 516.1646928736773
-6.771215363780403e-09 -183.10478451540266 469.7883253417108
-6.763434564765294e-09 -183.31543215505621 410.0176452959656
-6.755653761164049e-09 -183.52656514456427 327.683540357694
-6.7478729529811915e-09 -183.73818516316845 272.7351069912919
-6.740092140221246e-09 -183.95029389786592 261.71328159446654
-6.732311322888731e-09 -184.1628930434544 260.77094184027777
-6.724530500988174e-09 -184.3759843025768 249.7121939415234
-6.71674967452409e-09 -184.5895693857673 263.9100046847443
-6.708968843501002e-09 -184.80365001149661 261.2634169697972
-6.701188007923426e-09 -185.01822790621844 253.33859075314155
-6.693407167795881e-09 -185.23330480441558 266.6738530988206
-6.685626323122886e-09 -185.4488824486467 258.3097546020723
-6.677845473908952e-09 -185.66496258959387 258.9858562059083
-6.6700646201585986e-09 -185.88154698610907 266.0580116016314
-6.662283761876339e-09 -186.0986374052627 258.5743651482584
-6.654502899066684e-09 -186.3162356223913 260.98835617146165
-6.646722031734149e-09 -186.5343434211459 259.3307705026455
-6.6389411598832435e-09 -186.7529625935409 255.57186173804016
-6.631160283518477e-09 -186.97209494000307 258.58310383253416
-6.623379402644363e-09 -187.19174226942087 260.53253227651015
-6.615598517265407e-09 -187.4119063991945 255.40571478519072
-6.6078176273861155e-09 -187.63258915528579 249.5771243248457
-6.600036733010998e-09 -187.85379237226866 261.40802400242507
-6.592255834144562e-09 -188.07551789338 262.07553977899033
-6.584474930791307e-09 -188.29776757057118 267.1169058986442
-6.5766940229557435e-09 -188.52054326455894 273.7361696704145
-6.568913110642371e-09 -188.74384684487794 275.92229180445327
-6.5611321938556924e-09 -188.96768018993276 267.6795230172509
-6.553351272600211e-09 -189.19204518705055 265.30082258597884
-6.545570346880423e-09 -189.41694373253435 271.429759837963
-6.537789416700831e-09 -189.642377731716 268.84145154734347
-6.530008482065935e-09 -189.86834909901046 271.04940424520504
-6.522227542980233e-09 -190.09485975796966 261.3109145929784
-6.514446599448217e-09 -190.32191164133738 257.1531997492284
-6.50666565147439e-09 -190.54950669110377 250.60159780781527
-6.498884699063241e-09 -190.7776468585613 262.5030054701279
-6.491103742219269e-09 -191.0063341043599 262.0880998883929
-6.483322780946964e-09 -191.23557039856362 269.3761496569114
-6.475541815250818e-09 -191.465357720707 269.6009441826499
-6.4677608451353255e-09 -191.69569805985196 258.24955908289246
-6.459979870604975e-09 -191.92659341464534 263.27197093391754
-6.452198891664258e-09 -192.15804579337663 248.09010123870152
-6.444417908317663e-09 -192.39005721403615 248.20681940310848
-6.4366369205696765e-09 -192.6226297043739 250.01279693011466
-6.428855928424787e-09 -192.85576530195837 245.63617793761026
-6.421074931887479e-09 -193.0894660542362 244.54184665040788
-6.413293930962241e-09 -193.32373401859198 250.0378374910439
-6.405512925653553e-09 -193.55857126240886 238.99023523616626
-6.3977319159658996e-09 -193.79397986312918 236.3954337522046
-6.389950901903767e-09 -194.02996190831553 241.0386568907077
-6.382169883471634e-09 -194.26651949571297 241.35833901703043
-6.3743888606739796e-09 -194.50365473331084 211.5460818659061
-6.366607833515286e-09 -194.7413697394053 199.52913153108466
-6.358826802000034e-09 -194.97966664266252 226.81895099619712
-6.351045766132697e-09 -195.21854758218248 231.03612290908842
-6.343264725917755e-09 -195.4580147075624 206.29410678116736
-6.335483681359685e-09 -195.69807017896173 209.12179129464286
-6.327702632462961e-09 -195.9387161671668 212.7908373635913
-6.319921579232057e-09 -196.17995485365648 210.56755160108025
-6.312140521671447e-09 -196.42178843066785 215.99253282765653
-6.304359459785605e-09 -196.66421910126272 219.1310294553296
-6.296578393579001e-09 -196.90724907939455 223.56219041074186
-6.288797323056107e-09 -197.15088058997586 228.17276458471122
-6.2810162482213925e-09 -197.39511586894602 244.62564458292
-6.273235169079326e-09 -197.63995716333974 268.2787353946208
-6.265454085634379e-09 -197.88540673135586 313.226936246142
-6.257672997891014e-09 -198.13146684242702 320.14987736992947
-6.249891905853701e-09 -198.37813977728928 333.2575980696098
-6.242110809526903e-09 -198.62542782805284 347.843166129299
-6.234329708915088e-09 -198.87333329827283 355.30862044615304
-6.226548604022716e-09 -199.12185850302103 355.37308734981264
-6.218767494854252e-09 -199.37100576895782 347.5388816550926
-6.210986381414157e-09 -199.62077743440474 353.0711641933973
-6.203205263706894e-09 -199.87117584941774 365.7101564222333
-6.19542414173692e-09 -200.1222033758609 386.4053242463074
-6.187643015508697e-09 -200.37386238748047 398.62066575038585
-6.179861885026683e-09 -200.62615526997996 413.42252431933423
-6.172080750295334e-09 -200.87908442109543 419.82200124696874
-6.1642996113191074e-09 -201.13265225067133 415.6050295552249
-6.1565184681024594e-09 -201.38686118073713 434.0784272693453
-6.1487373206498435e-09 -201.64171364558453 407.1622247712743
-6.1409561689657165e-09 -201.89721209184486 372.13976555610674
-6.133175013054528e-09 -202.15335897856784 363.848892023534
-6.125393852920732e-09 -202.4101567772999 354.1823054453263
-6.1176126885687796e-09 -202.66760797216412 353.475623828814
-6.109831520003121e-09 -202.92571505994016 332.03968512318124
-6.102050347228206e-09 -203.1844805501449 325.3188769359017
-6.094269170248482e-09 -203.44390696511397 320.8737866167879
-6.086487989068398e-09 -203.7039968400834 296.03135850694446
-6.078706803692401e-09 -203.96475272327243 287.3429663387346
-6.070925614124937e-09 -204.2261771759668 285.64810078400575
-6.063144420370448e-09 -204.4882727726024 290.172302138448
-6.055363222433382e-09 -204.75104210084973 292.1534236524471
-6.04758202031818e-09 -205.0144877616993 312.74535917520944
-6.039800814029285e-09 -205.27861236954737 301.32854697145063
-6.03201960357114e-09 -205.54341855228225 289.58181768077606
-6.024238388948184e-09 -205.8089089513716 301.13561559606484
-6.016457170164857e-09 -206.07508622195036 300.97683807319225
-6.008675947225596e-09 -206.3419530329091 307.4141589506173
-6.000894720134843e-09 -206.609512066983 321.15649457120816
-5.993113488897031e-09 -206.8777660208424 357.39021422371036
-5.985332253516599e-09 -207.14671760518263 416.6719542272928
-5.977551013997981e-09 -207.41636954481592 502.31698925953486
-5.9697697703456115e-09 -207.686724578763 511.57338944692464
-5.961988522563923e-09 -207.95778546034614 544.6781305114639
-5.954207270657351e-09 -208.22955495728226 549.6676070601852
-5.9464260146303245e-09 -208.50203585177752 530.6582496279763
-5.938644754487275e-09 -208.775230940622 488.68666552992727
-5.930863490232634e-09 -209.04914303528548 447.8100198412699
-5.923082221870828e-09 -209.32377496201386 425.6003146701389
-5.915300949406287e-09 -209.59912956192636 447.1382671268739
-5.907519672843439e-09 -209.8752096911134 466.19921272183643
-5.8997383921867076e-09 -210.1520182207356 481.0673983134921
-5.891957107440519e-09 -210.42955803712306 486.55056854194225
-5.884175818609301e-09 -210.70783204187558 485.51281587577165
-5.876394525697475e-09 -210.98684315196422 462.9700675843254
-5.868613228709464e-09 -211.26659429983283 434.22237981564155
-5.860831927649689e-09 -211.54708843350093 463.76651716820993
-5.853050622522574e-09 -211.82832851666706 501.56265500992066
-5.845269313332536e-09 -212.1103175288136 540.4194999035494
-5.837488000083997e-09 -212.39305846531144 555.209056712963
-5.8297066827813735e-09 -212.67655433752654 560.9326430224868
-5.821925361429084e-09 -212.9608081729264 569.0756327849427
-5.814144036031546e-09 -213.24582301518808 548.6944633901014
-5.8063627065931744e-09 -213.5316019243068 498.3795176780203
-5.798581373118384e-09 -213.81814797670543 467.7404677510472
-5.790800035611588e-09 -214.1054642653448 442.6007908950618
-5.783018694077203e-09 -214.39355389983504 444.4873262166557
-5.775237348519638e-09 -214.6824200065478 453.9741830977183
-5.767455998943304e-09 -214.97206572872935 445.196548273534
-5.759674645352615e-09 -215.26249422661434 436.69393549520504
-5.7518932877519796e-09 -215.55370867754112 414.7343775834987
-5.744111926145803e-09 -215.84571227606742 409.41002363040127
-5.736330560538497e-09 -216.1385082340869 407.49305469438934
-5.728549190934468e-09 -216.4320997809474 400.8712677055776
-5.72076781733812e-09 -216.7264901635694 390.4808106329917
-5.712986439753862e-09 -217.02168264656544 413.8945639743166
-5.705205058186095e-09 -217.31768051236148 417.66354407793216
-5.6974236726392235e-09 -217.61448706131785 427.44985859650575
-5.689642283117651e-09 -217.91210561185238 437.85670366236775
-5.681860889625779e-09 -218.21053950056375 428.27897221533294
-5.674079492168008e-09 -218.5097920823565 422.52287257495595
-5.6662980907487376e-09 -218.80986673056645 412.09808511078046
-5.658516685372367e-09 -219.11076683708757 399.7369783055005
-5.6507352760432965e-09 -219.41249581249974 402.515953104332
-5.64295386276592e-09 -219.71505708619776 407.88187124531527
-5.635172445544638e-09 -220.01845410652095 389.14422036899253
-5.627391024383842e-09 -220.32269034088455 391.3336106288581
-5.6196095992879295e-09 -220.62776927591142 385.97974020337307
-5.611828170261294e-09 -220.93369441756548 395.58930896577385
-5.604046737308327e-09 -221.240469291286 393.6390344259811
-5.596265300433423e-09 -221.54809744212275 406.27706645447535
-5.588483859640972e-09 -221.856582434873 402.8764329805997
-5.580702414935364e-09 -222.16592785421875 407.21293454447755
-5.572920966320989e-09 -222.47613730486592 423.2362067005622
-5.565139513802235e-09 -222.78721441168418 424.9835345017637
-5.557358057383489e-09 -223.0991628198482 412.88462267140653
-5.549576597069141e-09 -223.41198619497987 415.3431230709877
-5.541795132863575e-09 -223.72568822329222 439.45439952601413
-5.534013664771175e-09 -224.04027261173388 473.09510030864203
-5.526232192796328e-09 -224.35574308813509 528.1646782338514
-5.518450716943414e-09 -224.67210340135537 565.037219604277
-5.510669237216818e-09 -224.98935732143138 604.1980389522707
-5.502887753620922e-09 -225.3075086397271 614.1705419146825
-5.495106266160106e-09 -225.6265611690848 644.6184861386685
-5.487324774838748e-09 -225.94651874397732 632.4489070078263
-5.479543279661229e-09 -226.26738522066154 598.8539255401236
-5.471761780631927e-09 -226.5891644773334 552.8014426256614
-5.46398027775522e-09 -226.9118604142842 503.07491457231043
-5.456198771035482e-09 -227.23547695405827 489.0060936122134
-5.44841726047709e-09 -227.56001804161153 484.4373742697311
-5.44063574608442e-09 -227.8854876444721 488.53523375496036
-5.432854227861844e-09 -228.21188975290195 494.9900018601191
-5.425072705813736e-09 -228.5392283800598 500.66168568121697
-5.417291179944466e-09 -228.86750756216586 508.7319112034282
-5.409509650258407e-09 -229.19673135866728 526.4104783261685
-5.40172811675993e-09 -229.52690385240595 567.2054380924824
-5.393946579453401e-09 -229.85802914978714 599.9153559716711
-5.386165038343193e-09 -230.19011138094925 596.0769142002866
-5.378383493433672e-09 -230.52315469993636 598.5239438657408
-5.370601944729201e-09 -230.8571632848709 611.5198206018518
-5.3628203922341526e-09 -231.1921413381282 607.4995435819004
-5.355038835952888e-09 -231.52809308651337 567.8001939346341
-5.347257275889772e-09 -231.86502278143843 534.2489080412258
-5.339475712049167e-09 -232.2029346991021 509.1618096891535
-5.331694144435437e-09 -232.54183314067032 508.3472196387236
-5.323912573052944e-09 -232.88172243245901 503.3738512042549
-5.316130997906047e-09 -233.2226069261182 514.3924988977072
-5.308349418999107e-09 -233.56449099881738 522.4719216752095
-5.300567836336483e-09 -233.9073790534333 509.978729194224
-5.2927862499225316e-09 -234.25127551873862 524.3768515073854
-5.285004659761614e-09 -234.59618484959267 523.5262647087192
-5.277223065858083e-09 -234.94211152713413 524.56405612737
-5.269441468216294e-09 -235.2890600589745 523.6354648919754
-5.261659866840603e-09 -235.6370349793943 522.0919449955909
-5.253878261735365e-09 -235.98604084954044 530.7694563285384
-5.246096652904931e-09 -236.33608225762566 534.4085940944665
-5.238315040353654e-09 -236.68716381912935 521.9236515859237
-5.230533424085885e-09 -237.03929017700057 546.8299179480821
-5.222751804105973e-09 -237.39246600186272 563.8152936232364
-5.21497018041827e-09 -237.74669599221986 595.3600794339727
-5.207188553027123e-09 -238.1019848746653 630.2649377893518
-5.19940692193688e-09 -238.45833740409168 652.3700586281967
-5.191625287151888e-09 -238.81575836390311 658.893306671627
-5.183843648676494e-09 -239.17425256622911 691.7138413525133
-5.176062006515041e-09 -239.5338248521408 681.3290722828484
-5.168280360671875e-09 -239.89448009186856 677.8451295882937
-5.16049871115134e-09 -240.25622318502195 666.1041184413581
-5.152717057957776e-09 -240.61905906081176 632.66548170194
-5.144935401095528e-09 -240.98299267827363 660.2504357501102
-5.1371537405689335e-09 -241.34802902649423 695.6050037202382
-5.129372076382335e-09 -241.71417312483894 718.0523434055335
-5.12159040854007e-09 -242.08143002318224 726.491798252866
-5.113808737046479e-09 -242.4498048021395 721.8007330246915
-5.106027061905897e-09 -242.81930257330166 726.6356560708775
-5.09824538312266e-09 -243.1899284794713 689.9680679563493
-5.090463700701107e-09 -243.56168769490128 663.1460124559084
-5.0826820146455705e-09 -243.9345854255358 655.1434013999119
-5.074900324960385e-09 -244.30862690925318 652.0858221037258
-5.067118631649883e-09 -244.68381741611105 671.0407710537919
-5.059336934718399e-09 -245.06016224859385 700.445541570216
-5.05155523417026e-09 -245.43766674186307 737.612235794202
-5.043773530009801e-09 -245.8163362640085 766.1759999862214
-5.035991822241348e-09 -246.1961762163035 767.3183369846782
-5.028210110869234e-09 -246.57719203346122 753.4588827573854
-5.0204283958977836e-09 -246.9593891838942 743.3380180776014
-5.012646677331324e-09 -247.3427731699758 704.5015914351852
-5.0048649551741834e-09 -247.727349528304 680.0865902639991
-4.997083229430685e-09 -248.1131238299685 666.5012280230379
-4.989301500105155e-09 -248.50010168081914 650.5539537863757
-4.981519767201916e-09 -248.88828872173778 683.0478136711861
-4.973738030725291e-09 -249.27769062891227 683.1228470844356
-4.9659562906796016e-09 -249.6683131141131 680.129192157187
-4.95817454706917e-09 -250.06016192497262 677.2430279982364
-4.950392799898316e-09 -250.45324284526703 660.8989455880733
-4.942611049171358e-09 -250.84756169520102 655.169158881724
-4.934829294892615e-09 -251.24312433169467 635.3193376598325
-4.9270475370664044e-09 -251.63993664867382 618.380042989418
-4.9192657756970444e-09 -252.0380045773625 599.348811935075
-4.9114840107888494e-09 -252.43733408657872 595.7802682705027
-4.903702242346135e-09 -252.83793118303254 615.7737578538361
-4.895920470373216e-09 -253.2398019116273 653.0203252452602
-4.8881386948744035e-09 -253.64295235576392 666.9279531112214
-4.8803569158540134e-09 -254.04738863764732 640.9374913883378
-4.8725751333163554e-09 -254.4531169185969 648.236899939374
-4.864793347265739e-09 -254.8601433993591 686.2754216269842
-4.8570115577064774e-09 -255.26847432042314 732.6604180445327
-4.849229764642877e-09 -255.67811596234046 768.4772944912919
-4.8414479680792464e-09 -256.08907464604613 828.606822503307
-4.833666168019895e-09 -256.5013567331842 964.1708002645504
-4.825884364469125e-09 -256.91496862643623 1043.0373591132056
-4.818102557431248e-09 -257.32991676985205 1113.6585441468255
-4.810320746910563e-09 -257.74620764918535 1129.6458540013227
-4.802538932911379e-09 -258.1638477922305 1163.1460469025574
-4.794757115437996e-09 -258.58284376916475 1148.9396804728838
-4.786975294494716e-09 -259.00320219289216 1086.6599840167548
-4.77919347008584e-09 -259.4249297193916 960.2562400104719
-4.771411642215673e-09 -259.848033048068 880.7576454337523
-4.763629810888509e-09 -260.2725189221074 824.7615516837523
-4.755847976108652e-09 -260.69839412883476 767.9752776399912
-4.748066137880395e-09 -261.12566550007614 743.0405884865521
-4.740284296208039e-09 -261.55433991252346 722.7321359678131
-4.732502451095879e-09 -261.98442428810387 717.3507082231041
-4.724720602548209e-09 -262.41592559435236 733.5486076664463
-4.716938750569326e-09 -262.84885084478736 718.4752104690257
-4.709156895163521e-09 -263.2832070992916 713.5176487406305
-4.701375036335089e-09 -263.7190014644952 735.0746372767858
-4.693593174088322e-09 -264.15624109416336 759.6895926339287
-4.685811308427511e-09 -264.59493318958823 765.4504416060406
-4.678029439356945e-09 -265.0350849999838 755.1540884727734
-4.670247566880915e-09 -265.4767038228851 753.1071308008158
-4.662465691003709e-09 -265.919797004552 771.1667596726192
-4.654683811729614e-09 -266.3643719403761 753.2632344025574
-4.646901929062918e-09 -266.81043607529233 751.5994095844356
-4.639120043007906e-09 -267.25799690419467 750.2038208223105
-4.631338153568866e-09 -267.70706197235535 765.1143714864419
-4.6235562607500795e-09 -268.15763887584984 772.427963445216
-4.615774364555832e-09 -268.609735261984 840.4077708195547
-4.607992464990404e-09 -269.06335882972763 847.2233331266535
-4.600210562058078e-09 -269.51851733015116 855.3309031222443
-4.592428655763136e-09 -269.97521856686666 849.7738060791447
-4.584646746109857e-09 -270.4334703964748 858.1842826829807
-4.5768648331025225e-09 -270.8932807290142 851.3821631806659
-4.569082916745407e-09 -271.3546575284178 823.2974829833554
-4.5613009970427915e-09 -271.8176088129715 813.3228701636905
-4.5535190739989526e-09 -272.2821426557792 833.6508194857805
-4.545737147618163e-09 -272.7482671852323 819.5804742614639
-4.537955217904701e-09 -273.21599058548304 857.9562200314155
-4.530173284862841e-09 -273.68532109692416 879.5805603780865
-4.522391348496853e-09 -274.15626701667287 844.8479783261685
-4.5146094088110135e-09 -274.6288366990588 871.3422739610892
-4.506827465809592e-09 -275.1030385561195 885.4294205384701
-4.4990455194968595e-09 -275.57888105809815 914.2534033289243
-4.491263569877086e-09 -276.05637273394876 934.9292896412038
-4.483481616954541e-09 -276.53552217184557 950.2339874751984
-4.475699660733491e-09 -277.01633801969757 974.6273733741183
-4.467917701218207e-09 -277.4988289856689 978.7848169505071
-4.460135738412953e-09 -277.9830038387052 1014.7414434523811
-4.452353772321995e-09 -278.4688714090639 1020.0540295690037
-4.444571802949599e-09 -278.9564405888515 1053.2571890156526
-4.436789830300028e-09 -279.44572033256594 1077.4883570326278
-4.429007854377545e-09 -279.9367196576449 1061.7644693149252
-4.421225875186413e-09 -280.42944764501965 1046.2610401510142
-4.413443892730894e-09 -280.9239134396746 1045.6434117339065
-4.405661907015248e-09 -281.4201262512138 1049.2799100253528
-4.397879918043735e-09 -281.9180953544318 1062.7977998925264
-4.3900979258206146e-09 -282.41783008989216 1096.5596753747795
-4.382315930350145e-09 -282.91933986451124 1115.8168161651236
-4.37453393163658e-09 -283.42263415214853 1073.3001267636685
-4.366751929684182e-09 -283.92772249420267 1076.5463961915787
-4.358969924497202e-09 -284.43461450021533 1080.8962845844358
-4.351187916079896e-09 -284.94331984847986 1044.2124376515653
-4.3434059044365195e-09 -285.45384828665743 1031.6536888916446
-4.3356238895713245e-09 -285.9662096323999 1033.0947213955028
-4.327841871488563e-09 -286.4804137739788 971.0489349096121
-4.3200598501924874e-09 -286.99647067092167 962.805438436949
-4.312277825687346e-09 -287.51439035465495 958.3948464368387
-4.304495797977393e-09 -288.0341829291538 947.3992177166006
-4.296713767066871e-09 -288.5558585715999 933.3783637152778
-4.288931732960032e-09 -289.07942753304445 935.2491181657849
-4.281149695661126e-09 -289.6049001390803 945.5526964836862
-4.273367655174394e-09 -290.1322867905212 950.3831414654983
-4.265585611504083e-09 -290.6615979640871 944.650375124008
-4.257803564654439e-09 -291.1928442130983 972.1532686425265
-4.250021514629706e-09 -291.7260361681766 1008.7179990630513
-4.242239461434125e-09 -292.26118453795516 1076.0017602237656
-4.234457405071942e-09 -292.7983001097941 1112.8278976521165
-4.226675345547393e-09 -293.33739375050664 1172.6517374889772
-4.218893282864723e-09 -293.8784764070908 1200.6787884424605
-4.21111121702817e-09 -294.4215591074712 1230.3730227623457
-4.203329148041973e-09 -294.9666529612479 1226.3878038194446
-4.19554707591037e-09 -295.5137691604539 1227.112647431658
-4.187765000637599e-09 -296.0629189803213 1249.725287973986
-4.1799829222278936e-09 -296.61411378005573 1269.845248429233
-4.172200840685492e-09 -297.1673650036197 1243.6861359126985
-4.1644187560146275e-09 -297.7226841805242 1295.4859905478395
-4.156636668219535e-09 -298.2800829266301 1331.5897989693563
-4.1488545773044474e-09 -298.83957294495775 1361.431533840388
-4.141072483273596e-09 -299.40116602650625 1394.3701602458113
-4.133290386131213e-09 -299.96487405108127 1341.2403377149471
-4.125508285881529e-09 -300.5307089881333 1331.056857638889
-4.1177261825287705e-09 -301.09868289760465 1331.549255263448
-4.10994407607717e-09 -301.6688079307857 1365.679649608686
-4.102161966530956e-09 -302.2410963311822 1484.3294270833335
-4.094379853894353e-09 -302.8155604353914 1664.353023037919
-4.086597738171587e-09 -303.39221267398847 1667.6795187114199
-4.078815619366886e-09 -303.9710655724229 1634.7950768849207
-4.071033497484473e-09 -304.55213175192574 1670.799007247575
-4.063251372528572e-09 -305.1354239304268 1687.5483114252647
-4.055469244503405e-09 -305.72095492348234 1662.0747216710758
-4.047687113413197e-09 -306.30873764521345 1549.1263985339508
-4.039904979262168e-09 -306.8987851092562 1502.9787223048943
-4.0321228420545386e-09 -307.49111042972146 1511.8171296296298
-4.024340701794525e-09 -308.08572682216663 1476.4357880015434
-4.016558558486351e-09 -308.6826476045781 1513.4980572089949
-4.008776412134232e-09 -309.28188619836624 1506.2917837852735
-4.000994262742385e-09 -309.88345612937087 1467.9210586144181
-3.993212110315028e-09 -310.48737102887884 1305.7239479993386
-3.985429954856375e-09 -311.093644634654 1170.0260072200176
-3.97764779637064e-09 -311.70229079197867 1153.20278053351
-3.969865634862039e-09 -312.31332345470713 1178.2823178461201
-3.962083470334785e-09 -312.92675668633285 1216.4712852733687
-3.9543013027930865e-09 -313.5426046610669 1296.1179487709437
-3.94651913224116e-09 -314.16088166492926 1381.6957740850971
-3.9387369586832104e-09 -314.7816020968548 1407.9237282297179
-3.930954782123451e-09 -315.4047804698094 1436.1350687555116
-3.923172602566091e-09 -316.030431411922 1400.694461667769
-3.915390420015337e-09 -316.6585696676292 1380.1809826940037
-3.907608234475394e-09 -317.2892100988333 1337.6645860890653
-3.899826045950474e-09 -317.9223676860739 1318.248973489859
-3.892043854444777e-09 -318.5580575297153 1319.4607204861113
-3.884261659962512e-09 -319.19629485114564 1359.4890873015875
-3.876479462507879e-09 -319.8370949939927 1437.1916335978838
-3.868697262085083e-09 -320.480473425353 1488.9558187279542
-3.860915058698328e-09 -321.1264457370362 1497.4694113756616
-3.853132852351811e-09 -321.7750276468252 1536.4063188932982
-3.845350643049735e-09 -322.4262349997502 1553.8718894675926
-3.8375684307963e-09 -323.0800837693794 1580.4376963458997
-3.829786215595705e-09 -323.7365900591249 1539.8449039627426
-3.822003997452147e-09 -324.3957701035653 1541.0701195987656
-3.814221776369824e-09 -325.0576402697829 1637.8001680996474
-3.806439552352932e-09 -325.7222170587189 1776.309696042769
-3.798657325405667e-09 -326.38951710654476 1848.413749035494
-3.790875095532222e-09 -327.05955718605026 2039.8172949735451
-3.783092862736794e-09 -327.73235420804826 2135.6816302910056
-3.775310627023573e-09 -328.40792522279855 2077.542111028439
-3.767528388396755e-09 -329.0862874214467 2082.1076354442243
-3.759746146860527e-09 -329.76745813748363 1957.9142381779102
-3.751963902419082e-09 -330.45145484822103 1845.2251260747355
-3.74418165507661e-09 -331.1382951762862 1666.4343240189596
-3.7363994048372995e-09 -331.82799689113614 1474.2090188216491
-3.728617151705338e-09 -332.5205779105893 1360.165343915344
-3.7208348956849137e-09 -333.2160563023773 1322.0354524911818
-3.7130526367802126e-09 -333.9144502857164 1321.7124118165787
-3.705270374995421e-09 -334.615778232898 1314.7054983741182
-3.6974881103347235e-09 -335.3200586708999 1332.8772941468255
-3.6897058428023028e-09 -336.02731028301815 1341.6660982969577
-3.6819235724023443e-09 -336.73755191051805 1335.8754099151236
-3.674141299139028e-09 -337.45080255430844 1373.783740492725
-3.666359023016538e-09 -338.1670813766352 1385.2984629905204
-3.6585767440390534e-09 -338.8864077027981 1382.1966972552912
-3.650794462210754e-09 -339.6088010228883 1400.6001984126985
-3.643012177535819e-09 -340.3342809935485 1443.8318624614199
-3.635229890018427e-09 -341.06286743975625 1499.9231839726633
-3.627447599662755e-09 -341.7945803566295 1575.5079847332452
-3.6196653064729806e-09 -342.52943991125585 1669.3812003968255
-3.611883010453279e-09 -343.26746644454533 1727.6748511904764
-3.604100711607824e-09 -344.00868047310723 1816.3831879684747
-3.5963184099407904e-09 -344.75310269115107 1872.7856660604057
-3.588536105456353e-09 -345.5007539724124 1973.594042796517
-3.580753798158684e-09 -346.2516553721044 2022.6423680004411
-3.5729714880519526e-09 -347.005828128894 2049.1213004298943
-3.565189175140332e-09 -347.76329366690396 2017.2946118551588
-3.557406859427991e-09 -348.5240735977423 2018.3472153328926
-3.549624540919099e-09 -349.288189722557 1979.9633315421077
-3.541842219617825e-09 -350.05566403411865 1948.006469080688
-3.5340598955283353e-09 -350.82651871893086 1855.8421344521607
-3.5262775686547993e-09 -351.6007761593674 1776.1593019731042
-3.5184952390013797e-09 -352.3784589358395 1745.8323688271607
-3.5107129065722447e-09 -353.15958982898974 1724.5236717372136
-3.5029305713715555e-09 -353.9441918219179 1689.0329792217815
-3.495148233403477e-09 -354.7322881024337 1623.8295373126105
-3.487365892672173e-09 -355.52390206534164 1563.193996638007
-3.4795835491818042e-09 -356.31905731475626 1561.3249559082894
-3.4718012029365308e-09 -357.1177776664479 1528.8058552414022
-3.4640188539405137e-09 -357.9200871502201 1515.9221195712082
-3.456236502197912e-09 -358.7260100123201 1577.3858265817903
-3.448454147712886e-09 -359.53557071788043 1597.32387428351
-3.440671790489591e-09 -360.3487939533956 1609.9333629574517
-3.4328894305321855e-09 -361.16570462923045 1604.6498325892858
-3.4251070678448243e-09 -361.9863278821641 1634.8884617504411
-3.4173247024316647e-09 -362.81068907796805 1640.4285852072312
-3.409542334296859e-09 -363.63881381401995 1676.231467702822
-3.4017599634445627e-09 -364.4707279219525 1739.0638434193122
-3.393977589878927e-09 -365.3064574703403 1874.9621259093917
-3.3861952136041046e-09 -366.14602876742174 2232.042100694445
-3.3784128346242462e-09 -366.9894683638603 2801.7707644400357
-3.3706304529435037e-09 -367.83680305554276 3092.213713899912
-3.3628480685660238e-09 -368.6880598864177 3088.191447585979
-3.3550656814959597e-09 -369.5432661513716 3181.0561342592596
-3.3472832917374544e-09 -370.4024493991475 3197.004484953704
-3.3395008992946595e-09 -371.2656374353015 3060.6437734237215
-3.3317185041717164e-09 -372.13285832520415 2635.924341380071
-3.3239361063727744e-09 -373.00414039708016 2085.3089003251766
-3.3161537059019787e-09 -373.87951224509453 1751.5429687500002
-3.3083713027634704e-09 -374.75900273248016 1691.7472201554235
-3.3005888969613935e-09 -375.64264099470995 1701.7182333002647
-3.29280648849989e-09 -376.5304564427142 1702.6778997189156
-3.2850240773831027e-09 -377.42247876614357 1707.2469032462523
-3.277241663615171e-09 -378.31873793667916 1723.4392223324517
-3.269459247200236e-09 -379.2192642113887 1737.355685763889
-3.261676828142434e-09 -380.1240881361321 1752.6112798996915
-3.2538944064459054e-09 -381.0332405490142 1741.009734623016
-3.2461119821147875e-09 -381.946752583889 1731.7009410824517
-3.2383295551532142e-09 -382.864655673914 1748.6897528108466
-3.2305471255653255e-09 -383.7869815551537 1745.001670662478
-3.222764693355254e-09 -384.71376227023944 1786.4702346505733
-3.214982258527132e-09 -385.645030172079 1754.9233217592594
-3.2071998210850966e-09 -386.5808179276204 1728.906542796517
-3.1994173810332764e-09 -387.52115852167367 1710.618007330247
-3.1916349383758075e-09 -388.46608526078427 1697.5525828097443
-3.183852493116816e-09 -389.4156317771674 1660.13370466821
-3.1760700452604356e-09 -390.3698320326963 1613.3519689704588
-3.1682875948107946e-09 -391.32872032295285 1541.6523196373457
-3.1605051417720208e-09 -392.2923312813357 1451.1464017030423
-3.15272268614824e-09 -393.2606998832302 1388.7048059964727
-3.1449402279435824e-09 -394.2338614502393 1323.7843949790565
-3.137157767162172e-09 -395.21185165447946 1276.1107149746474
-3.1293753038081364e-09 -396.19470652293796 1265.5166825121253
-3.121592837885596e-09 -397.1824624418983 1295.1886298500883
-3.1138103693986767e-09 -398.1751561614288 1445.8008501432982
-3.106027898351501e-09 -399.17282479994157 1694.5913594025574
-3.0982454247481925e-09 -400.17550584881815 1914.039351851852
-3.090462948592869e-09 -401.183237177107 2111.985160383598
-3.082680469889654e-09 -402.1960570362893 2387.7367862654323
-3.074897988642663e-09 -403.2140040651208 2679.439863040124
-3.0671155048560195e-09 -404.23711729454305 2917.126667217813
-3.0593330185338375e-09 -405.2654361526747 2994.455088458995
-3.051550529680237e-09 -406.2990004698738 2977.3314525462965
-3.0437680382993316e-09 -407.3378504838828 2956.896356922399
-3.03598554439524e-09 -408.38202684504796 2881.0122492283954
-3.0282030479720725e-09 -409.4315706216239 2735.5067791005295
-3.020420549033948e-09 -410.4865233051555 2508.0366787918874
-3.012638047584975e-09 -411.5469268159481 2319.06322337963
-3.004855543629269e-09 -412.6128235086175 2140.6063471395505
-2.9970730371709395e-09 -413.68425617773136 1986.12216848545
-2.9892905282140995e-09 -414.76126806353506 1884.269145447531
-2.981508016762854e-09 -415.8439028577699 1919.6161782131835
-2.973725502821318e-09 -416.9322047095793 2165.5249152612437
-2.965942986393594e-09 -418.02621823151316 2656.205942735891
-2.958160467483794e-09 -419.12598850562074 3011.4501005842153
-2.9503779460960227e-09 -420.23156108964577 3049.5957685736334
-2.9425954222343857e-09 -421.34298202331587 3384.4946676587306
-2.9348128959029883e-09 -422.4602978347339 3736.255545910494
-2.927030367105936e-09 -423.5835555468706 3916.2547536375664
-2.9192478358473293e-09 -424.7128026841622 3573.8296750992067
-2.9114653021312737e-09 -425.8480872792114 3435.4096739969136
-2.9036827659618686e-09 -426.9894578795995 3556.5190972222226
-2.8959002273432178e-09 -428.1369635548049 3831.4693218143743
-2.8881176862794165e-09 -429.29065390323694 3675.1816027336863
-2.8803351427745688e-09 -430.4505790593798 3584.185302303792
-2.872552596832772e-09 -431.6167897010565 3645.4445340057323
-2.8647700484581236e-09 -432.7893370568092 3676.1459022266317
-2.856987497654719e-09 -433.96827291339986 3459.8415454144624
-2.849204944426658e-09 -435.15364962343426 3074.786155202822
-2.8414223887780325e-09 -436.3455201131129 2791.187961585097
-2.8336398307129387e-09 -437.54393789010663 2726.879030257937
-2.825857270235468e-09 -438.74895705156507 2710.630201444004
-2.8180747073497183e-09 -439.9606322922553 2546.1791087962965
-2.8102921420597763e-09 -441.1790189128395 2452.584738756614
-2.8025095743697375e-09 -442.40417282828554 2431.1457644400352
-2.7947270042836894e-09 -443.636150576423 2383.8333953373017
-2.786944431805723e-09 -444.8750093266386 2285.6941860945767
-2.779161856939927e-09 -446.12080688872027 2162.1453373015875
-2.771379279690391e-09 -447.37360172184924 2125.9189160328483
-2.7635967000612e-09 -448.63345294374466 2097.5
-2.755814118056442e-09 -449.90042033996184 2081.594363150353
-2.7480315336802023e-09 -451.1745643733501 2269.841235394621
-2.7402489469365643e-09 -452.45594619367125 2608.512972608025
-2.7324663578296142e-09 -453.74462764738126 3046.1341214726635
-2.7246837663634367e-09 -455.0406712875816 3182.03552138448
-2.7169011725421093e-09 -456.34414038414127 3273.0368165784835
-2.7091185763697195e-09 -457.6550989339901 3463.3504877645505
-2.7013359778503433e-09 -458.97361167159596 3517.829619984568
-2.6935533769880644e-09 -460.2997440796171 3480.920138888889
-2.68577077378696e-09 -461.63356239974513 3292.174858079806
-2.67798816825111e-09 -462.9751336437334 3091.7281883818346
-2.6702055603845907e-09 -464.3245256046203 3144.992628417108
-2.6624229501914804e-09 -465.6818068681482 3203.189139660494
-2.654640337675854e-09 -467.04704682438444 3172.9918981481483
-2.646857722841788e-09 -468.4203156795459 3195.5434647817465
-2.639075105693355e-09 -469.80168446803447 3172.159425981041
-2.6312924862346334e-09 -471.19122506468375 3055.787622630071
-2.6235098644696894e-09 -472.58901019722805 2870.8745659722226
-2.6157272404026005e-09 -473.9951134589873 2714.6538456238977
-2.6079446140374347e-09 -475.4096093217866 2593.770702436067
-2.600161985378266e-09 -476.8325731491013 2618.1412932649914
-2.5923793544291596e-09 -478.2640812094443 2773.9831004739863
-2.5845967211941885e-09 -479.70421068999 3015.744495425485
-2.576814085677419e-09 -481.1530397104501 3330.319113756614
-2.5690314478829187e-09 -482.610647337198 3462.9071249448857
-2.561248807814755e-09 -484.0771135976522 3544.0730062279545
-2.5534661654769913e-09 -485.5525194949235 3847.3669325947976
-2.5456835208736953e-09 -487.0369470227283 4024.5741705246915
-2.5379008740089305e-09 -488.5304791805795 4025.8778384038806
-2.5301182248867584e-09 -490.03319998925605 3784.079275518078
-2.5223355735112445e-09 -491.54519450655766 3548.6591986331573
-2.514552919886448e-09 -493.06654884335586 3462.825968639771
-2.50677026401643e-09 -494.5973501799398 3431.607418430335
-2.498987605905255e-09 -496.1376867826694 3152.1881889329807
-2.4912049455569774e-09 -497.6876480209434 2835.6654748126102
-2.4834222829756564e-09 -499.2473243844804 2573.356757054674
-2.4756396181653518e-09 -500.8168075009306 2482.867373511905
-2.467856951130121e-09 -502.3961901538198 2483.667293595679
-2.460074281874017e-09 -503.98556630083414 2458.9166528880073
-2.4522916104010994e-09 -505.5850310924501 2427.3150559413584
-2.4445089367154185e-09 -507.19468089092635 2435.898299713404
-2.436726260821033e-09 -508.8146132896523 2430.233031580688
-2.42894358272199e-09 -510.4449271328766 2406.372664517196
-2.4211609024223478e-09 -512.085722535807 2427.1458540013227
-2.4133782199261528e-09 -513.7371009051091 2483.077601410935
-2.4055955352374593e-09 -515.3991649597937 2535.8458374669312
-2.397812848360316e-09 -517.0720187525183 2715.3217317019403
-2.3900301592987723e-09 -518.7557676912999 3022.4716504078488
-2.3822474680568756e-09 -520.4505185616566 3410.192246748237
-2.374464774638674e-09 -522.156379549182 3772.5739225088187
-2.366682079048213e-09 -523.8734602625674 4007.7505649250443
-2.3588993812895414e-09 -525.6018717570772 4146.228195271165
-2.3511166813667027e-09 -527.3417265584943 4199.514818948413
-2.343333979283741e-09 -529.0931386875387 4273.43891231261
-2.335551275044698e-09 -530.8562236847771 4202.27733686067
-2.3277685686536206e-09 -532.6310986360289 3991.722780257937
-2.3199858601145485e-09 -534.4178821982896 3724.935309193122
-2.312203149431524e-09 -536.216694626171 3618.136057374339
-2.304420436608585e-09 -538.0276577988822 3655.808531746032
-2.2966377216497723e-09 -539.8508952477553 3792.6573178461203
-2.288855004559126e-09 -541.6865321843355 3726.89063877866
-2.2810722853406834e-09 -543.5346955290464 3617.0414806547624
-2.2732895639984805e-09 -545.3955139404419 3565.2010995370374
-2.2655068405365564e-09 -547.2691178450618 3499.7578400573193
-2.2577241149589443e-09 -549.1556394679075 3288.9054577270726
-2.249941387269681e-09 -551.0552128635452 3084.327635857584
-2.2421586574727985e-09 -552.9679739478632 2799.832072585979
-2.2343759255723315e-09 -554.8940605304862 2579.450713734568
-2.2265931915723113e-09 -556.8336123478751 2497.015749007937
-2.218810455476772e-09 -558.7867710971194 2585.8828676146386
-2.211027717289742e-09 -560.7536804704472 2763.212528935185
-2.2032449770152546e-09 -562.7344861904614 2921.7054191468255
-2.195462234657334e-09 -564.7293360461324 2949.416404872134
-2.1876794902200148e-09 -566.7383799295498 2979.9128844246034
-2.179896743707319e-09 -568.7617698734725 3006.6097608024693
-2.1721139951232784e-09 -570.7996600896755 2962.336481757055
-2.1643312444719173e-09 -572.8522070081318 2829.114238866843
-2.15654849175726e-09 -574.9195693170392 2629.8282145612875
-2.148765736983332e-09 -577.0019080037164 2505.467509920635
-2.1409829801541594e-09 -579.0993863963929 2476.113109016755
-2.1332002212737624e-09 -581.2121702069148 2422.8462577160494
-2.125417460346164e-09 -583.3404275743848 2432.7123980379192
-2.1176346973753854e-09 -585.4843291097682 2428.9518918099648
-2.109851932365449e-09 -587.6440479414839 2394.8893918099648
-2.102069165320372e-09 -589.8197597620118 2365.365823412699
-2.094286396244177e-09 -592.0116428755329 2323.7760072200176
-2.086503625140878e-09 -594.2198782466443 2233.5532235174164
-2.078720852014498e-09 -596.4446495501586 2123.7469342482364
-2.0709380768690474e-09 -598.686143222038 2082.970213982584
-2.0631552997085478e-09 -600.9445485114674 2033.1823364473105
-2.0553725205370116e-09 -603.2200575341244 1982.719080687831
-2.0475897393584545e-09 -605.512865326654 2004.1953607253088
-2.0398069561768886e-09 -607.8231699023961 1958.0475983796298
-2.032024170996329e-09 -610.15117230839 1909.3481832837304
-2.024241383820787e-09 -612.4970766836974 1875.902484981261
-2.0164585946542715e-09 -614.8610903190746 1859.0638261959878
-2.008675803500796e-09 -617.2434237180291 1846.1047901510142
-2.000893010364369e-09 -619.6442906593068 1800.179622051367
-1.993110215248999e-09 -622.0639082608391 1760.8971113040125
-1.985327418158696e-09 -624.5024970451944 1715.4618262235451
-1.9775446190974662e-09 -626.9602810065784 1683.36559262015
-1.9697618180693165e-09 -629.4374876794185 1687.4606791501324
-1.961979015078252e-09 -631.9343482085839 1707.4690669091713
-1.954196210128279e-09 -634.4510974212807 1682.9705067791006
-1.946413403223399e-09 -636.9879739006769 1658.1336805555557
-1.9386305943676194e-09 -639.545220061293 1642.8542321153
-1.9308477835649402e-09 -642.1230822262249 1622.887111441799
-1.923064970819366e-09 -644.7218107062349 1648.2198832947531
-1.915282156134894e-09 -647.3416598807762 1628.8542183366403
-1.907499339515527e-09 -649.9828882809959 1588.9599178791889
-1.8997165209652647e-09 -652.645758674783 1626.9755842151676
-1.8919337004881073e-09 -655.3305381539125 1604.7812982253088
-1.8841508780880483e-09 -658.0374982233537 1574.8747347608025
-1.8763680537690894e-09 -660.7669148927923 1601.4203386794534
-1.868585227535224e-09 -663.5190687704517 1588.565021494709
-1.8608023993904504e-09 -666.294245159257 1575.3143428957233
-1.8530195693387628e-09 -669.0927341554323 1588.4835551697531
-1.845236737384154e-09 -671.9148307495872 1590.8513661541006
-1.8374539035306198e-09 -674.7608349303732 1574.1348207396386
-1.8296710677821482e-09 -677.6310517907897 1536.8137883046738
-1.8218882301427354e-09 -680.5257916372067 1530.048018628748
-1.8141053906163728e-09 -683.445370101203 1451.496345210538
-1.8063225492070448e-09 -686.3901082542932 1400.5195415839949
-1.7985397059187488e-09 -689.3603327256238 1374.74769551918
-1.7907568607554663e-09 -692.3563758227582 1378.733878968254
-1.782974013721192e-09 -695.378575655602 1359.5056389164463
-1.7751911648199075e-09 -698.4272762636107 1337.6922123015875
-1.7674083140556013e-09 -701.5028277463392 1314.437572337963
-1.7596254614322608e-09 -704.6055863974685 1258.2582568617727
-1.7518426069538673e-09 -707.7359148424024 1249.3873146770284
-1.7440597506244051e-09 -710.8941821795431 1240.7958209325398
-1.7362768924478623e-09 -714.0807641253712 1229.9737861000883
-1.728494032428214e-09 -717.2960431634502 1223.9494805445327
-1.7207111705694483e-09 -720.5404086974596 1195.798800567681
-1.7129283068755444e-09 -723.8142572084175 1185.0375296241182
-1.7051454413504799e-09 -727.117992416199 1180.421351410935
-1.6973625739982349e-09 -730.4520254454978 1155.8552155671298
-1.6895797048227907e-09 -733.8167749963791 1133.808826264881
-1.681796833828124e-09 -737.2126675195677 1127.4213583002647
-1.6740139610182097e-09 -740.6401373966245 1110.9825389936068
-1.666231086397028e-09 -744.0996271251694 1107.929222470238
-1.6584482099685492e-09 -747.59158750933 1090.652522872575
-1.6506653317367537e-09 -751.1164778555627 1041.3716569527116
-1.642882451705612e-09 -754.674766174057 1030.5632371582892
-1.6350995698790968e-09 -758.266929385879 1029.6930631338184
-1.627316686261182e-09 -761.8934535360634 1001.3894658702602
-1.619533800855842e-09 -765.55483401285 972.278094686949
-1.6117509136670406e-09 -769.2515757732798 952.919353505291
-1.6039680246987528e-09 -772.9841935753387 954.0066878169092
-1.596185133954946e-09 -776.7532122169171 943.6972794036596
-1.5884022414395921e-09 -780.5591667817766 912.8166249862214
-1.5806193471566556e-09 -784.4026028927972 900.6071824707893
-1.5728364511101056e-09 -788.2840769727303 927.599223572531
-1.565053553303905e-09 -792.204156512745 939.0876374421297
-1.5572706537420223e-09 -796.1634203490145 892.1052414021165
-1.5494877524284204e-09 -800.1624589476513 853.0365582286156
-1.5417048493670656e-09 -804.2018746982611 835.8729469797179
-1.5339219445619176e-09 -808.2822822164453 811.296451306217
-1.526139038016944e-09 -812.4043086555453 797.1076182208996
-1.5183561297360997e-09 -816.5685940279947 802.9976507385362
-1.5105732197233515e-09 -820.7757915365803 802.9510099757496
-1.502790307982655e-09 -825.0265679160239 801.5978250385803
-1.495007394517972e-09 -829.3216037852112 773.3746951471561
-1.4872244793332594e-09 -833.6615940104956 806.9451247657629
-1.4794415624324778e-09 -838.0472480804602 759.7099850501544
-1.4716586438195813e-09 -842.4792904925806 733.0030674740962
-1.4638757234985264e-09 -846.958461152213 734.5824291087963
-1.456092801473269e-09 -851.4855157843836 724.4909646439595
-1.4483098777477655e-09 -856.0612263588542 713.1673521549824
-1.4405269523259664e-09 -860.6863815289723 720.6993014219577
-1.4327440252118294e-09 -865.3617870848111 702.5176194609788
-1.4249610964093013e-09 -870.0882664211811 703.2974227017196
-1.4171781659223401e-09 -874.8666610210366 688.9341862323633
-1.4093952337548908e-09 -879.6978309549303 666.6738057346781
-1.4016122999109062e-09 -884.5826553970775 660.2819113756615
-1.3938293643943347e-09 -889.5220331587338 656.799449887015
-1.386046427209127e-09 -894.51688323953 662.9781625468474
-1.3782634883592262e-09 -899.5681453974973 671.1222890487214
-1.3704805478485843e-09 -904.676780738501 687.6162918871253
-1.3626976056811421e-09 -909.8437723258943 677.0083688133819
-1.354914661860853e-09 -915.0701258111588 713.0012762483466
-1.3471317163916536e-09 -920.3568700864388 729.5950710289903
-1.339348769277495e-09 -925.7050579597881 755.8217592592594
-1.3315658205223116e-09 -931.11576685414 826.5354507688493
-1.3237828701300548e-09 -936.5900995308893 928.9143621858466
-1.31599991810466e-09 -942.1291848391978 1047.1115279155645
-1.3082169644500697e-09 -947.7341784920073 1280.558311287478
-1.300434009170227e-09 -953.4062638699409 1671.0336405974429
-1.2926510522690691e-09 -959.1466528542443 2112.465708360891
-1.284868093750531e-09 -964.9565866899961 2507.6840484457675
-1.2770851336185547e-09 -970.8373368808752 3227.518291170635
-1.2693021718770766e-09 -976.7902061168653 4569.444513337743
-1.2615192085300347e-09 -982.8165292362853 5053.1079833553795
-1.2537362435813581e-09 -988.9176742236676 5135.436576829807
-1.2459532770349903e-09 -995.095043245009 5547.632550705468
-1.2381703088948578e-09 -1001.3500737221107 6020.816316688713
-1.2303873391648975e-09 -1007.6842394476474 5589.240382495591
-1.2226043678490402e-09 -1014.0990517428633 4712.13245425485
-1.21482139495122e-09 -1020.5960606597475 3808.344080687831
-1.2070384204753646e-09 -1027.1768562297386 3156.612723214286
-1.1992554444254064e-09 -1033.8430697610333 2975.6607211750443
-1.1914724668052743e-09 -1040.596375186759 2468.2632688492067
-1.1836894876188978e-09 -1047.4384904663236 2274.9599041005295
-1.1759065068702016e-09 -1054.3711790424254 2659.5924272486773
-1.1681235245631181e-09 -1061.396251356293 3715.8253072641096
-1.160340540701567e-09 -1068.515566423939 5219.480544532628
-1.1525575552894789e-09 -1075.7310334762353 7178.82957175926
-1.1447745683307769e-09 -1083.0446136659355 9736.341145833334
-1.1369915798293858e-09 -1090.4583218447776 12315.393794091711
-1.1292085897892263e-09 -1097.9742284140953 14778.91796186067
-1.1214255982142258e-09 -1105.5944612524777 16747.954006834218
-1.1136426051082999e-09 -1113.3212077242877 17194.91278108466
-1.1058596104753752e-09 -1121.1567167729584 16363.417796516756
-1.0980766143193674e-09 -1129.103301103356 14885.01143628748
-1.0902936166442002e-09 -1137.1633394575738 13309.429150132277
-1.0825106174537893e-09 -1145.3392789889392 11319.047894620811
-1.0747276167520536e-09 -1153.633637739146 9569.913263337743
-1.0669446145429112e-09 -1162.0490072238229 7953.634672619049
-1.0591616108302745e-09 -1170.588055132101 7067.35690861993
-1.0513786056180648e-09 -1179.2535281460662 7052.808504188713
-1.0435955989101948e-09 -1188.0482548864097 6934.13814484127
-1.035812590710578e-09 -1196.9751489908517 6648.099027226632
-1.0280295810231277e-09 -1206.037212332416 5868.00354111552
-1.0202465698517542e-09 -1215.2375383850085 5049.526496362434
-1.012463557200376e-09 -1224.579315744219 4425.70526069224
-1.0046805430728997e-09 -1234.0658318118055 3803.3634397045857
-9.968975274732353e-10 -1243.7004766527336 3272.14736965388
-9.89114510405293e-10 -1253.4867470343397 2475.710875496032
-9.813314918729817e-10 -1263.4282506577022 1915.7567756558644
-9.735484718802132e-10 -1273.5287105919738 1580.8548969356261
-9.657654504308873e-10 -1283.7919699231575 1372.6210110780423
-9.579824275289167e-10 -1294.221996629442 1171.4004801862875
-9.501994031782046e-10 -1304.8228886962045 1048.5801005153219
-9.424163773826576e-10 -1315.598879484424 958.1503441220239
-9.346333501461776e-10 -1326.5543433673556 936.3916187858246
-9.268503214726674e-10 -1337.6938016511838 1031.263210289903
-9.190672913660342e-10 -1349.021928796513 1154.9379788084216
-9.112842598301803e-10 -1360.543558958696 1390.2131730875221
-9.03501226869001e-10 -1372.2636928661964 1624.6564980158732
-8.957181924863998e-10 -1384.1875050575347 1821.7504409171077
-8.879351566862786e-10 -1396.3203514988763 1972.224719604277
-8.80152119472536e-10 -1408.6677776057802 1992.9298080632718
-8.723690808490652e-10 -1421.2355266943582 1896.6871968694886
-8.645860408197684e-10 -1434.029548888879 1750.5491312555116
-8.568029993885426e-10 -1447.0560105149111 1581.2973813657409
-8.490199565592827e-10 -1460.321304009092 1400.2788284005733
-8.412369123358797e-10 -1473.8320583790123 1276.3387173445767
-8.334538667222365e-10 -1487.5951502491428 1218.4606481481483
-8.256708197222402e-10 -1501.6177155315763 1225.5204199735451
-8.17887771339787e-10 -1515.9071617630395 1227.2104586915787
-8.101047215787664e-10 -1530.4711811531452 1306.7224702380954
-8.023216704430708e-10 -1545.3177643920665 1339.1158923059966
-7.94538617936594e-10 -1560.4552152697713 1282.8992194389332
-7.867555640632224e-10 -1575.8921661630127 1272.1288890266756
-7.789725088268435e-10 -1591.6375944507136 1215.0260244433423
-7.711894522313517e-10 -1607.7008399233787 1137.289203731261
-7.634063942806303e-10 -1624.0916232575137 1020.6630118772047
-7.556233349785675e-10 -1640.8200656317226 959.8762504133599
-7.478402743290489e-10 -1657.8967095677776 937.3897621114419
-7.400572123359597e-10 -1675.3325410867697 938.1515928130513
-7.32274149003185e-10 -1693.1390132782112 876.9967258460098
-7.244910843346097e-10 -1711.3280713883394 868.5983400159834
-7.167080183341143e-10 -1729.912179543115 853.0543154761906
-7.089249510055847e-10 -1748.9043492314988 846.6790071786817
-7.011418823529012e-10 -1768.3181696858794 840.0204440861994
-6.933588123799409e-10 -1788.1678403086282 818.9689773478837
-6.855757410905894e-10 -1808.468205307408 852.5110745976632
-6.777926684887262e-10 -1829.2347907168557 844.5513668430335
-6.700095945782237e-10 -1850.4838440005992 802.763904389881
-6.622265193629671e-10 -1872.2323764458542 780.3225756448413
-6.544434428468284e-10 -1894.4982085832858 797.6975256972003
-6.466603650336867e-10 -1917.300018886741 787.994567763448
-6.388772859274151e-10 -1940.6573960327912 814.9757753940697
-6.310942055318912e-10 -1964.5908950272265 819.1007099454366
-6.233111238509876e-10 -1989.122097536636 818.181785300926
-6.155280408885815e-10 -2014.2736767971578 832.2145061728396
-6.077449566485372e-10 -2040.069467510864 849.3405791859568
-5.999618711347327e-10 -2066.5345411824756 826.540927786045
-5.921787843510404e-10 -2093.695287397231 845.6086981233466
-5.843956963013271e-10 -2121.579501593566 860.8329974785054
-5.766126069894618e-10 -2150.2164799443135 870.5475639329807
-5.688295164193153e-10 -2179.6371220273304 883.6292817184745
-5.610464245947593e-10 -2209.8740420419313 845.3726869075177
-5.532633315196557e-10 -2240.9616894127143 907.1944668347663
-5.45480237197872e-10 -2272.9364797182266 881.6652629657187
-5.376971416332767e-10 -2305.836936990821 873.3811625055115
-5.299140448297315e-10 -2339.703848556745 911.1622213266094
-5.221309467911045e-10 -2374.5804337248633 929.247375165344
-5.143478475212559e-10 -2410.5125277911397 969.1973672426147
-5.065647470240496e-10 -2447.5487830058805 954.5246965250221
-4.987816453033479e-10 -2485.740888356768 957.3388844108246
-4.90998542363016e-10 -2525.143810255401 993.9641462053572
-4.832154382069079e-10 -2565.8160564843265 1021.9184802827382
-4.754323328388884e-10 -2607.819966069797 1028.27095045194
-4.676492262628125e-10 -2651.2220281010796 1035.3098476080247
-4.5986611848254484e-10 -2696.0932329252587 1064.5515046296298
-4.520830095019363e-10 -2742.509459619681 1118.5158833498679
-4.4429989932484983e-10 -2790.551904190021 1139.3995604607585
-4.3651678795513583e-10 -2840.3075535775783 1169.8254071593917
-4.287336753966531e-10 -2891.8697112964715 1165.506537973986
-4.209505616532576e-10 -2945.3385813835025 1182.62660865851
-4.131674467287993e-10 -3000.8219183497763 1230.7291149966932
-4.053843306271326e-10 -3058.435752004399 1254.439880263448
-3.9760121335211445e-10 -3118.3051974099335 1301.996097194665
-3.898180949075906e-10 -3180.565361867844 1349.2378334435627
-3.8203497529741776e-10 -3245.362362771016 1354.9445753417108
-3.742518545254388e-10 -3312.8544724635944 1434.2955832506616
-3.6646873259550903e-10 -3383.2134089891747 1500.2159288194446
-3.586856095114724e-10 -3456.625794887761 1520.812183090829
-3.509024852771827e-10 -3533.2948101322972 1555.7783909281306
-3.4311935989648237e-10 -3613.4420700319833 1626.676604524912
-3.3533623337322223e-10 -3697.3097646518745 1685.0571469907409
-3.2755310571124323e-10 -3785.1631032477094 1739.339812748016
-3.1976997691439467e-10 -3877.293115683313 1753.943004574515
-3.119868469865188e-10 -3974.0198731710284 1837.1263571979719
-3.042037159314578e-10 -4075.696203434121 1879.0858376047179
-2.9642058375305657e-10 -4182.711991166199 1963.0324074074076
-2.8863745045515723e-10 -4295.4991742660795 2015.3372326940037
-2.808543160415976e-10 -4414.537570819314 2037.5751970348326
-2.730711805162225e-10 -4540.36170257351 2062.782565861993
-2.652880438828696e-10 -4673.56881955755 2158.962501377866
-2.575049061453794e-10 -4814.828379978196 2265.027522872575
-2.497217673075883e-10 -4964.893302894382 2342.2996238425926
-2.4193862737333516e-10 -5124.613392879989 2440.581976135362
-2.341554863464576e-10 -5294.951442042738 2548.4720155423283
-2.263723442307905e-10 -5477.002653770967 2730.245845734127
-2.1858920103016856e-10 -5672.018216129889 2783.4260292658732
-2.1080605674842784e-10 -5881.434097370359 2945.3808077050267
-2.0302291138940023e-10 -6106.906464927811 3155.3965842702823
-1.952397649569204e-10 -6350.35557621146 3326.8706941688715
-1.8745661745482164e-10 -6614.020603413507 3490.1482583774255
-1.7967346888693433e-10 -6900.528707845048 3662.94852981702
-1.718903192570889e-10 -7212.982880309953 3905.8430128417112
-1.6410716856911712e-10 -7555.074777676207 4114.6910824515
-1.5632401682684387e-10 -7931.231267334537 3437.886835868607
-1.4854086403410504e-10 -8346.807042994757 2430.5359898589068
