string
20201020_m3.5_degreeper_secondprocessedoffset angle -0.08526168234596757 in rad by: offset_angle in degree:_-3.1offset 0th. order in px_-147
nm eV  counts
-8.515841748016495e-09 -145.5924108008674 4766.185240299824
-8.50806445079301e-09 -145.72549811571216 7352.268380731923
-8.500287145700474e-09 -145.85882910079317 9464.161844135802
-8.492509832743607e-09 -145.9924044258479 9532.798859126984
-8.484732511927134e-09 -146.1262247630703 9527.25570436508
-8.476955183255776e-09 -146.26029078712241 9609.722222222223
-8.46917784673426e-09 -146.3946031751454 9707.032076719577
-8.461400502367299e-09 -146.5291626067713 9810.685626102293
-8.453623150159618e-09 -146.6639697641341 9920.679976851852
-8.445845790115933e-09 -146.79902533188158 9992.858382936509
-8.438068422240962e-09 -146.93432999718675 10043.893435846561
-8.430291046539423e-09 -147.06988444975943 10133.110945767197
-8.42251366301603e-09 -147.2056893818582 10223.101576278661
-8.414736271675498e-09 -147.341745488302 10330.121389991182
-8.40695887252254e-09 -147.478053466482 10434.585813492064
-8.399181465561868e-09 -147.6146140163736 10562.301311728395
-8.391404050798197e-09 -147.75142784054827 10652.302551807761
-8.383626628236231e-09 -147.88849564418584 10753.985339506173
-8.375849197880689e-09 -148.02581813508618 10846.06963734568
-8.368071759736271e-09 -148.16339602368197 10941.284171075838
-8.36029431380769e-09 -148.30123002305038 10983.554480820107
-8.35251686009965e-09 -148.43932084892583 11031.430776014111
-8.344739398616859e-09 -148.57766921971202 11124.594356261025
-8.336961929364018e-09 -148.7162758564948 11219.0625
-8.329184452345834e-09 -148.85514148305418 11328.796020723104
-8.32140696756701e-09 -148.9942668258774 11437.813188932982
-8.313629475032245e-09 -149.13365261417133 11610.475501543211
-8.305851974746241e-09 -149.27329957987527 11744.928075396827
-8.298074466713701e-09 -149.4132084576738 11790.822172619048
-8.290296950939318e-09 -149.5533799850096 11801.396604938273
-8.282519427427793e-09 -149.6938149020965 11879.192294973545
-8.274741896183826e-09 -149.83451395193234 11925.537643298061
-8.266964357212105e-09 -149.97547788031233 11864.100391313934
-8.25918681051733e-09 -150.11670743584193 11827.561039462082
-8.251409256104195e-09 -150.25820336995028 11902.833443562611
-8.243631693977393e-09 -150.39996643690355 11922.162009479718
-8.235854124141614e-09 -150.5419973938183 11933.001129850089
-8.228076546601551e-09 -150.68429700067475 11945.090250220459
-8.22029896136189e-09 -150.8268660203308 11957.967509920636
-8.212521368427327e-09 -150.96970521853515 12083.705770502647
-8.204743767802543e-09 -151.11281536394137 12237.6456404321
-8.196966159492229e-09 -151.25619722812152 12301.393573633159
-8.18918854350107e-09 -151.39985158558005 12532.046268738977
-8.18141091983375e-09 -151.54377921376775 12805.709325396827
-8.173633288494956e-09 -151.68798089309576 13004.818672839507
-8.165855649489368e-09 -151.83245740694974 13224.509341931218
-8.158078002821671e-09 -151.9772095417039 13331.29340277778
-8.150300348496544e-09 -152.12223808673548 13286.140597442682
-8.142522686518666e-09 -152.26754383443892 13247.763447971782
-8.134745016892718e-09 -152.41312758024037 13188.265955687832
-8.12696733962338e-09 -152.5589901226121 13097.242063492064
-8.119189654715328e-09 -152.7051322630873 13090.832506613757
-8.111411962173235e-09 -152.8515548062747 13174.986221340389
-8.103634262001781e-09 -152.99825855987302 13269.595871913582
-8.095856554205636e-09 -153.1452443346864 13428.347938712523
-8.08807883878948e-09 -153.29251294463867 13528.899774029984
-8.080301115757978e-09 -153.44006520678903 13693.776041666668
-8.072523385115802e-09 -153.58790194134676 13961.343005952382
-8.064745646867626e-09 -153.73602397168634 14259.739169973545
-8.05696790101812e-09 -153.884432124363 14513.524994488538
-8.04919014757195e-09 -154.03312722912807 14679.221230158731
-8.041412386533784e-09 -154.18211011894428 15040.196208112877
-8.033634617908289e-09 -154.33138163000137 15468.09413580247
-8.02585684170013e-09 -154.48094260173184 15867.897376543211
-8.01807905791397e-09 -154.63079387682652 15803.960813492065
-8.010301266554474e-09 -154.7809363012505 15797.069554673722
-8.002523467626307e-09 -154.93137072425904 15715.281360229277
-7.994745661134125e-09 -155.08209799841362 15529.648368606702
-7.986967847082596e-09 -155.23311897959775 15292.444609788361
-7.979190025476373e-09 -155.38443452703376 15096.61789021164
-7.971412196320118e-09 -155.53604550329848 14837.654320987656
-7.963634359618489e-09 -155.68795277433998 14693.768601190477
-7.955856515376142e-09 -155.84015720949392 14556.037533068784
-7.948078663597731e-09 -155.99265968150027 14434.422811948854
-7.940300804287916e-09 -156.14546106651977 14354.137042548502
-7.932522937451344e-09 -156.298562244151 14189.956872795416
-7.924745063092671e-09 -156.45196409744693 14038.023175705468
-7.916967181216552e-09 -156.6056675129321 13786.067294973545
-7.909189291827633e-09 -156.75967338061966 13549.359430114639
-7.901411394930565e-09 -156.91398259402865 13396.728257275134
-7.893633490530001e-09 -157.06859605020094 13148.984099426809
-7.885855578630585e-09 -157.22351464971902 12813.021797839507
-7.878077659236964e-09 -157.37873929672332 12557.778191137568
-7.870299732353785e-09 -157.5342708989296 12317.527143959436
-7.862521797985693e-09 -157.690110367647 12125.034584435627
-7.854743856137333e-09 -157.84625861779557 11989.323054453263
-7.846965906813349e-09 -158.00271656792427 11873.215663580248
-7.83918795001838e-09 -158.15948514022904 11858.28869047619
-7.831409985757069e-09 -158.31656526057074 11899.58030202822
-7.823632014034057e-09 -158.47395785849358 11926.0475914903
-7.815854034853981e-09 -158.63166386724333 11915.25600749559
-7.808076048221484e-09 -158.78968422378577 11894.262014991182
-7.800298054141197e-09 -158.9480198688253 11876.182071208113
-7.792520052617758e-09 -159.10667174682362 11858.214699074075
-7.784742043655807e-09 -159.26564080601827 11823.384727733686
-7.776964027259976e-09 -159.4249279984419 11807.593832671959
-7.769186003434895e-09 -159.58453427994107 11849.720844356261
-7.7614079721852e-09 -159.7444606101953 11920.004409171077
-7.753629933515524e-09 -159.90470795273635 11933.496334876545
-7.745851887430495e-09 -160.06527727496774 11898.620480599648
-7.738073833934742e-09 -160.22616954818403 11925.536678791888
-7.730295773032895e-09 -160.3873857475904 12021.972828483245
-7.722517704729583e-09 -160.54892685232238 12142.339754188713
-7.71473962902943e-09 -160.71079384546584 12237.616016313934
-7.706961545937063e-09 -160.87298771407666 12423.718998015875
-7.699183455457105e-09 -161.03550944920096 12514.179343033511
-7.691405357594185e-09 -161.19836004589516 12601.345348324516
-7.68362725235292e-09 -161.36154050324652 12652.698412698413
-7.675849139737934e-09 -161.52505182439327 12534.208967151677
-7.66807101975385e-09 -161.6888950165454 12656.739417989418
-7.660292892405284e-09 -161.85307109100523 12762.163800705468
-7.65251475769686e-09 -162.01758106318812 12849.344549162259
-7.644736615633191e-09 -162.18242595264374 13001.488921957673
-7.636958466218896e-09 -162.34760678307677 13102.468309082893
-7.629180309458593e-09 -162.51312458236816 13219.131393298061
-7.621402145356895e-09 -162.67898038259665 13275.928268298061
-7.613623973918417e-09 -162.84517522006004 13418.774112654322
-7.605845795147771e-09 -163.0117101352968 13544.912918871254
-7.598067609049572e-09 -163.17858617310776 13641.396742724868
-7.590289415628428e-09 -163.3458043825781 13771.622574955909
-7.58251121488895e-09 -163.5133658170992 13893.787202380954
-7.574733006835752e-09 -163.6812715343907 14004.956046075838
-7.566954791473435e-09 -163.84952259652297 14206.470596340389
-7.55917656880661e-09 -164.0181200699393 14381.5341159612
-7.551398338839886e-09 -164.18706502547846 14551.609898589066
-7.543620101577864e-09 -164.35635853839753 14765.992063492065
-7.535841857025153e-09 -164.52600168839453 15003.124448853616
-7.528063605186353e-09 -164.6959955596314 15152.809468694886
-7.52028534606607e-09 -164.8663412407572 15292.55897266314
-7.5125070796689e-09 -165.03703982493127 15393.411596119931
-7.504728805999451e-09 -165.2080924098465 15655.970017636686
-7.496950525062319e-09 -165.37950009775318 15937.058807319225
-7.4891722368621e-09 -165.55126399548232 16082.453703703704
-7.481393941403396e-09 -165.72338521446963 16287.173996913582
-7.473615638690804e-09 -165.89586487077955 16544.198357583777
-7.465837328728919e-09 -166.0687040851292 16782.113095238095
-7.458059011522335e-09 -166.2419039829129 17031.83752204586
-7.450280687075647e-09 -166.41546569422636 17285.49575617284
-7.442502355393447e-09 -166.5893903538913 17502.4220127866
-7.43472401648033e-09 -166.76367910148028 17806.888778659613
-7.426945670340884e-09 -166.9383330813416 18148.177358906527
-7.419167316979701e-09 -167.11335344262417 18413.04480820106
-7.411388956401367e-09 -167.2887413393029 18650.085703262786
-7.403610588610476e-09 -167.46449793020386 18924.510857583777
-7.395832213611611e-09 -167.64062437903004 19039.359567901236
-7.388053831409359e-09 -167.8171218543869 19146.993496472664
-7.380275442008308e-09 -167.9939915298081 19169.558807319227
-7.372497045413038e-09 -168.17123458378182 19224.643959435627
-7.364718641628137e-09 -168.34885219977656 19163.649415784836
-7.356940230658185e-09 -168.52684556626778 19103.868496472664
-7.349161812507762e-09 -168.7052158767643 18994.547508818345
-7.341383387181453e-09 -168.8839643298348 18994.427634479718
-7.333604954683836e-09 -169.06309212913501 19148.165233686068
-7.32582651501949e-09 -169.24260048343444 19314.835758377427
-7.318048068192989e-09 -169.42249060664378 19339.54695767196
-7.310269614208915e-09 -169.60276371784195 19195.877700617286
-7.302491153071842e-09 -169.78342104130405 19145.764715608468
-7.294712684786343e-09 -169.96446380652873 19056.08520723104
-7.286934209356996e-09 -170.1458932482662 18930.0710978836
-7.27915572678837e-09 -170.3277106065464 18814.684193121695
-7.2713772370850386e-09 -170.5099171267071 18770.499889770723
-7.263598740251574e-09 -170.69251405942236 18799.96417548501
-7.2558202362925456e-09 -170.87550266073123 18891.27700617284
-7.248041725212521e-09 -171.05888419206647 19018.218970458554
-7.240263207016072e-09 -171.2426599202835 18938.863811728395
-7.232484681707762e-09 -171.42683111768972 18885.185460758377
-7.224706149292161e-09 -171.61139906207364 18712.83950617284
-7.2169276097738316e-09 -171.7963650367347 18426.738866843036
-7.20914906315734e-09 -171.98173033051276 18028.035438712523
-7.201370509447248e-09 -172.16749623781826 17605.334270282186
-7.19359194864812e-09 -172.35366405866208 17265.653935185186
-7.185813380764518e-09 -172.5402350986861 16967.104001322754
-7.178034805800999e-09 -172.72721066919377 16662.07892416226
-7.170256223762125e-09 -172.9145920871804 16431.831459435627
-7.162477634652457e-09 -173.10238067536457 16155.488866843034
-7.15469903847655e-09 -173.29057776221904 16033.58134920635
-7.1469204352389625e-09 -173.47918468200203 15874.105213844798
-7.139141824944248e-09 -173.66820277478894 15810.645392416227
-7.131363207596964e-09 -173.85763338650375 15712.035659171077
-7.123584583201664e-09 -174.04747786895132 15518.589065255734
-7.1158059517629006e-09 -174.23773757984935 15420.082947530866
-7.108027313285224e-09 -174.42841388286084 15329.47200176367
-7.100248667773189e-09 -174.61950814762648 15136.133983686068
-7.092470015231343e-09 -174.8110217497977 14805.850694444445
-7.084691355664238e-09 -175.0029560710695 14460.014880952382
-7.076912689076421e-09 -175.19531249921368 14087.57137345679
-7.069134015472437e-09 -175.38809242811257 13753.610697751325
-7.061355334856838e-09 -175.58129725779207 13459.857528659613
-7.053576647234163e-09 -175.77492839445634 13320.051669973545
-7.0457979526089615e-09 -175.96898725052114 13342.389357363316
-7.038019250985776e-09 -176.1634752446488 13543.90197861552
-7.030240542369147e-09 -176.35839380178243 13864.926284171077
-7.022461826763619e-09 -176.55374435318072 14155.373401675486
-7.014683104173731e-09 -176.7495283364532 14510.418733465609
-7.006904374604022e-09 -176.94574719559535 14852.641920194004
-6.999125638059035e-09 -177.14240238102394 14990.65062830688
-6.991346894543303e-09 -177.33949534961314 15064.94075176367
-6.983568144061365e-09 -177.5370275647302 15026.294091710759
-6.97578938661776e-09 -177.73500049627168 14869.67620149912
-6.96801062221702e-09 -177.93341562070015 14743.765432098766
-6.960231850863678e-09 -178.1322744210806 14706.14032186949
-6.952453072562268e-09 -178.33157838711756 14834.950947971782
-6.944674287317324e-09 -178.53132901519217 15053.296682098766
-6.936895495133377e-09 -178.7315278083998 15261.092923280425
-6.9291166960149585e-09 -178.93217627658754 15540.609016754852
-6.921337889966594e-09 -179.13327593639247 15901.593639770725
-6.913559076992814e-09 -179.33482831127952 16281.792603615522
-6.905780257098148e-09 -179.53683493158002 16552.545194003527
-6.89800143028712e-09 -179.73929733453065 16915.713734567904
-6.890222596564259e-09 -179.94221706431216 17229.12891313933
-6.882443755934085e-09 -180.14559567208886 17487.890487213404
-6.8746649084011245e-09 -180.34943471604797 17757.33741181658
-6.8668860539699e-09 -180.55373576143936 18039.568727954145
-6.859107192644935e-09 -180.75850038061586 18281.290784832454
-6.851328324430748e-09 -180.96373015307339 18559.977402998236
-6.843549449331862e-09 -181.16942666549164 18739.684193121695
-6.835770567352793e-09 -181.37559151177496 18880.769951499118
-6.827991678498062e-09 -181.5822262930935 18985.615354938273
-6.820212782772184e-09 -181.7893326179247 19032.991347001764
-6.812433880179674e-09 -181.99691210209502 19067.841435185186
-6.804654970725053e-09 -182.2049663688218 19150.306712962964
-6.79687605441283e-09 -182.41349704875591 19180.445050705468
-6.789097131247519e-09 -182.622505780024 19319.209104938273
-6.781318201233637e-09 -182.8319942082715 19398.827436067022
-6.77353926437569e-09 -183.04196398670604 19518.83349867725
-6.7657603206781915e-09 -183.25241677614056 19357.400793650795
-6.757981370145653e-09 -183.4633542450373 19086.89814814815
-6.750202412782579e-09 -183.67477806955196 18751.381999559086
-6.7424234485934805e-09 -183.8866899335779 18227.431933421518
-6.734644477582862e-09 -184.09909152879104 17767.137070105822
-6.726865499755234e-09 -184.31198455469456 17254.06994047619
-6.719086515115097e-09 -184.52537071866473 16824.907131834218
-6.711307523666958e-09 -184.73925173599605 16550.622519841272
-6.7035285254153165e-09 -184.95362932994755 16428.74889770723
-6.69574952036468e-09 -185.16850523178877 16256.271219135804
-6.687970508519544e-09 -185.38388118084674 16115.162037037038
-6.680191489884412e-09 -185.59975892455253 16179.213238536156
-6.672412464463785e-09 -185.8161402184887 16185.68039021164
-6.664633432262159e-09 -186.0330268264369 15967.911155202823
-6.656854393284034e-09 -186.25042052042565 15610.797233245152
-6.649075347533903e-09 -186.46832308077896 15162.95386904762
-6.641296295016266e-09 -186.68673629616427 14717.125496031747
-6.633517235735613e-09 -186.90566196364216 14166.129436728395
-6.62573816969644e-09 -187.125101888715 13571.486304012347
-6.617959096903242e-09 -187.3450578853769 13076.225611772488
-6.61018001736051e-09 -187.5655317761636 12641.520199514993
-6.6024009310727326e-09 -187.786525392203 12359.81467702822
-6.594621838044402e-09 -188.00804057326548 12151.033537257497
-6.586842738280007e-09 -188.2300791678152 11916.1648478836
-6.579063631784036e-09 -188.45264303306152 11688.731123236332
-6.571284518560975e-09 -188.67573403501078 11521.63924713404
-6.563505398615314e-09 -188.89935404851815 11410.9908234127
-6.5557262719515335e-09 -189.12350495734069 11282.739197530866
-6.547947138574123e-09 -189.34818865418967 11212.07851080247
-6.540167998487561e-09 -189.57340704078436 11195.660824514993
-6.532388851696334e-09 -189.79916202790525 11110.97511574074
-6.524609698204923e-09 -190.02545553544832 11019.488536155204
-6.516830538017808e-09 -190.25228949247943 11029.367146164022
-6.5090513711394695e-09 -190.47966583728908 11067.701168430336
-6.501272197574385e-09 -190.7075865174477 11076.317653218695
-6.493493017327034e-09 -190.93605348986114 11116.075148809525
-6.485713830401894e-09 -191.16506872082672 11201.36615410053
-6.477934636803441e-09 -191.3946341860897 11416.180279982364
-6.470155436536148e-09 -191.62475187090004 11558.757578262788
-6.462376229604491e-09 -191.85542377006962 11695.04298941799
-6.454597016012944e-09 -192.08665188802982 11858.916032848325
-6.446817795765978e-09 -192.3184382388897 11994.775407848325
-6.439038568868066e-09 -192.55078484649442 12125.866126543211
-6.431259335323678e-09 -192.7836937444841 12265.292796516756
-6.423480095137283e-09 -193.01716697635325 12294.274277998236
-6.415700848313349e-09 -193.2512065955104 12270.961612654322
-6.407921594856349e-09 -193.4858146653383 12299.319747574957
-6.4001423347707415e-09 -193.72099325925484 12198.94359016755
-6.392363068060999e-09 -193.95674446077368 12148.938078703704
-6.3845837947315836e-09 -194.1930703635661 12100.405368165786
-6.37680451478696e-09 -194.42997307152294 12009.727595899472
-6.369025228231592e-09 -194.66745469881673 11913.249972442682
-6.3612459350699405e-09 -194.90551736996514 11849.319058641977
-6.353466635306469e-09 -195.1441632198937 11796.018380731923
-6.345687328945637e-09 -195.3833943940001 11762.788800705468
-6.3379080159919025e-09 -195.62321304821828 11676.964974647268
-6.330128696449724e-09 -195.8636213490832 11679.554811507938
-6.322349370323562e-09 -196.10462147379596 11724.053268298061
-6.314570037617872e-09 -196.3462156102898 11701.024443342152
-6.306790698337108e-09 -196.5884059572961 11542.2194664903
-6.299011352485725e-09 -196.83119472441118 11280.336612654322
-6.2912320000681806e-09 -197.07458413216327 10984.756255511465
-6.283452641088924e-09 -197.31857641208057 10619.079998897709
-6.275673275552408e-09 -197.56317380675924 10205.864473104057
-6.267893903463084e-09 -197.808378569932 9824.860559964727
-6.260114524825405e-09 -198.05419296653739 9483.003196649031
-6.252335139643813e-09 -198.30061927279004 9301.089340828925
-6.244555747922766e-09 -198.5476597762498 9190.895888447973
-6.236776349666705e-09 -198.79531677589367 8922.741126543211
-6.228996944880078e-09 -199.04359258218648 8616.081900352734
-6.221217533567331e-09 -199.2924895171528 8361.02527006173
-6.213438115732908e-09 -199.5420099144495 8072.703373015874
-6.2056586913812535e-09 -199.7921561194386 7731.813271604939
-6.19787926051681e-09 -200.04293048926064 7372.927276234568
-6.1900998231440204e-09 -200.2943353929089 7168.888751102293
-6.182320379267324e-09 -200.54637321130386 7041.413621582893
-6.174540928891162e-09 -200.79904633736842 6893.059620260142
-6.166761472019974e-09 -201.05235717610364 6704.730764991182
-6.158982008658198e-09 -201.3063081446649 6512.313023589066
-6.15120253881027e-09 -201.5609016724391 6288.544491291887
-6.143423062480628e-09 -201.81614020112164 5993.048735119048
-6.135643579673707e-09 -202.07202618479494 5711.291404872134
-6.12786409039394e-09 -202.32856209000698 5436.734250992064
-6.120084594645763e-09 -202.58575039585014 5147.620494378307
-6.1123050924336094e-09 -202.84359359404166 4967.054673721341
-6.104525583761908e-09 -203.1020941890038 4800.969397597002
-6.096746068635092e-09 -203.36125469794476 4639.853463955027
-6.08896654705759e-09 -203.62107765094078 4456.225680665785
-6.081187019033833e-09 -203.88156559101813 4298.711764219577
-6.073407484568247e-09 -204.14272107423625 4143.891024581129
-6.065627943665259e-09 -204.4045466697713 3995.389384920635
-6.057848396329298e-09 -204.66704496000034 3884.611579585538
-6.050068842564787e-09 -204.9302185405864 3668.2881048831573
-6.042289282376151e-09 -205.19407002056383 3516.2206859016756
-6.034509715767815e-09 -205.45860202242463 3420.8701568011465
-6.0267301427442e-09 -205.72381718220538 3317.501653439154
-6.018950563309728e-09 -205.98971814957463 3219.7281470458556
-6.011170977468821e-09 -206.25630758792124 3138.923232197972
-6.003391385225897e-09 -206.52358817444338 3033.457857969577
-5.995611786585376e-09 -206.79156260023797 2967.2544642857147
-5.9878321815516785e-09 -207.06023357039098 2911.392333553792
-5.980052570129217e-09 -207.32960380406888 2846.981440145503
-5.97227295232241e-09 -207.5996760346097 2812.7725418871255
-5.964493328135672e-09 -207.870453009616 2783.378734016755
-5.956713697573421e-09 -208.14193749104768 2744.4477168761023
-5.948934060640066e-09 -208.41413225531628 2680.944285989859
-5.9411544173400206e-09 -208.6870400933793 2628.96129574515
-5.933374767677699e-09 -208.9606638108356 2616.7537822420636
-5.925595111657509e-09 -209.2350062280218 2574.903273809524
-5.917815449283862e-09 -209.51007018010887 2536.6925361000885
-5.9100357805611666e-09 -209.78585851719998 2510.2220086529983
-5.902256105493832e-09 -210.0623741044288 2483.8069403108466
-5.894476424086262e-09 -210.33961982205903 2462.3620067239863
-5.886696736342865e-09 -210.61759856558388 2463.4485573743386
-5.878917042268048e-09 -210.89631324582726 2460.4495287698414
-5.871137341866213e-09 -211.17576678904524 2444.673204640653
-5.8633576351417624e-09 -211.45596213702865 2425.059213789683
-5.855577922099103e-09 -211.73690224720585 2414.1190613977074
-5.847798202742632e-09 -212.01859009274727 2401.740485835538
-5.840018477076753e-09 -212.30102866267003 2400.4327532517636
-5.832238745105865e-09 -212.58422096194369 2393.3130098104057
-5.824459006834366e-09 -212.86817001159685 2367.142684909612
-5.816679262266655e-09 -213.15287884882454 2353.357756007496
-5.8088995114071295e-09 -213.43835052709647 2356.5261243386244
-5.801119754260183e-09 -213.72458811626643 2361.7362144510585
-5.793339990830215e-09 -214.0115947026818 2344.5307333002647
-5.785560221121617e-09 -214.29937338929514 2322.436549272487
-5.777780445138782e-09 -214.5879272957755 2303.2666101741625
-5.770000662886105e-09 -214.8772595586213 2284.7289737654323
-5.762220874367976e-09 -215.16737333127398 2275.962542713845
-5.754441079588786e-09 -215.45827178423275 2281.215139991182
-5.7466612785529244e-09 -215.7499581051697 2288.123897707231
-5.73888147126478e-09 -216.04243549904652 2307.359629905203
-5.731101657728743e-09 -216.33570718823165 2316.0001584545857
-5.723321837949196e-09 -216.62977641261907 2318.50036513448
-5.715542011930532e-09 -216.92464642974682 2286.884059468695
-5.70776217967713e-09 -217.2203205149182 2270.4598283179016
-5.699982341193376e-09 -217.5168019613224 2238.1208664021165
-5.692202496483656e-09 -217.8140940801568 2219.7751667217813
-5.6844226455523505e-09 -218.11220020075055 2192.7401620370374
-5.67664278840384e-09 -218.41112367068874 2190.2609333664022
-5.668862925042507e-09 -218.71086785593738 2175.426897321429
-5.661083055472732e-09 -219.01143614097015 2156.1869970789244
-5.653303179698892e-09 -219.31283192889563 2121.940551973104
-5.645523297725366e-09 -219.61505864158568 2094.8541528880073
-5.637743409556532e-09 -219.9181197198049 2089.023403053351
-5.6299635151967634e-09 -220.22201862334143 2046.1115244708997
-5.622183614650439e-09 -220.52675883113824 2032.8394028328926
-5.614403707921931e-09 -220.83234384142625 2032.3386174492946
-5.606623795015613e-09 -221.13877717185795 2034.6235670194005
-5.5988438759358586e-09 -221.44606235964244 2028.3438740079366
-5.59106395068704e-09 -221.75420296168147 2029.9479166666667
-5.583284019273525e-09 -222.06320255470683 1992.9718501984128
-5.5755040816996874e-09 -222.37306473541844 1962.073619378307
-5.567724137969893e-09 -222.68379312062436 1919.3741732804235
-5.559944188088512e-09 -222.99539134738103 1911.9217441027338
-5.55216423205991e-09 -223.3078630731354 1885.4806340939156
-5.544384269888454e-09 -223.62121197586805 1876.039565421076
-5.53660430157851e-09 -223.93544175423733 1868.7733892746915
-5.528824327134442e-09 -224.25055612772513 1851.6838555445327
-5.521044346560613e-09 -224.56655883678343 1854.4325947971784
-5.513264359861387e-09 -224.88345364298223 1849.3992504409173
-5.505484367041123e-09 -225.20124432915918 1847.5712701168432
-5.497704368104186e-09 -225.51993469956957 1831.8296337632275
-5.489924363054932e-09 -225.83952858003858 1823.3198819168872
-5.4821443518977215e-09 -226.16002981811408 1812.416156856261
-5.474364334636914e-09 -226.48144228322113 1810.6142870921517
-5.4665843112768665e-09 -226.80376986681767 1804.771170910494
-5.458804281821933e-09 -227.12701648255177 1758.5490899195327
-5.451024246276471e-09 -227.4511860664196 1715.6005773258378
-5.443244204644835e-09 -227.77628257692558 1691.205047123016
-5.4354641569313776e-09 -228.10230999524322 1720.3234023644181
-5.427684103140453e-09 -228.42927232537775 1704.6169188161377
-5.419904043276412e-09 -228.7571735943302 1695.045848489859
-5.4121239773436055e-09 -229.08601785226236 1708.808387070106
-5.404343905346385e-09 -229.41580917266373 1694.0971016589508
-5.396563827289097e-09 -229.74655165251977 1704.861972277337
-5.3887837431760925e-09 -230.07824941248145 1698.5450424382718
-5.381003653011717e-09 -230.4109065970364 1654.7565138613318
-5.3732235568003185e-09 -230.74452737468147 1619.8242704199736
-5.365443454546242e-09 -231.07911593809692 1601.1132984733247
-5.3576633462538315e-09 -231.41467650432213 1564.1760361552028
-5.349883231927431e-09 -231.75121331493247 1529.1743138227514
-5.342103111571383e-09 -232.08873063621832 1499.2578125
-5.3343229851900305e-09 -232.42723275936507 1476.129729524912
-5.326542852787715e-09 -232.76672400063526 1464.7337274029983
-5.318762714368775e-09 -233.10720870155185 1471.58168678351
-5.3109825699375515e-09 -233.44869122908324 1473.8274016203704
-5.303202419498381e-09 -233.79117597583019 1448.1884679508378
-5.295422263055603e-09 -234.13466736021385 1458.2957864858909
-5.287642100613554e-09 -234.47916982666598 1421.3975694444446
-5.279861932176568e-09 -234.8246878458207 1388.4022610780423
-5.2720817577489796e-09 -235.17122591470766 1363.525321731702
-5.264301577335125e-09 -235.5187885569471 1347.1111317791006
-5.256521390939336e-09 -235.86738032294696 1339.4355916556437
-5.248741198565945e-09 -236.21700579010118 1329.1088307429454
-5.240961000219283e-09 -236.5676695629903 1330.1452615189596
-5.233180795903679e-09 -236.9193762735834 1336.4581266534392
-5.225400585623466e-09 -237.27213058144196 1332.257598930776
-5.217620369382969e-09 -237.62593717392608 1308.4383783895503
-5.2098401471865175e-09 -237.98080076640147 1308.6533943727954
-5.202059919038439e-09 -238.33672610244938 1295.8946655919312
-5.194279684943056e-09 -238.6937179540779 1273.954475308642
-5.186499444904696e-09 -239.0517811219349 1269.6399808476633
-5.178719198927685e-09 -239.4109204355236 1240.7814050099207
-5.170938947016342e-09 -239.77114075341953 1217.1430638227514
-5.163158689174992e-09 -240.1324469634896 1205.138354965829
-5.155378425407955e-09 -240.4948439831133 1219.853377838404
-5.147598155719553e-09 -240.85833675940543 1233.3664882330247
-5.139817880114105e-09 -241.2229302694417 1236.4124848434744
-5.132037598595929e-09 -241.58862952048557 1249.9775924548062
-5.124257311169345e-09 -241.95543955021748 1263.4702587632275
-5.116477017838666e-09 -242.3233654269664 1286.0596822641094
-5.108696718608211e-09 -242.6924122499429 1291.8353691302912
-5.1009164134822965e-09 -243.0625851494748 1271.5334614748679
-5.093136102465233e-09 -243.43388928724545 1270.0788656029542
-5.085355785561337e-09 -243.8063298565327 1281.808380180776
-5.07757546277492e-09 -244.17991208245178 1295.8472153328926
-5.069795134110292e-09 -244.5546412221993 1314.2165454144622
-5.062014799571766e-09 -244.9305225652999 1339.0252803957233
-5.054234459163651e-09 -245.30756143385503 1389.0018394510582
-5.046454112890255e-09 -245.6857631827945 1416.9786499669312
-5.038673760755889e-09 -246.06513320012934 1424.6100467096562
-5.030893402764857e-09 -246.44567690720845 1386.6940173059966
-5.023113038921466e-09 -246.82739975897618 1340.6513344631835
-5.015332669230023e-09 -247.21030724423326 1322.0882075341713
-5.00755229369483e-09 -247.59440488589988 1276.8785307815256
-4.999771912320194e-09 -247.97969824128106 1233.8115217151676
-4.991991525110414e-09 -248.36619290233497 1204.1975480875221
-4.984211132069794e-09 -248.75389449594306 1225.8987130731923
-4.9764307332026346e-09 -249.14280868418336 1220.1299499834656
-4.968650328513235e-09 -249.53294116460623 1216.9416198192241
-4.960869918005897e-09 -249.92429767051203 1213.135936811067
-4.953089501684915e-09 -250.31688397123284 1202.5335338128307
-4.945309079554589e-09 -250.7107058724151 1192.6969314925045
-4.937528651619216e-09 -251.1057692163062 1172.6599357914463
-4.929748217883088e-09 -251.50207988204357 1155.7547949735451
-4.921967778350505e-09 -251.8996437859456 1145.128055417769
-4.914187333025758e-09 -252.29846688180695 1162.2528625165344
-4.906406881913139e-09 -252.69855516119503 1159.3440841324957
-4.8986264250169425e-09 -253.09991465375037 1147.8210772156085
-4.890845962341457e-09 -253.50255142748944 1159.4193500606261
-4.883065493890975e-09 -253.90647158911045 1160.5820450286596
-4.875285019669786e-09 -254.31168128430193 1153.8318280147707
-4.867504539682178e-09 -254.71818669805484 1175.9434937169312
-4.859724053932436e-09 -255.1259940549768 1193.603911761464
-4.851943562424852e-09 -255.53510961960976 1213.9750227347884
-4.844163065163708e-09 -255.94553969675133 1277.5233892746915
-4.83638256215329e-09 -256.3572906317781 1384.3895537092153
-4.828602053397882e-09 -256.77036881097274 1454.9676029265875
-4.820821538901768e-09 -257.18478066185435 1485.1034260637127
-4.813041018669231e-09 -257.60053265351166 1485.383735670194
-4.805260492704551e-09 -258.01763129693984 1490.9233596505733
-4.797479961012007e-09 -258.43608314538017 1429.1475659997795
-4.789699423595883e-09 -258.8558947946631 1380.1294505070548
-4.781918880460454e-09 -259.2770728835553 1316.7100349977954
-4.774138331610001e-09 -259.6996240941091 1245.993579144621
-4.766357777048798e-09 -260.1235551520162 1210.5736228229719
-4.758577216781124e-09 -260.5488728269642 1194.448371362434
-4.750796650811253e-09 -260.97558393299727 1176.2355324074074
-4.74301607914346e-09 -261.4036953288797 1190.5862302965168
-4.735235501782016e-09 -261.8332139184637 1192.0344018683863
-4.727454918731198e-09 -262.2641466510601 1190.3105709876545
-4.7196743299952745e-09 -262.69650052181373 1189.1809448026897
-4.711893735578519e-09 -263.13028257208106 1192.2903576940037
-4.704113135485197e-09 -263.56549988981357 1189.8726507385363
-4.6963325297195824e-09 -264.0021596099425 1195.8812141754852
-4.6885519182859426e-09 -264.4402689147698 1196.4429873511906
-4.6807713011885425e-09 -264.8798350343614 1208.8325858410494
-4.672990678431651e-09 -265.320865246945 1214.1895220182982
-4.665210050019532e-09 -265.763366879312 1209.8413215112435
-4.6574294159564525e-09 -266.2073473072226 1206.0851211144181
-4.649648776246673e-09 -266.65281395581655 1191.482463210979
-4.641868130894462e-09 -267.099774300026 1206.134448715829
-4.634087479904076e-09 -267.5482358649947 1210.3810143849207
-4.626306823279778e-09 -267.99820622649924 1201.4507034005733
-4.6185261610258305e-09 -268.44969301137627 1215.252700617284
-4.61074549314649e-09 -268.90270389795353 1216.5891272597003
-4.602964819646016e-09 -269.3572466164846 1220.4679921737215
-4.595184140528669e-09 -269.81332894958865 1225.5523692405204
-4.5874034557987e-09 -270.2709587326953 1239.8112151399912
-4.5796227654603704e-09 -270.7301438544924 1225.8443390376985
-4.571842069517933e-09 -271.19089225737986 1208.8576457782187
-4.564061367975642e-09 -271.6532119379275 1209.9089402832894
-4.556280660837752e-09 -272.1171109473374 1204.8094583608906
-4.548499948108514e-09 -272.5825973919117 1223.4440448633159
-4.540719229792181e-09 -273.0496794335243 1235.882040895062
-4.532938505893003e-09 -273.51836529009825 1221.703696814374
-4.525157776415228e-09 -273.9886632360875 1225.131465636023
-4.517377041363107e-09 -274.4605816029638 1239.450610394621
-4.509596300740889e-09 -274.9341287797089 1239.7146611827602
-4.50181555455282e-09 -275.40931321331135 1234.0725584215168
-4.494034802803146e-09 -275.8861434092689 1238.7839299492946
-4.486254045496112e-09 -276.3646279320962 1241.2316054894181
-4.478473282635964e-09 -276.84477540583686 1234.939701140873
-4.470692514226946e-09 -277.3265945145822 1246.6993565365963
-4.462911740273298e-09 -277.81009400299484 1259.3533158344358
-4.455130960779266e-09 -278.2952826768371 1262.2681223820548
-4.4473501757490886e-09 -278.782169403506 1267.2871024856704
-4.439569385187007e-09 -279.27076311257355 1280.8089623291446
-4.431788589097258e-09 -279.76107279633266 1297.5478808421517
-4.424007787484084e-09 -280.2531075103482 1294.882071897046
-4.416226980351721e-09 -280.7468763740151 1295.5663545800267
-4.408446167704405e-09 -281.24238857112164 1290.1716132054676
-4.400665349546372e-09 -281.7396533504188 1300.1602113646386
-4.392884525881857e-09 -282.23868002619537 1298.7794863315698
-4.3851036967150954e-09 -282.7394779788598 1297.9550919036596
-4.37732286205032e-09 -283.24205665552796 1302.7586426642417
-4.369542021891762e-09 -283.7464255706171 1313.6025855654764
-4.361761176243653e-09 -284.25259430644616 1305.0211157958554
-4.3539803251102255e-09 -284.7605725138426 1291.7941709380511
-4.346199468495708e-09 -285.2703699127561 1279.6923053075398
-4.338418606404328e-09 -285.7819962928779 1271.5612082506614
-4.3306377388403165e-09 -286.29546151426797 1265.6744481646826
-4.322856865807899e-09 -286.8107755079881 1271.0056010251324
-4.3150759873113e-09 -287.3279482767424 1259.4173177083335
-4.307295103354749e-09 -287.84698989552396 1254.0764681161818
-4.299514213942467e-09 -288.36791051227004 1257.864669449956
-4.291733319078682e-09 -288.8907203485222 1248.2591869212963
-4.28395241876761e-09 -289.41542970009624 1244.790977733686
-4.276171513013479e-09 -289.9420489377565 1262.289599867725
-4.268390601820507e-09 -290.4705885079005 1233.88210289903
-4.260609685192916e-09 -291.0010589332488 1239.6615616732804
-4.252828763134924e-09 -291.53347081354366 1252.9095878802912
-4.2450478356507495e-09 -292.067834826255 1263.4443032131835
-4.237266902744612e-09 -292.60416172729396 1286.7487185846562
-4.2294859644207256e-09 -293.14246235173505 1298.3749793320108
-4.221705020683307e-09 -293.6827476145453 1307.7487736992946
-4.2139240715365715e-09 -294.22502851132214 1325.9535349151236
-4.206143116984734e-09 -294.7693161190393 1327.2100625551147
-4.1983621570320066e-09 -295.3156215968013 1318.3672805059525
-4.190581191682603e-09 -295.86395618660544 1325.2979979607585
-4.182800220940732e-09 -296.4143312141138 1319.1609657462523
-4.1750192448106085e-09 -296.96675808943183 1335.8751860119048
-4.167238263296437e-09 -297.52124830789836 1333.9398871527778
-4.159457276402432e-09 -298.0778134508812 1338.9675305886244
-4.151676284132797e-09 -298.6364651865849 1354.4470107197974
-4.143895286491743e-09 -299.1972152708654 1344.2358527612435
-4.136114283483473e-09 -299.76007554805483 1344.9508101851852
-4.1283332751121936e-09 -300.3250579517953 1352.8809454916227
-4.120552261382111e-09 -300.8921745058824 1338.0723999669312
-4.1127712422974265e-09 -301.46143732511825 1342.1244626322753
-4.104990217862346e-09 -302.03285861617377 1369.988184799383
-4.097209188081068e-09 -302.6064506784619 1398.9076623126102
-4.089428152957796e-09 -303.1822259050188 1431.768146494709
-4.08164711249673e-09 -303.7601967833979 1417.80895199515
-4.073866066702069e-09 -304.3403758965714 1414.5514012896826
-4.066085015578011e-09 -304.9227759238442 1393.0323385141094
-4.0583039591287544e-09 -305.50740964177714 1381.370063795194
-4.050522897358496e-09 -306.0942899251215 1364.1217826829807
-4.042741830271431e-09 -306.6834297477638 1361.5525449184304
-4.034960757871756e-09 -307.27484218368215 1355.9186576829807
-4.027179680163665e-09 -307.8685404079132 1353.5657448743386
-4.01939859715135e-09 -308.4645376975306 1369.3320622519843
-4.011617508839005e-09 -309.06284743263444 1358.6761119378307
-4.00383641523082e-09 -309.6634830973527 1336.7584842096562
-3.996055316330987e-09 -310.26645828085435 1314.9560116291889
-3.9882742121436976e-09 -310.87178667837367 1287.2596657297179
-3.9804931026731375e-09 -311.479482092248 1268.767481674383
-3.972711987923497e-09 -312.08955843296593 1277.7759348820548
-3.964930867898962e-09 -312.70202972022895 1282.8778280698855
-3.95714974260372e-09 -313.3169100840255 1296.1000192901236
-3.9493686120419576e-09 -313.93421376571735 1308.7107135967815
-3.9415874762178575e-09 -314.5539551191395 1319.1058855544534
-3.933806335135605e-09 -315.1761486117122 1313.2298211529983
-3.926025188799382e-09 -315.80080882556706 1287.9331838348767
-3.918244037213373e-09 -316.4279504586858 1280.75515666336
-3.910462880381757e-09 -317.057588326054 1279.6472835372576
-3.902681718308715e-09 -317.68973736082637 1287.351707175926
-3.894900550998428e-09 -318.3244126155084 1301.6592778604497
-3.887119378455073e-09 -318.96162926315037 1293.836013282628
-3.879338200682829e-09 -319.60140259855694 1296.886935763889
-3.871557017685872e-09 -320.2437480395108 1308.8063891644622
-3.8637758294683775e-09 -320.888681128011 1299.2718322861554
-3.855994636034524e-09 -321.53621753152606 1285.7004898313494
-3.848213437388484e-09 -322.18637304426375 1281.6981853505292
-3.840432233534431e-09 -322.8391635884541 1277.0077229387125
-3.832651024476537e-09 -323.4946052156501 1254.3890542328043
-3.824869810218976e-09 -324.15271410804246 1234.8212218915344
-3.817088590765918e-09 -324.813506579792 1224.9155884865522
-3.8093073661215325e-09 -325.47699907837745 1205.650886656746
-3.8015261362899895e-09 -326.1432081859601 1195.4620501267639
-3.793744901275457e-09 -326.8121506207651 1207.465587797619
-3.7859636610821026e-09 -327.48384323848035 1205.9939925044093
-3.778182415714094e-09 -328.1583030336714 1194.2361111111113
-3.770401165175597e-09 -328.83554714121567 1177.6288993606702
-3.762619909470777e-09 -329.51559283775265 1189.9394600143298
-3.754838648603794e-09 -330.19845754315423 1180.0574742339065
-3.747057382578818e-09 -330.8841588220099 1170.1429880401236
-3.7392761114000054e-09 -331.57271438513555 1168.0687313988096
-3.731494835071522e-09 -332.26414209109583 1188.0215394896386
-3.7237135535975272e-09 -332.95845994774953 1168.1889502039242
-3.7159322669821817e-09 -333.65568611381246 1163.6310901675486
-3.7081509752296425e-09 -334.3558389004407 1168.0264653604497
-3.7003696783440687e-09 -335.0589367728332 1165.6606006117727
-3.6925883763296195e-09 -335.7649983518552 1149.093467537478
-3.684807069190449e-09 -336.4740424156827 1144.8799189814815
-3.6770257569307143e-09 -337.186087901466 1142.7316192680778
-3.669244439554568e-09 -337.901153907017 1127.0493000440918
-3.661463117066167e-09 -338.61925969251513 1118.4646611827602
-3.653681789469664e-09 -339.3404246822378 1108.0510774911818
-3.6459004567692083e-09 -340.0646684663115 1110.086116622575
-3.638119118968954e-09 -340.7920108024848 1110.4304281029542
-3.6303377760730516e-09 -341.52247161792627 1117.3352072310406
-3.6225564280856484e-09 -342.2560710110437 1111.0861372905645
-3.6147750750108967e-09 -342.9928292533269 1116.6245211915787
-3.6069937168529415e-09 -343.73276679121625 1137.9250544257056
-3.599212353615932e-09 -344.47590424799273 1132.8464299492946
-3.591430985304012e-09 -345.2222624256951 1145.891014247134
-3.5836496119213307e-09 -345.97186230705967 1155.5373332782187
-3.575868233472029e-09 -346.72472505748794 1146.8679039903
-3.5680868499602528e-09 -347.4808720270376 1151.5021494708997
-3.560305461390143e-09 -348.2403247524415 1169.4428771219136
-3.5525240677658433e-09 -349.00310495915147 1153.6416997354497
-3.5447426690914947e-09 -349.7692345634109 1147.7586771108906
-3.536961265371238e-09 -350.53873567435323 1156.0593033509701
-3.5291798566092107e-09 -351.31163059612896 1133.6284549988977
-3.5213984428095532e-09 -352.0879418300602 1136.4884052579366
-3.513617023976402e-09 -352.86769207682477 1145.4508032958554
-3.5058356001138968e-09 -353.65090423866843 1128.8523582175926
-3.4980541712261696e-09 -354.437601421648 1119.0067308752205
-3.490272737317359e-09 -355.22780693790224 1112.518291170635
-3.482491298391596e-09 -356.0215443079559 1111.4538552689596
-3.474709854453018e-09 -356.818837263052 1106.170032104277
-3.4669284055057543e-09 -357.6197097475183 1115.2937437996034
-3.4591469515539393e-09 -358.4241859211633 1113.6094748952823
-3.4513654926017016e-09 -359.23229016170615 1123.163855820106
-3.443584028653175e-09 -360.04404706723847 1111.865699404762
-3.4358025597124835e-09 -360.8594814587214 1107.0172302138449
-3.4280210857837603e-09 -361.67861838251355 1087.3363784171077
-3.42023960687113e-09 -362.5014831129373 1088.497592179233
-3.4124581229787216e-09 -363.32810115487695 1086.664272624559
-3.404676634110659e-09 -364.15849824641435 1089.790202684083
-3.39689514027107e-09 -364.99270036150006 1090.5995611496915
-3.389113641464074e-09 -365.83073371266215 1126.640625
-3.3813321376937993e-09 -366.6726247537502 1177.61257164903
-3.373550628964365e-09 -367.51840018272065 1209.3196614583335
-3.365769115279895e-09 -368.36808694445756 1219.8464196153
-3.357987596644509e-09 -369.22171223363495 1213.34499352403
-3.3502060730623275e-09 -370.0793034976175 1201.3919201940037
-3.3424245445374687e-09 -370.94088843940267 1182.8533365024252
-3.334643011074053e-09 -371.8064950206033 1132.8171330742946
-3.3268614726761956e-09 -372.67615146447326 1097.4106281690918
-3.319079929348014e-09 -373.5498862589741 1083.7426284171077
-3.311298381093624e-09 -374.4277281598861 1072.0552593143739
-3.3035168279171418e-09 -375.30970619396277 1065.4590704916227
-3.2957352698226767e-09 -376.19584966213097 1058.2423769565698
-3.2879537068143477e-09 -377.0861881427339 1055.6008012290565
-3.280172138896264e-09 -377.9807514948241 1061.4067666997355
-3.2723905660725386e-09 -378.87956986150016 1065.4875750936949
-3.2646089883472797e-09 -379.78267367329306 1063.6103877314815
-3.2568274057246013e-09 -380.6900936515995 1053.9346168154764
-3.2490458182086093e-09 -381.6018608121668 1043.753134645062
-3.2412642258034117e-09 -382.5180064686257 1059.338744901896
-3.2334826285131166e-09 -383.4385622360751 1059.4011794532628
-3.225701026341832e-09 -384.3635600347193 1041.8085868606702
-3.2179194192936613e-09 -385.29303209355743 1038.1465463789684
-3.2101378073727112e-09 -386.22701095412606 1031.1372044477514
-3.2023561905830832e-09 -387.16552947429767 1045.5601025132275
-3.1945745689288817e-09 -388.1086208321331 1044.3551242835097
-3.18679294241421e-09 -389.0563185297915 1030.3374738205468
-3.1790113110431686e-09 -390.0086563974979 1032.780051256614
-3.1712296748198578e-09 -390.9656685975682 1021.269462356702
-3.1634480337483776e-09 -391.9273896284942 1007.8747795414463
-3.1556663878328277e-09 -392.89385432908927 1003.0322179508378
-3.1478847370773034e-09 -393.8650978826952 1010.1927806712964
-3.140103081485905e-09 -394.8411558214509 1001.4551814649471
-3.1323214210627293e-09 -395.82206403062645 991.344073798501
-3.1245397558118677e-09 -396.80785875302104 990.2931754298943
-3.1167580857374203e-09 -397.79857659342514 1019.8748553240741
-3.1089764108434757e-09 -398.7942545231538 1029.7670889825838
-3.101194731134132e-09 -399.79492988464295 1033.7820009369489
-3.0934130466134776e-09 -400.80064039612 1057.1620955963406
-3.0856313572856057e-09 -401.81142415634156 1085.798611111111
-3.0778496631546053e-09 -402.82731964940524 1107.6237840332892
-3.0700679642245677e-09 -403.848365749633 1126.1076492228838
-3.062286260499581e-09 -404.8746017265305 1105.1649650022048
-3.0545045519837333e-09 -405.90606724982126 1102.2272686563051
-3.0467228386811104e-09 -406.94280239455816 1108.3271157131835
-3.0389411205958036e-09 -407.9848476463129 1117.838955026455
-3.031159397731891e-09 -409.0322439064485 1123.7042548500883
-3.0233776700934633e-09 -410.0850324974671 1080.7349192570548
-3.0155959376846e-09 -411.14325516844787 1079.2931547619048
-3.007814200509389e-09 -412.2069541005627 1062.1642312885804
-3.0000324585719064e-09 -413.2761719126837 1045.7114094190918
-2.9922507118762383e-09 -414.3509516670725 1036.1571490575398
-2.984468960426463e-09 -415.4313368751633 1038.664520640432
-2.976687204226661e-09 -416.517371503434 1053.5663821373457
-2.9689054432809108e-09 -417.6090999793702 1087.3633673666227
-2.9611236775932895e-09 -418.7065671975241 1126.4962246472664
-2.953341907167876e-09 -419.80981852566737 1137.1001605213846
-2.9455601320087455e-09 -420.9188998110439 1161.1697393077602
-2.9377783521199726e-09 -422.03385738672023 1209.9654327876985
-2.9299965675056342e-09 -423.1547380780371 1200.9331252755733
-2.922214778169802e-09 -424.2815892091661 1177.4452298280423
-2.914432984116548e-09 -425.4144586097689 1161.8017319775133
-2.9066511853499502e-09 -426.55339462176363 1159.8773871527778
-2.8988693818740733e-09 -427.6984461062044 1180.134910300926
-2.8910875736929895e-09 -428.84966245026504 1189.8252177028219
-2.8833057608107695e-09 -430.00709357434147 1183.933635085979
-2.875523943231483e-09 -431.17078993926697 1172.9623429232804
-2.867742120959195e-09 -432.34080255364637 1157.3394613921957
-2.8599602939979765e-09 -433.51718298130737 1145.5113605048502
-2.8521784623518884e-09 -434.699983348878 1129.7803509424605
-2.8443966260250025e-09 -435.889256353483 1097.3006400187392
-2.8366147850213763e-09 -437.08505527057355 1083.8960710152116
-2.8288329393450813e-09 -438.28743396187866 1077.71644551918
-2.821051089000174e-09 -439.49644688349633 1084.080722277337
-2.8132692339907195e-09 -440.71214909411134 1074.6748753031306
-2.8054873743207797e-09 -441.9345962633553 1066.7958243772046
-2.7977055099944144e-09 -443.16384468030367 1070.1329812885804
-2.7899236410156817e-09 -444.3999512621161 1066.4812059082892
-2.782141767388642e-09 -445.6429735628202 1056.9540722828483
-2.774359889117352e-09 -446.89296978224536 1047.0154389880954
-2.7665780062058712e-09 -448.1499987751053 1051.83753926918
-2.758796118658254e-09 -449.41412006023626 1057.2766134810406
-2.751014226478557e-09 -450.68539382999023 1073.2928929673722
-2.743232329670831e-09 -451.96388095978983 1105.1746617339065
-2.7354504282391353e-09 -453.2496430178432 1144.1398327270724
-2.7276685221875205e-09 -454.5427422750301 1143.6512414572312
-2.7198866115200397e-09 -455.8432417149532 1151.0476776069224
-2.7121046962407417e-09 -457.1512050441651 1164.0350115740741
-2.7043227763536783e-09 -458.4666967025702 1188.445956652337
-2.6965408518628994e-09 -459.78978187400804 1185.8903597608025
-2.688758922772455e-09 -461.12052649701985 1175.1212694279102
-2.6809769890863898e-09 -462.4589972758034 1180.4948777832894
-2.6731950508087555e-09 -463.8052616913567 1194.6431327160494
-2.665413107943595e-09 -465.15938801282124 1208.1520233961642
-2.6576311604949558e-09 -466.52144530901984 1246.3580419146826
-2.64984920846688e-09 -467.8915034602018 1269.8606116347003
-2.642067251863414e-09 -469.2696331699925 1273.4675547012787
-2.6342852906885997e-09 -470.65590597755676 1305.6100157076721
-2.6265033249464804e-09 -472.0503942699781 1310.0612633653
-2.6187213546410956e-09 -473.45317129485846 1296.2156222442682
-2.6109393797764886e-09 -474.8643111731426 1318.8741973930778
-2.603157400356695e-09 -476.283888912175 1362.2572372409613
-2.595375416385758e-09 -477.71198041898737 1477.3981068121693
-2.5875934278677124e-09 -479.1486625138313 1581.094387263007
-2.5798114348065976e-09 -480.5940129439509 1640.2298108190037
-2.572029437206449e-09 -482.0481103976089 1682.8582623732364
-2.564247435071303e-09 -483.51103451836684 1687.569254987875
-2.556465428405193e-09 -484.9828659196258 1670.5392278439156
-2.5486834172121547e-09 -486.4636861994339 1650.2712156911377
-2.5409014014962206e-09 -487.9535779555665 1638.9011691192682
-2.533119381261422e-09 -489.45262480088405 1585.5642877810849
-2.5253373565117902e-09 -490.96091137897275 1561.8474943507497
-2.517555327251358e-09 -492.47852338007664 1537.747275270062
-2.5097732934841527e-09 -494.00554755732685 1525.6215381117727
-2.5019912552142066e-09 -495.54207174327075 1489.2996996252207
-2.494209212445543e-09 -497.08818486671527 1391.9168871252205
-2.4864271651821958e-09 -498.6439769698798 1282.9468763778661
-2.4786451134281833e-09 -500.2095392258815 1197.5936776620372
-2.470863057187538e-09 -501.7849639565398 1213.0484939925045
-2.463080996464282e-09 -503.37034465052915 1214.0539572310406
-2.45529893126244e-09 -504.9657759818701 1245.848231509039
-2.4475168615860344e-09 -506.571353828776 1268.3459408068784
-2.439734787439089e-09 -508.18717529285897 1280.0047708608909
-2.4319527088256247e-09 -509.81333871870663 1311.1175009645062
-2.4241706257496607e-09 -511.4499437138343 1339.1223682760142
-2.4163885382152196e-09 -513.0970911690221 1345.6690228174605
-2.4086064462263195e-09 -514.7548832790491 1403.187968474427
-2.4008243497869763e-09 -516.4234235638291 1420.3006331294093
-2.393042248901212e-09 -518.1028168899566 1481.7305996472664
-2.38526014357304e-09 -519.7931694926796 1619.2164248511906
-2.3774780338064776e-09 -521.4945889982996 1765.2591421406528
-2.3696959196055385e-09 -523.2071844470153 1953.7758349867727
-2.361913800974238e-09 -524.9310663162163 2117.782565861993
-2.3541316779165877e-09 -526.6663465442415 2222.088638117284
-2.3463495504366026e-09 -528.4131385546061 2397.0369336970903
-2.338567418538293e-09 -530.1715572807175 2643.1377797067903
-2.3307852822256718e-09 -531.9417191910817 2751.512759038801
-2.3230031415027447e-09 -533.7237423150207 2818.2125978284835
-2.3152209963735245e-09 -535.5177462689032 2809.1156856261023
-2.307438846842019e-09 -537.3238522829123 2860.2447434413584
-2.2996566929122372e-09 -539.1421832283515 2987.4782986111113
-2.2918745345881814e-09 -540.9728636455123 2987.9886257164903
-2.284092371873863e-09 -542.8160197721039 2858.1333705357147
-2.2763102047732826e-09 -544.6717795722753 2671.464809303351
-2.268528033290448e-09 -546.5402727662272 2528.617965994268
-2.260745857429361e-09 -548.4216308604401 2380.235649526014
-2.252963677194025e-09 -550.3159871785272 2187.102520116843
-2.2451814925884422e-09 -552.2234768927281 2012.4923183972664
-2.2373993036166106e-09 -554.1442370560635 1822.9059537588184
-2.2296171102825336e-09 -556.078406635157 1760.0365134479719
-2.2218349125902124e-09 -558.0261265437531 1899.3257585152119
-2.214052710543639e-09 -559.9875396769409 2025.2439511684304
-2.2062705041468184e-09 -561.9627909460951 2058.1096023478835
-2.1984882934037415e-09 -563.9520273145723 2074.125640707672
-2.190706078318411e-09 -565.9553978341535 2107.400242504409
-2.1829238588948168e-09 -567.9730536822794 2118.3564125881835
-2.1751416351369554e-09 -570.0051482000753 2109.4606688161375
-2.1673594070488217e-09 -572.0518369311998 2048.0725033068784
-2.159577174634406e-09 -574.1132776615342 1954.512821042769
-2.1517949378977004e-09 -576.1896304597303 1891.2925243882275
-2.1440126968427008e-09 -578.2810577186417 1861.2179818397267
-2.1362304514733906e-09 -580.3877241976663 1838.7592661485892
-2.1284482017937654e-09 -582.5097970660073 1841.8675939704588
-2.1206659478078132e-09 -584.6474459468974 1802.82138723545
-2.1128836895195184e-09 -586.8008429627953 1779.2826140873017
-2.105101426932869e-09 -588.970162781583 1804.2546778549383
-2.0973191600518546e-09 -591.1555826637946 1724.1343729332011
-2.0895368888804592e-09 -593.3572825109022 1680.1994116512346
-2.0817546134226664e-09 -595.575444914681 1605.6509383267196
-2.073972333682462e-09 -597.8102552076869 1496.9020922894622
-2.0661900496638267e-09 -600.0619015148771 1486.6768973214287
-2.058407761370746e-09 -602.330574806399 1500.7692281194886
-2.0506254688071984e-09 -604.6164689515838 1483.7111958498679
-2.0428431719771658e-09 -606.9197807741714 1475.9490224041006
-2.0350608708846276e-09 -609.2407101088054 1444.564422123016
-2.027278565533566e-09 -611.5794598588262 1438.3744970789244
-2.019496255927953e-09 -613.936236055407 1390.890170304233
-2.0117139420717703e-09 -616.311247918051 1350.5201444003528
-2.003931623968993e-09 -618.7047079165105 1360.9554983741182
-1.9961493016235994e-09 -621.1168318341466 1364.0481013007056
-1.988366975039562e-09 -623.5478388327816 1371.2755077436068
-1.980584644220857e-09 -625.997951519076 1372.9871100639332
-1.9728023091714547e-09 -628.4673960124813 1368.512783151455
-1.9650199698953298e-09 -630.9564020148033 1330.7551222167108
-1.957237626396453e-09 -633.4652028814284 1334.6083416005292
-1.9494552786787974e-09 -635.9940356942537 1349.8583209325398
-1.9416729267463293e-09 -638.543141336375 1334.9006214175486
-1.933890570603024e-09 -641.1127645685702 1352.5116085207233
-1.9261082102528424e-09 -643.7031541076495 1368.4164703207673
-1.918325845699759e-09 -646.314562706697 1362.0667472718255
-1.9105434769477355e-09 -648.9472472372903 1376.5467751047179
-1.902761104000741e-09 -651.6014687737235 1399.7619908785275
-1.8949787268627388e-09 -654.2774926793156 1410.5434303350971
-1.8871963455376964e-09 -656.9755886948483 1437.2152467757937
-1.8794139600295747e-09 -659.6960310292067 1467.0465098655204
-1.871631570342337e-09 -662.4390984522755 1469.6912546847443
-1.8638491764799445e-09 -665.2050743901677 1518.4792321153
-1.8560667784463614e-09 -667.9942470228448 1531.05415357694
-1.8482843762455445e-09 -670.8069093842091 1537.0818865740741
-1.8405019698814577e-09 -673.6433594647278 1521.6681995425486
-1.8327195593580538e-09 -676.5039003166821 1497.7001694775133
-1.8249371446792985e-09 -679.3888401620952 1515.8159549988977
-1.8171547258491418e-09 -682.2984925034527 1511.3063030478397
-1.809372302871543e-09 -685.2331762372607 1516.3596092372136
-1.8015898757504575e-09 -688.1932157705619 1479.9629870756173
-1.7938074444898419e-09 -691.1789411404773 1458.626956569665
-1.7860250090936454e-09 -694.1906881368797 1456.98135402888
-1.7782425695658254e-09 -697.2287984282782 1435.103736083554
-1.77046012591033e-09 -700.2936196910372 1401.0014846505733
-1.7626776781311181e-09 -703.385505742002 1396.2884769069667
-1.7548952262321324e-09 -706.5048166746747 1407.1500564925045
-1.7471127702173298e-09 -709.6519189990042 1430.720210537919
-1.7393303100906507e-09 -712.8271857849566 1453.526561811067
-1.7315478458560528e-09 -716.0309968099288 1445.5783936838625
-1.723765377517477e-09 -719.2637387101853 1432.6228539737656
-1.7159829050788714e-09 -722.5258051363908 1446.5141196814375
-1.708200428544185e-09 -725.8175969134081 1467.0615630511465
-1.700417947917361e-09 -729.1395222044844 1456.6317033179014
-1.6926354632023403e-09 -732.4919966799619 1462.1043457892417
-1.6848529744030698e-09 -735.8754436906643 1515.5464271935627
-1.677070481523492e-09 -739.2902944461174 1506.4750571814375
-1.6692879845675505e-09 -742.7369881977498 1512.5765404541448
-1.66150548353918e-09 -746.2159724272482 1483.7960379464287
-1.6537229784423294e-09 -749.7277030402173 1498.3652309303352
-1.6459404692809303e-09 -753.272644565359 1510.2122430279983
-1.6381579560589255e-09 -756.8512703593013 1502.0658688822753
-1.630375438780251e-09 -760.4640628173163 1476.4449335868608
-1.6225929174488462e-09 -764.1115135900878 1473.4630594135804
-1.614810392068644e-09 -767.7941238067596 1468.6529982363318
-1.6070278626435823e-09 -771.5124043044517 1482.7399036871693
-1.5992453291775954e-09 -775.2668758644913 1495.2365279155645
-1.5914627916746175e-09 -779.0580694555669 1507.096698633157
-1.5836802501385787e-09 -782.886526484057 1508.8396474041006
-1.5758977045734163e-09 -786.7527990517699 1509.9503279320988
-1.5681151549830552e-09 -790.6574502213723 1508.3253761574076
-1.560332601371431e-09 -794.6010542897417 1538.5654348544974
-1.5525500437424721e-09 -798.5841970695614 1542.4714781746034
-1.5447674821001077e-09 -802.6074761794132 1542.4743544697974
-1.536984916448264e-09 -806.6715013426927 1545.7182126322753
-1.5292023467908723e-09 -810.7768946956437 1558.8230613425926
-1.521419773131854e-09 -814.9242911048609 1577.6528225584216
-1.51363719547514e-09 -819.1143384945693 1592.7919181272048
-1.505854613824651e-09 -823.3476981840743 1591.111472800926
-1.4980720281843151e-09 -827.6250452357092 1599.796454750882
-1.4902894385580528e-09 -831.9470688137052 1614.7105275848767
-1.4825068449497879e-09 -836.3144725543493 1603.1001295194005
-1.4747242473634424e-09 -840.7279749478739 1616.6265535438713
-1.4669416458029338e-09 -845.1883097325008 1640.85830715388
-1.4591590402721877e-09 -849.6962263010874 1654.954513199956
-1.4513764307751214e-09 -854.2524901208744 1655.242866098986
-1.4435938173156527e-09 -858.857883166795 1658.4938374944886
-1.4358111998976995e-09 -863.5132043688837 1678.1249483300267
-1.428028578525176e-09 -868.2192700743182 1692.7726624503969
-1.4202459532020053e-09 -872.9769145246411 1725.3952752976193
-1.4124633239320986e-09 -877.7869903487825 1744.0352354772929
-1.4046806907193691e-09 -882.6503690724495 1747.8214389054235
-1.3968980535677321e-09 -887.5679416445529 1751.6101569389332
-1.3891154124811008e-09 -892.5406189813351 1775.564632247575
-1.38133276746339e-09 -897.5693325288863 1802.0911871693122
-1.3735501185185046e-09 -902.655034844796 1829.7513640873017
-1.3657674656503605e-09 -907.7987001996697 1859.873408564815
-1.357984808862866e-09 -913.0013251993587 1908.7559592702823
-1.3502021481599305e-09 -918.2639294286887 1945.875323798501
-1.3424194835454605e-09 -923.5875561175939 1995.1356509038803
-1.3346368150233625e-09 -928.97327283055 2054.2660796957675
-1.3268541425975472e-09 -934.4221721802735 2154.1337356701943
-1.319071466271921e-09 -939.9353725666948 2268.6883404982364
-1.3112887860503829e-09 -945.5140189422444 2472.1891189925045
-1.3035061019368403e-09 -951.1592836045422 2768.87393904321
-1.2957234139351983e-09 -956.8723670176738 3128.2138379078488
-1.2879407220493595e-09 -962.6544986632375 3482.550326554233
-1.2801580262832204e-09 -968.5069379224385 4096.102706128748
-1.2723753266406872e-09 -974.4309749905422 5195.472194664903
-1.26459262312566e-09 -980.42793182512 5877.102967923281
-1.2568099157420373e-09 -986.4991631295137 6169.091228505292
-1.2490272044937134e-09 -992.646057373072 6500.781594466491
-1.2412444893845945e-09 -998.8700378497588 6964.111896494709
-1.2334617704185716e-09 -1005.1725637768714 6794.526220789242
-1.2256790475995433e-09 -1011.5551314355815 6242.6605213844805
-1.2178963209314031e-09 -1018.0192753552355 5549.200424382717
-1.2101135904180467e-09 -1024.5665695433415 4935.103891093475
-1.2023308560633706e-09 -1031.198628763335 4822.842124118166
-1.1945481178712644e-09 -1037.9171098623012 4660.957272376543
-1.186765375845619e-09 -1044.72371315093 4525.236097332452
-1.1789826299903316e-09 -1051.6201838381298 4782.455012676367
-1.1711998803092888e-09 -1058.6083135228623 5636.166225749559
-1.1634171268063813e-09 -1065.6899417458308 7189.307691247796
-1.1556343694854983e-09 -1072.8669576038883 9246.547481261023
-1.1478516083505275e-09 -1080.1413014301193 11733.050733024693
-1.1400688434053568e-09 -1087.5149665427377 14413.580522486773
-1.132286074653874e-09 -1094.9900010661165 16929.511959876545
-1.1245033020999624e-09 -1102.568509827443 19242.257220017636
-1.1167205257475107e-09 -1110.2526563326744 20325.952932098768
-1.108937745600402e-09 -1118.044664825723 19886.76532186949
-1.101154961662516e-09 -1125.9468224349548 18639.979332010582
-1.0933721739377409e-09 -1133.961481411355 17525.156525573195
-1.0855893824299583e-09 -1142.0910614630006 16024.84912367725
-1.077806587143044e-09 -1150.3380521906622 14791.677551807761
-1.0700237880808853e-09 -1158.7050156296825 13515.536541005293
-1.0622409852473564e-09 -1167.1945889036483 12608.86188271605
-1.0544581786463393e-09 -1175.8094869955312 12484.531525573193
-1.0466753682817093e-09 -1184.5525056425088 12398.399470899472
-1.0388925541573462e-09 -1193.4265243608756 12286.054480820107
-1.031109736277125e-09 -1202.434509607976 11505.482942019402
-1.023326914644925e-09 -1211.5795180884065 10730.67046957672
-1.0155440892646133e-09 -1220.8647002122793 10046.320271164022
-1.0077612601400697e-09 -1230.2933037136868 9388.194444444445
-9.999784272751686e-10 -1239.8686774382 8820.372712742505
-9.921955906737789e-10 -1249.5942753086053 8239.962108686068
-9.84412750339772e-10 -1259.473660478758 7671.417548500883
-9.766299062770205e-10 -1269.5105096860652 7342.372134038801
-9.68847058489398e-10 -1279.70861781376 7291.351686507937
-9.610642069807686e-10 -1290.071902674869 7119.118441358025
-9.532813517550017e-10 -1300.604410030503 6968.328579695768
-9.454984928159672e-10 -1311.3103188560221 7077.836819334216
-9.377156301675292e-10 -1322.1939468694663 7283.897431657849
-9.299327638135573e-10 -1333.2597563375784 7518.089588844798
-9.221498937579134e-10 -1344.5123601758858 7886.225611772487
-9.143670200044632e-10 -1355.9565283602885 8353.171434082893
-9.065841425570708e-10 -1367.5971946689378 8902.618496472664
-8.988012614196029e-10 -1379.4394637743812 9521.167879188713
-8.910183765959148e-10 -1391.4886187074392 10003.099647266316
-8.832354880898733e-10 -1403.7501287156554 10272.00534611993
-8.754525959053348e-10 -1416.229657541003 10559.106453924163
-8.676697000461651e-10 -1428.9330721430372 10680.132412918872
-8.59886800516217e-10 -1441.8664518958524 10830.442570546738
-8.521038973193542e-10 -1455.0360982889888 10945.547701719577
-8.443209904594291e-10 -1468.448545164969 11153.283730158731
-8.365380799403016e-10 -1482.1105695282563 11396.346175044093
-8.287551657658287e-10 -1496.029202963329 11739.926146384481
-8.209722479398618e-10 -1510.2117437022252 12186.167879188713
-8.131893264662564e-10 -1524.6657693850611 12637.7379574515
-8.054064013488706e-10 -1539.3991505604426 13067.434551366843
-7.976234725915512e-10 -1554.4200649763168 13476.036155202823
-7.898405401981561e-10 -1569.7370127156823 13787.125358245152
-7.820576041725292e-10 -1585.3588322361911 14137.648809523811
-7.742746645185267e-10 -1601.2947173770372 14609.321538800707
-7.664917212399935e-10 -1617.5542354020963 15012.49366181658
-7.587087743407844e-10 -1634.1473461535354 15396.996252204586
-7.509258238247426e-10 -1651.0844223966376 15820.604883156968
-7.431428696957198e-10 -1668.3762714429977 16257.804508377427
-7.353599119575577e-10 -1686.034158146975 16803.573082010582
-7.275769506141064e-10 -1704.0698293780667 17355.157352292772
-7.197939856692088e-10 -1722.4955400810763 17849.756117724868
-7.120110171267078e-10 -1741.3240810454413 18334.4212962963
-7.042280449904488e-10 -1760.5688085160111 18595.640432098768
-6.964450692642747e-10 -1780.2436757893406 19425.33454585538
-6.886620899520237e-10 -1800.3632669525473 20166.38034611993
-6.808791070575412e-10 -1820.9428329361488 20769.05257936508
-6.730961205846654e-10 -1841.9983300682845 21340.981040564377
-6.65313130537237e-10 -1863.5464613350232 21946.339285714286
-6.575301369190929e-10 -1885.6047205710863 22629.814814814818
-6.497471397340725e-10 -1908.19143982663 23251.19350749559
-6.419641389860135e-10 -1931.3258401796909 23949.531801146386
-6.341811346787511e-10 -1955.0280862902757 24636.539076278663
-6.263981268161203e-10 -1979.3193450215267 25350.31718474427
-6.186151154019572e-10 -2004.2218484861673 26017.255291005295
-6.10832100440094e-10 -2029.758961912954 26652.312059082895
-6.030490819343654e-10 -2055.9552567685296 27353.56509038801
-5.952660598886046e-10 -2082.8365896157643 28063.854442239863
-5.874830343066422e-10 -2110.4301872405176 28851.659226190477
-5.797000051923086e-10 -2138.764738635963 29493.080908289245
-5.719169725494356e-10 -2167.8704944977385 30101.90310846561
-5.641339363818478e-10 -2197.7793749553425 29981.59667107584
-5.563508966933809e-10 -2228.5250863461856 26025.5718143739
