string
20201019m2.9_degreeper_secondprocessedoffset angle -0.07990073686412932 in rad by: offset_angle in degree:_-2.65offset 0th. order in px_-110
nm eV  counts
-7.981574791241979e-09 -155.33800816511146 0.14090853897982805
-7.973794043921755e-09 -155.48958541730812 -0.26605278432264107
-7.966013292007148e-09 -155.64145886329533 1.800281558297509
-7.958232535502826e-09 -155.79362937200946 1.4355836898561507
-7.950451774413462e-09 -155.9460978157889 -1.5152006603422619
-7.942671008743722e-09 -156.0988650703912 -1.1330577170827822
-7.934890238498275e-09 -156.2519320150094 -3.889769646646274
-7.927109463681789e-09 -156.40529953228918 0.7645285201030644
-7.919328684298931e-09 -156.5589685083456 -1.0834491601906966
-7.911547900354364e-09 -156.7129398327805 -1.0729681213486553
-7.903767111852755e-09 -156.8672143986993 0.7235438970871914
-7.895986318798765e-09 -157.02179310272848 3.5416212401482583
-7.888205521197058e-09 -157.17667684503292 2.1577632843501986
-7.880424719052297e-09 -157.33186652933324 4.208289629147377
-7.87264391236914e-09 -157.48736306292363 0.5435300150876323
-7.86486310115225e-09 -157.64316735668928 0.12171551201499119
-7.857082285406283e-09 -157.7992803251243 2.9686916559882053
-7.849301465135897e-09 -157.9557028863496 2.3318699966242282
-7.841520640345749e-09 -158.11243596213083 -0.7991964888530644
-7.833739811040496e-09 -158.2694804778965 -0.7541243403466711
-7.825958977224793e-09 -158.42683736275623 3.078247931478726
-7.818178138903293e-09 -158.5845075495191 3.880660876184965
-7.81039729608065e-09 -158.74249197471192 2.36016662705302
-7.802616448761519e-09 -158.900791578598 3.573930905189043
-7.794835596950548e-09 -159.05940730519558 -0.43046513310185186
-7.787054740652387e-09 -159.21834010229682 -1.1432466052827381
-7.779273879871687e-09 -159.37759092148644 1.3458633019179893
-7.771493014613097e-09 -159.5371607181609 0.42066247795414463
-7.763712144881263e-09 -159.6970504515474 1.5368650190834436
-7.755931270680834e-09 -159.85726108472312 5.2596147056189375
-7.748150392016452e-09 -160.0177935846346 2.3388613746279763
-7.740369508892768e-09 -160.17864892211708 5.856946511243386
-7.73258862131442e-09 -160.33982807191424 5.185563021866733
-7.724807729286053e-09 -160.50133201269773 3.625486343625992
-7.71702683281231e-09 -160.66316172708702 0.19733430300650354
-7.709245931897832e-09 -160.82531820166943 -0.5825343863673942
-7.701465026547257e-09 -160.98780242702003 0.4766167534722222
-7.693684116765227e-09 -161.15061539772185 0.7543848431299603
-7.68590320255638e-09 -161.3137581123862 0.3134780695408951
-7.678122283925351e-09 -161.47723157367318 0.6259791459986772
-7.670341360876779e-09 -161.641036788312 5.356110964712853
-7.662560433415299e-09 -161.8051747671217 -0.08415617766203703
-7.654779501545546e-09 -161.9696465250322 0.35381897080302027
-7.646998565272152e-09 -162.1344530811049 -0.38703286038084217
-7.639217624599752e-09 -162.29959545855382 -2.379649651744378
-7.631436679532977e-09 -162.46507468476688 0.1717869457534171
-7.623655730076458e-09 -162.630891791327 2.807463254037147
-7.615874776234821e-09 -162.79704781403382 0.5885825720623897
-7.608093818012704e-09 -162.96354379292487 -1.803243324239418
-7.600312855414729e-09 -163.13038077229777 -2.4336751302083335
-7.592531888445521e-09 -163.29755980073162 -2.3500160607501104
-7.584750917109715e-09 -163.4650819311091 -3.9756737764550265
-7.576969941411926e-09 -163.6329482206388 -1.3811002862516535
-7.569188961356786e-09 -163.80115973087706 1.064110596133708
-7.561407976948915e-09 -163.9697175277507 2.407096526399912
-7.55362698819294e-09 -164.1386226815792 0.903640235752866
-7.545845995093475e-09 -164.30787626709784 2.9744403711281966
-7.538064997655145e-09 -164.47747936347992 2.201189959490741
-7.530283995882573e-09 -164.64743305436 0.9340060333305776
-7.522502989780373e-09 -164.81773842785708 0.6813915326692019
-7.514721979353165e-09 -164.98839657659758 3.25884826767802
-7.506940964605567e-09 -165.1594085977388 4.976860248222553
-7.499159945542192e-09 -165.33077559299255 1.9569130549355158
-7.491378922167662e-09 -165.50249866864843 2.093966583305776
-7.48359789448658e-09 -165.67457893559833 2.8540135943700395
-7.475816862503572e-09 -165.84701750935943 0.9823016346657297
-7.468035826223241e-09 -166.01981551009928 6.24761478484623
-7.460254785650204e-09 -166.19297406265932 6.552090437954695
-7.45247374078907e-09 -166.36649429657965 3.6465549906305115
-7.444692691644447e-09 -166.54037734612353 0.44903725921792326
-7.4369116382209454e-09 -166.71462435030205 -1.5010000292796517
-7.429130580523174e-09 -166.88923645289896 -2.162876458815586
-7.421349518555738e-09 -167.06421480249577 1.108551509796627
-7.413568452323245e-09 -167.23956055249695 5.917693607390873
-7.405787381830297e-09 -167.41527486115524 -10.586020387249228
-7.398006307081501e-09 -167.59135889159705 -0.24633595300099206
-7.390225228081461e-09 -167.76781381184827 6.112930109471451
-7.382444144834779e-09 -167.94464079486002 5.130474218405533
-7.3746630573460545e-09 -168.1218410185347 0.5777777347194665
-7.366881965619888e-09 -168.2994156657521 9.761982266865079
-7.359100869660881e-09 -168.47736592439563 8.552764300526345
-7.351319769473631e-09 -168.65569298737898 6.888468962708058
-7.343538665062736e-09 -168.83439805267267 4.773317582603064
-7.3357575564327925e-09 -169.01348232333083 6.174740100033069
-7.327976443588399e-09 -169.19294700751828 8.408809170731372
-7.320195326534146e-09 -169.37279331853782 8.465685324694114
-7.3124142052746306e-09 -169.5530224748572 8.583908377080578
-7.304633079814446e-09 -169.73363570013692 8.995779424327601
-7.2968519501581825e-09 -169.914634223258 6.830938214767968
-7.289070816310434e-09 -170.0960192783495 8.763950246982473
-7.28128967827579e-09 -170.27779210481694 7.744878644455468
-7.273508536058839e-09 -170.45995394737028 8.917594788566468
-7.265727389664171e-09 -170.64250605605244 11.307192847842263
-7.257946239096371e-09 -170.8254496862679 12.177965813423171
-7.250165084360031e-09 -171.00878609881124 11.097508559992283
-7.242383925459731e-09 -171.19251655989666 16.268409580990962
-7.23460276240006e-09 -171.37664234118643 16.343592191289133
-7.2268215951856006e-09 -171.56116471982074 11.544773323826059
-7.219040423820937e-09 -171.74608497844696 13.669388382523149
-7.211259248310648e-09 -171.93140440524962 10.795862268518519
-7.203478068659319e-09 -172.1171242939799 10.6867240892306
-7.195696884871529e-09 -172.3032459439862 11.033487309854497
-7.187915696951856e-09 -172.48977066024412 8.049850114018408
-7.18013450490488e-09 -172.67669975338706 9.928445913594025
-7.172353308735179e-09 -172.8640345397369 11.337343569155093
-7.16457210844733e-09 -173.05177634133503 3.7993816395916005
-7.156790904045906e-09 -173.2399264859732 8.936101250757826
-7.1490096955354835e-09 -173.428486307225 14.904250587315365
-7.141228482920639e-09 -173.61745714447727 14.538597685529652
-7.133447266205942e-09 -173.80684034296192 14.14929263806217
-7.1256660453959655e-09 -173.99663725378778 14.588785376708554
-7.117884820495282e-09 -174.18684923397268 10.75185710496583
-7.110103591508461e-09 -174.37747764647585 9.233041053516313
-7.102322358440073e-09 -174.5685238602305 11.015999176725089
-7.0945411212946855e-09 -174.7599892501765 9.99555056940311
-7.086759880076866e-09 -174.9518751972935 7.349386763530644
-7.0789786347911825e-09 -175.1441830886339 7.154602589010141
-7.071197385442199e-09 -175.33691431735653 8.94898666570216
-7.0634161320344804e-09 -175.53007028276016 6.696663023933532
-7.055634874572593e-09 -175.7236523903173 6.548956654059193
-7.047853613061097e-09 -175.91766205170845 1.6682645605985449
-7.040072347504558e-09 -176.11210068485616 2.2030124025159834
-7.0322910779075335e-09 -176.30696971395997 8.81504711440421
-7.024509804274587e-09 -176.5022705695307 3.835683455963404
-7.016728526610274e-09 -176.69800468842595 2.9036705918623236
-7.008947244919159e-09 -176.8941735138848 1.7043528077463623
-7.001165959205795e-09 -177.09077849556374 3.736479259672619
-6.99338466947474e-09 -177.28782108957213 8.926582780464617
-6.985603375730549e-09 -177.48530275850834 10.601056349550817
-6.977822077977778e-09 -177.6832249714956 10.563415634989529
-6.970040776220981e-09 -177.88158920421873 9.952274598352073
-6.962259470464711e-09 -178.08039693896075 7.78326297605269
-6.95447816071352e-09 -178.27964966463972 3.8292660452491183
-6.94669684697196e-09 -178.479348876846 0.3237885974702381
-6.93891552924458e-09 -178.67949607787955 3.6032594280478394
-6.93113420753593e-09 -178.88009277678776 1.2833310081845237
-6.92335288185056e-09 -179.08114048940317 -0.5197278111910273
-6.915571552193014e-09 -179.28264073838193 5.731852859416336
-6.907790218567842e-09 -179.4845950532419 15.013021479208003
-6.900008880979591e-09 -179.68700497040152 5.961378094170249
-6.892227539432803e-09 -179.88987203321895 6.693091552303792
-6.884446193932023e-09 -180.09319779203094 8.089511770419973
-6.876664844481793e-09 -180.2969838041926 6.3722631060887895
-6.868883491086658e-09 -180.50123163411692 13.391707485945767
-6.8611021337511565e-09 -180.70594285331504 19.386620577050266
-6.853320772479832e-09 -180.9111190404364 7.480038597470238
-6.845539407277223e-09 -181.11676178130935 7.285756698150904
-6.837758038147866e-09 -181.3228726689821 13.299295307677468
-6.8299766650963e-09 -181.5294533037637 22.5431777981013
-6.822195288127062e-09 -181.73650529326545 29.500640922963512
-6.814413907244689e-09 -181.94403025244276 30.85057215884039
-6.806632522453715e-09 -182.15202980363708 31.262233727402997
-6.798851133758675e-09 -182.36050557661798 33.68611911995701
-6.7910697411641e-09 -182.56945920862614 32.73933833154211
-6.783288344674523e-09 -182.77889234441568 23.324531568631503
-6.775506944294476e-09 -182.98880663629774 17.393293108258927
-6.767725540028493e-09 -183.19920374418354 20.773106596877756
-6.759944131881097e-09 -183.41008533562868 17.546395545703813
-6.7521627198568226e-09 -183.6214530858766 6.70997729965829
-6.744381303960193e-09 -183.83330867790335 8.621742638751103
-6.7365998841957375e-09 -184.045653802462 10.373714063533399
-6.728818460567984e-09 -184.25849015812778 12.84867576316551
-6.721037033081453e-09 -184.47181945134338 16.54266174424052
-6.7132556017406724e-09 -184.68564339646431 13.435230181120481
-6.705474166550164e-09 -184.8999637158052 10.109606869006283
-6.69769272751445e-09 -185.11478213968564 11.743841154444995
-6.689911284638055e-09 -185.33010040647702 13.270637848600089
-6.682129837925495e-09 -185.54592026264942 12.1534774753362
-6.674348387381291e-09 -185.76224346281865 10.722253870081019
-6.666566933009965e-09 -185.9790717697938 11.396525710978835
-6.658785474816033e-09 -186.1964069546254 10.90393001818783
-6.651004012804011e-09 -186.41425079665328 12.94362956590333
-6.643222546978415e-09 -186.63260508355552 14.010492234002976
-6.635441077343762e-09 -186.85147161139685 9.277218019731041
-6.627659603904566e-09 -187.07085218467827 11.202695062761794
-6.619878126665339e-09 -187.29074861638662 11.714677114335318
-6.612096645630596e-09 -187.51116272804427 8.990635893752756
-6.604315160804846e-09 -187.73209634975976 10.214403909350198
-6.596533672192603e-09 -187.95355132027802 15.875300116429674
-6.588752179798373e-09 -188.1755294870319 13.477438090760032
-6.580970683626669e-09 -188.398032706193 15.289492006655093
-6.573189183681996e-09 -188.62106284272386 18.09472957658179
-6.5654076799688624e-09 -188.84462177042974 18.777343319416886
-6.557626172491773e-09 -189.06871137201134 17.7072402981013
-6.5498446612552365e-09 -189.29333353911733 19.727381253789133
-6.542063146263757e-09 -189.51849017239792 22.840484672963512
-6.534281627521833e-09 -189.7441831815584 21.524934422191908
-6.526500105033974e-09 -189.97041448541285 17.243840077987212
-6.518718578804677e-09 -190.19718601193878 13.198998506737764
-6.510937048838446e-09 -190.42449969833186 16.097882952008927
-6.503155515139779e-09 -190.65235749106105 19.53922569099978
-6.495373977713176e-09 -190.8807613459241 14.07158810247189
-6.487592436563136e-09 -191.10971322810354 13.252472623525684
-6.4798108916941555e-09 -191.33921511222314 12.738345622175375
-6.47202934311073e-09 -191.56926898240454 14.182177777433312
-6.464247790817358e-09 -191.7998768323244 12.638976727843914
-6.456466234818531e-09 -192.03104066527223 11.359281563464506
-6.448684675118743e-09 -192.2627624942081 11.310746019689704
-6.440903111722491e-09 -192.49504434182109 14.240010256489748
-6.433121544634264e-09 -192.72788824058847 15.426167698343805
-6.425339973858553e-09 -192.96129623283466 14.173067499931106
-6.417558399399847e-09 -193.19527037079104 12.091438629850089
-6.409776821262639e-09 -193.42981271665593 12.465550982762897
-6.401995239451415e-09 -193.66492534265552 11.259782848324514
-6.394213653970663e-09 -193.90061033110464 13.579720310433201
-6.38643206482487e-09 -194.13686977446827 7.411886332947531
-6.378650472018521e-09 -194.37370577542353 2.6744401988949513
-6.3708688755561015e-09 -194.61112044692192 7.724499791597774
-6.363087275442097e-09 -194.84911591225222 9.177466337012236
-6.355305671680988e-09 -195.087694305104 8.661067363866843
-6.347524064277259e-09 -195.32685776963103 8.309828877659282
-6.3397424532353886e-09 -195.56660846051568 10.611066545758929
-6.3319608385598605e-09 -195.80694854303357 9.83229412099041
-6.324179220255152e-09 -196.04788019311894 5.384379176656195
-6.316397598325743e-09 -196.28940559742998 13.246138315352182
-6.308615972776112e-09 -196.53152695341527 17.98406993186453
-6.3008343436107335e-09 -196.77424646938027 13.374445731887953
-6.293052710834087e-09 -197.01756636455448 13.945641465498236
-6.285271074450643e-09 -197.26148886915928 18.66053753134645
-6.277489434464881e-09 -197.50601622447553 22.232698524650022
-6.2697077908812705e-09 -197.7511506829128 21.806626415757275
-6.261926143704285e-09 -197.9968945080782 24.261811110077712
-6.254144492938397e-09 -198.2432499748462 30.03392779637897
-6.246362838588077e-09 -198.49021936942864 32.050720107197975
-6.238581180657794e-09 -198.73780498944566 33.02031523420277
-6.230799519152018e-09 -198.9860091439968 33.575532889660494
-6.2230178540752166e-09 -199.23483415373286 29.409857210028107
-6.215236185431857e-09 -199.4842823509282 34.468489712508266
-6.207454513226405e-09 -199.73435607955352 35.5136081486993
-6.199672837463328e-09 -199.98505769534944 39.85567112406305
-6.191891158147088e-09 -200.23638956590037 47.287764291914684
-6.1841094752821495e-09 -200.48835407070905 42.86005704365079
-6.176327788872977e-09 -200.74095360127154 40.698636386339835
-6.16854609892403e-09 -200.99419056115318 42.05380523520172
-6.16076440543977e-09 -201.24806736606436 36.962249056161816
-6.152982708424658e-09 -201.50258644393782 36.94802032955109
-6.145201007883153e-09 -201.7577502350057 37.095534121128196
-6.1374193038197136e-09 -202.01356119187759 35.1874931106702
-6.129637596238797e-09 -202.27002177961924 31.715355498029652
-6.12185588514486e-09 -202.52713447583164 26.28330581907242
-6.114074170542357e-09 -202.7849017707308 25.353310236855158
-6.106292452435745e-09 -203.04332616722814 26.152221464395943
-6.0985107308294765e-09 -203.30241018101148 25.908529076416446
-6.090729005728006e-09 -203.56215634062673 27.588342091393848
-6.082947277135783e-09 -203.8225671875602 24.913099500868057
-6.075165545057262e-09 -204.08364527632114 26.327823914758323
-6.067383809496891e-09 -204.3453931745258 38.484302231453924
-6.059602070459121e-09 -204.60781346298117 25.967171482308203
-6.051820327948401e-09 -204.87090873576997 30.58854704895558
-6.044038581969177e-09 -205.13468160033617 28.275732507991624
-6.036256832525897e-09 -205.39913467757094 32.83234019338349
-6.028475079623008e-09 -205.66427060189957 32.14082694347994
-6.020693323264953e-09 -205.93009202136912 32.25790313774526
-6.0129115634561786e-09 -206.19660159773613 40.73553326857363
-6.005129800201126e-09 -206.46380200655597 51.94387133832121
-5.997348033504239e-09 -206.73169593727198 69.88811771453373
-5.989566263369961e-09 -207.0002860933058 72.37204598455412
-5.981784489802729e-09 -207.2695751921485 76.91181334910989
-5.974002712806986e-09 -207.53956596545194 82.69966526468805
-5.9662209323871695e-09 -207.81026115912138 84.47270016947752
-5.958439148547719e-09 -208.08166353340832 79.56788078187004
-5.950657361293069e-09 -208.35377586300459 66.88336838279872
-5.94287557062766e-09 -208.62660093713654 69.56236910273368
-5.935093776555922e-09 -208.90014155966088 73.89327222497795
-5.927311979082295e-09 -209.17440054916003 71.14200222008652
-5.919530178211211e-09 -209.44938073903953 75.63409822117504
-5.911748373947101e-09 -209.7250849776254 82.75911501391644
-5.9039665662944e-09 -210.00151612826224 75.33151691847168
-5.896184755257537e-09 -210.2786770694128 73.9258415316358
-5.888402940840943e-09 -210.55657069475757 71.03284595630787
-5.880621123049048e-09 -210.83519991329553 70.3276496362434
-5.872839301886279e-09 -211.11456764944572 80.58855523003473
-5.865057477357065e-09 -211.3946768431495 85.84214112619874
-5.8572756494658325e-09 -211.6755304499737 93.96748796089616
-5.849493818217007e-09 -211.95713144121459 101.36284377755732
-5.841711983615014e-09 -212.23948280400256 100.57140747285604
-5.833930145664277e-09 -212.52258754140783 92.79070560515873
-5.826148304369221e-09 -212.80644867254685 91.51926471905313
-5.818366459734265e-09 -213.09106923268976 86.62672319361772
-5.810584611763834e-09 -213.37645227336836 77.38028325479497
-5.802802760462347e-09 -213.6626008624853 77.69984503313768
-5.795020905834225e-09 -213.94951808442397 72.0395374331735
-5.787239047883886e-09 -214.2372070401593 73.37213942108961
-5.779457186615747e-09 -214.52567084736958 70.68744725356868
-5.771675322034227e-09 -214.8149126405489 71.770559267182
-5.763893454143741e-09 -215.10493557112082 68.20072449914572
-5.756111582948706e-09 -215.39574280755266 62.69426166191303
-5.748329708453535e-09 -215.68733753547122 57.66821461295745
-5.740547830662643e-09 -215.97972295777856 62.0367214196153
-5.7327659495804405e-09 -216.2729022947699 70.01958033647487
-5.7249840652113434e-09 -216.56687878425114 68.12676711309524
-5.717202177559758e-09 -216.86165568165885 71.33053884893077
-5.709420286630099e-09 -217.15723626017956 72.38334168664572
-5.701638392426772e-09 -217.45362381087168 66.70784957320602
-5.6938564949541885e-09 -217.7508216427871 68.52477553702326
-5.6860745942167546e-09 -218.04883308309468 73.65230951864253
-5.678292690218877e-09 -218.34766147720416 64.41979270006614
-5.6705107829649626e-09 -218.64731018889154 69.63418261546516
-5.662728872459414e-09 -218.94778260042514 66.08028674251818
-5.654946958706638e-09 -219.24908211269286 69.38328764846506
-5.647165041711038e-09 -219.55121214533054 72.36055479772928
-5.639383121477013e-09 -219.85417613685144 69.57839066978065
-5.631601198008968e-09 -220.15797754477643 70.80715990823413
-5.623819271311303e-09 -220.4626198457656 74.24171471974206
-5.616037341388416e-09 -220.76810653575112 78.53025276951058
-5.608255408244708e-09 -221.07444113007054 78.1733516847856
-5.600473471884577e-09 -221.38162716360188 72.39119229325121
-5.592691532312416e-09 -221.68966819089977 73.17314328255897
-5.584909589532628e-09 -221.99856778633193 75.87992716256062
-5.5771276435496045e-09 -222.30832954421817 77.96487302965167
-5.56934569436774e-09 -222.61895707896932 83.34503421413415
-5.5615637419914296e-09 -222.93045402522782 81.04250479669588
-5.5537817864250666e-09 -223.2428240380097 89.0461208336778
-5.545999827673042e-09 -223.55607079284746 104.02812052193562
-5.538217865739745e-09 -223.87019798593414 119.57695596684854
-5.5304359006295685e-09 -224.18520933426865 134.11312365658068
-5.522653932346903e-09 -224.50110857580242 140.44161981922397
-5.514871960896134e-09 -224.8178994695876 141.60881265845458
-5.50708998628165e-09 -225.13558579592544 139.35362499311066
-5.4993080085078395e-09 -225.4541713565173 133.645565080054
-5.491526027579087e-09 -225.77365997461598 126.92923022073413
-5.483744043499777e-09 -226.0940554951787 115.74362607818011
-5.475962056274296e-09 -226.41536178502142 105.79758460097001
-5.468180065907025e-09 -226.7375827329742 108.3371345210538
-5.4603980724023465e-09 -227.06072225003842 113.53130511463844
-5.4526160757646455e-09 -227.38478426954453 113.90039880607914
-5.444834075998299e-09 -227.7097727473122 114.52940365961199
-5.4370520731076885e-09 -228.03569166181086 112.07104750537368
-5.429270067097192e-09 -228.36254501432214 120.71735448013118
-5.421488057971189e-09 -228.69033682910367 130.85407882771165
-5.413706045734057e-09 -229.01907115355417 137.89375964506172
-5.405924030390172e-09 -229.34875205838011 136.81709690531306
-5.398142011943909e-09 -229.67938363776364 155.32116677689595
-5.390359990399643e-09 -230.01097000953217 150.28727471891534
-5.3825779657617475e-09 -230.34351531532917 137.97952749531527
-5.374795938034598e-09 -230.6770237207866 139.4209324535659
-5.3670139072225636e-09 -231.01149941569915 131.1933890852348
-5.359231873330017e-09 -231.34694661419925 126.51568097580467
-5.3514498363613275e-09 -231.68336955493436 121.83630306506284
-5.343667796320867e-09 -232.02077250124526 121.57393844039352
-5.3358857532130025e-09 -232.3591597413464 123.5448413559579
-5.328103707042102e-09 -232.69853558850733 131.57236422853285
-5.320321657812532e-09 -233.03890438123614 130.87631586199294
-5.312539605528661e-09 -233.38027048346407 138.01688488618828
-5.304757550194852e-09 -233.72263828473237 134.1013885444224
-5.296975491815471e-09 -234.06601220038007 137.42772877741953
-5.28919343039488e-09 -234.41039667173422 133.43831423266644
-5.281411365937443e-09 -234.75579616630077 134.50193159584435
-5.273629298447521e-09 -235.1022151779583 134.53613884066357
-5.265847227929473e-09 -235.4496582271528 135.9810573571153
-5.2580651543876645e-09 -235.79812986109374 143.00911199983466
-5.250283077826451e-09 -236.14763465395333 159.37895533647486
-5.24250099825019e-09 -236.49817720706608 150.36672419257056
-5.234718915663243e-09 -236.84976214913067 166.04609133873456
-5.226936830069964e-09 -237.20239413641406 172.7824814677028
-5.219154741474709e-09 -237.55607785295675 179.85636436287479
-5.211372649881834e-09 -237.91081801078022 189.02969903962742
-5.203590555295691e-09 -238.26661935009625 182.0695736193783
-5.1958084577206375e-09 -238.62348663951786 187.19557257220018
-5.18802635716102e-09 -238.9814246762728 181.13746538111772
-5.180244253621196e-09 -239.34043828641782 183.09556792190256
-5.172462147105512e-09 -239.7005323250562 179.69111948164684
-5.16468003761832e-09 -240.06171167655617 179.22571166776896
-5.156897925163969e-09 -240.42398125477195 198.23330026455025
-5.1491158097468065e-09 -240.78734600326658 216.24422501929013
-5.1413336913711794e-09 -241.15181089553673 211.58278649277997
-5.1335515700414365e-09 -241.5173809352395 214.43702635857585
-5.12576944576192e-09 -241.88406115642175 215.63715105544532
-5.117987318536977e-09 -242.25185662375077 207.80982349537038
-5.110205188370951e-09 -242.62077243274757 197.25659911678792
-5.102423055268184e-09 -242.99081371002234 192.93620308366403
-5.0946409192330204e-09 -243.3619856135117 193.46209749090607
-5.086858780269799e-09 -243.73429333271858 203.88131665426587
-5.079076638382863e-09 -244.1077420889538 211.36166397982805
-5.071294493576549e-09 -244.48233713558042 229.3560474537037
-5.063512345855197e-09 -244.8580837582598 243.27376043733466
-5.055730195223147e-09 -245.2349872752003 252.10500199790565
-5.047948041684733e-09 -245.61305303740843 249.94725012400792
-5.040165885244294e-09 -245.9922864289416 248.05837070794752
-5.032383725906162e-09 -246.37269286716423 241.3991057649912
-5.024601563674675e-09 -246.75427780300507 224.9675762304343
-5.016819398554165e-09 -247.13704672121818 206.491893842317
-5.009037230548964e-09 -247.5210051406454 198.92668547453704
-5.001255059663407e-09 -247.90615861448146 205.04677596588405
-4.993472885901821e-09 -248.29251273054203 210.61384789737653
-4.98569070926854e-09 -248.6800731115336 220.26622178819446
-4.977908529767892e-09 -249.0688454153265 234.9719836791777
-4.9701263474042044e-09 -249.45883533523016 220.62787457286154
-4.9623441621818075e-09 -249.85004860027072 210.14541308421516
-4.954561974105026e-09 -250.24249097547212 198.28090725584215
-4.946779783178185e-09 -250.63616826213885 189.83026672040344
-4.9389975894056135e-09 -251.0310862981417 185.7670622864308
-4.931215392791634e-09 -251.42725095820677 183.9132633377425
-4.923433193340569e-09 -251.8246681542066 188.13986717372134
-4.915650991056742e-09 -252.2233438354539 195.19167235036375
-4.907868785944473e-09 -252.62328398899902 196.90350546323853
-4.900086578008087e-09 -253.02449463992883 204.71437096974208
-4.892304367251902e-09 -253.42698185167018 209.84603295166445
-4.884522153680234e-09 -253.8307517262948 221.60468422756836
-4.876739937297408e-09 -254.23581040482756 237.98400469852294
-4.868957718107736e-09 -254.64216406755833 258.6397982804233
-4.861175496115537e-09 -255.0498189343557 301.7413039434524
-4.853393271325127e-09 -255.45878126498476 357.38728195271165
-4.8456110437408195e-09 -255.86905735942736 416.6999782986111
-4.837828813366931e-09 -256.2806535582054 452.2529262428351
-4.830046580207773e-09 -256.6935762427079 478.90991684578927
-4.82226434426766e-09 -257.1078318355202 488.39529596560845
-4.814482105550901e-09 -257.5234268007575 492.4625685488316
-4.806699864061808e-09 -257.94036764440085 464.61035672949737
-4.7989176198046914e-09 -258.3586609146364 402.01193920855377
-4.79113537278386e-09 -258.7783132021986 343.00673087522046
-4.783353123003623e-09 -259.1993311407161 307.1990895750661
-4.775570870468286e-09 -259.6217214070613 284.6636293333884
-4.767788615182157e-09 -260.04549072170335 272.0843185074956
-4.760006357149541e-09 -260.4706458490646 257.83363904734347
-4.752224096374743e-09 -260.8971935978806 246.5046279072972
-4.744441832862069e-09 -261.32514082156297 242.3083896536045
-4.736659566615818e-09 -261.7544944185675 245.83946569802688
-4.7288772976402955e-09 -262.18526133276373 243.41297398589066
-4.721095025939803e-09 -262.61744855381 240.67319516782408
-4.713312751518639e-09 -263.0510631175312 251.30772655561066
-4.705530474381107e-09 -263.4861121063006 254.42882891727294
-4.697748194531502e-09 -263.9226026494257 241.67637803819446
-4.689965911974125e-09 -264.36054192353686 241.9651813271605
-4.682183626713273e-09 -264.79993715298167 238.55954964451058
-4.67440133875324e-09 -265.2407956102216 239.91997698963846
-4.666619048098325e-09 -265.6831246162331 247.54775252838405
-4.658836754752821e-09 -266.12693154091323 243.66237633652997
-4.651054458721021e-09 -266.5722238034888 242.73384882743608
-4.643272160007221e-09 -267.0190088729295 248.88042190255732
-4.63548985861571e-09 -267.467294268366 260.6814658082562
-4.627707554550783e-09 -267.91708755951134 276.16456542107585
-4.6199252478167274e-09 -268.3683963670875 280.5336440421076
-4.612142938417835e-09 -268.82122836325493 280.9889839616402
-4.604360626358394e-09 -269.27559127204813 278.05321748925263
-4.596578311642691e-09 -269.7314928698145 281.26423077188053
-4.588795994275016e-09 -270.1889409856576 275.63677730930334
-4.581013674259654e-09 -270.64794350188606 271.4087077684083
-4.573231351600889e-09 -271.10850835446576 265.2491043871252
-4.56544902630301e-09 -271.570643533477 272.2195818865741
-4.557666698370297e-09 -272.03435708357733 282.85361207561726
-4.549884367807034e-09 -272.4996571044677 291.6414052166005
-4.542102034617503e-09 -272.96655175136397 308.69912229938274
-4.534319698805987e-09 -273.43504923547397 317.5973651758157
-4.526537360376765e-09 -273.9051578244781 338.69789255401236
-4.518755019334118e-09 -274.37688584301634 342.2919784088404
-4.510972675682322e-09 -274.85024167317926 349.8135333994709
-4.503190329425659e-09 -275.32523375500426 350.9551590746252
-4.495407980568404e-09 -275.8018705869778 354.92607921351413
-4.487625629114833e-09 -276.28016072654185 362.61095782352294
-4.479843275069222e-09 -276.7601127906057 378.3117042824074
-4.4720609184358465e-09 -277.2417354560642 383.85850694444446
-4.464278559218979e-09 -277.72503746032004 391.011684303351
-4.456496197422894e-09 -278.2100276018122 362.3555669229497
-4.448713833051861e-09 -278.69671474055025 329.9478391617063
-4.440931466110155e-09 -279.1851077986531 294.06981302358906
-4.433149096602043e-09 -279.67521576089524 270.9010261656746
-4.425366724531798e-09 -280.1670476752566 245.08086092509922
-4.4175843499036865e-09 -280.66061265348014 235.54083994708995
-4.409801972721977e-09 -281.1559198716341 224.78304036458334
-4.402019592990938e-09 -281.65297857068094 213.25657930996474
-4.394237210714833e-09 -282.1517980570519 197.91361555472884
-4.38645482589793e-09 -282.65238770322736 193.98091741760362
-4.378672438544494e-09 -283.1547569483247 169.73385141093473
-4.370890048658787e-09 -283.65891529869106 136.25295380015433
-4.3631076562450725e-09 -284.16487232850284 97.86631729152889
-4.355325261307613e-09 -284.6726376803722 71.20230043333885
-4.34754286385067e-09 -285.182221065959 56.320978396784064
-4.339760463878503e-09 -285.6936322665907 49.68954634624394
-4.331978061395373e-09 -286.2068811338876 48.32552922970403
-4.3241956564055385e-09 -286.7219775903955 46.331078584862766
-4.316413248913257e-09 -287.23893163022547 52.077696139219576
-4.308630838922787e-09 -287.75775331969976 57.419853842868164
-4.300848426438383e-09 -288.2784527980057 48.924861739762456
-4.293066011464301e-09 -288.8010402778556 46.259722781980265
-4.285283594004796e-09 -289.3255260461548 49.328070315944665
-4.277501174064123e-09 -289.8519204646765 46.59680627893518
-4.269718751646534e-09 -290.3802339707442 47.728603463955025
-4.261936326756279e-09 -290.9104770779217 46.252809554811506
-4.254153899397615e-09 -291.44266037670974 46.93330332169037
-4.246371469574786e-09 -291.9767945352522 43.74365535783179
-4.238589037292046e-09 -292.512890300048 46.157110305059526
-4.2308066025536426e-09 -293.05095849667225 43.57562309682264
-4.223024165363824e-09 -293.5910100305048 41.79825889412478
-4.215241725726837e-09 -294.133055887467 54.00791110353285
-4.207459283646929e-09 -294.6771071347666 44.05600325434717
-4.1996768391283445e-09 -295.2231749216512 43.6399118467193
-4.1918943921753295e-09 -295.77127048016933 52.14359387056327
-4.1841119427921265e-09 -296.3214051259411 49.44521691054894
-4.176329490982979e-09 -296.87359025893664 39.41425637004657
-4.168547036752129e-09 -297.42783736426344 44.30122066006669
-4.1607645801038175e-09 -297.9841580129627 48.769469461323304
-4.152982121042289e-09 -298.5425638628145 52.16643329061949
-4.1451996595717775e-09 -299.10306665915266 49.23936675002756
-4.137417195696525e-09 -299.66567823568727 47.81404364045966
-4.1296347294207685e-09 -300.23041051533806 52.20399929901069
-4.1218522607487485e-09 -300.7972755110764 49.05690263482418
-4.114069789684697e-09 -301.36628532677764 50.108038039434526
-4.106287316232854e-09 -301.93745215808156 58.67164722153329
-4.098504840397449e-09 -302.51078829326497 52.395764224743715
-4.09072236218272e-09 -303.08630611412156 52.789432155602405
-4.0829398815929e-09 -303.66401809685425 52.348856069844025
-4.075157398632221e-09 -304.2439368129763 51.27785549802965
-4.067374913304913e-09 -304.82607493022346 56.46502782428075
-4.059592425615207e-09 -305.4104452134757 62.365022097525355
-4.051809935567335e-09 -305.9970605256911 62.68679298252866
-4.044027443165523e-09 -306.58593382884897 62.23258657304068
-4.036244948414002e-09 -307.17707818490464 62.89057677469136
-4.028462451316998e-09 -307.7705067567556 59.785348074776785
-4.020679951878738e-09 -308.366232809218 65.73032235174162
-4.012897450103447e-09 -308.9642697100154 63.943862296075835
-4.00511494599535e-09 -309.5646309307782 66.11451508590994
-3.997332439558673e-09 -310.16733004805565 68.2222949907683
-3.989549930797636e-09 -310.77238074433905 74.71861781098434
-3.9817674197164645e-09 -311.37979680909683 69.88120857790454
-3.973984906319379e-09 -311.9895921398226 81.2597720837467
-3.9662023906106e-09 -312.6017807430951 80.67935035342262
-3.958419872594349e-09 -313.2163767356498 76.60715340642912
-3.950637352274841e-09 -313.8333943454651 77.14488927985836
-3.9428548296562995e-09 -314.4528479128591 78.53775718729332
-3.935072304742939e-09 -315.07475189160164 77.98898676043045
-3.927289777538975e-09 -315.6991208500377 77.32032778570051
-3.919507248048628e-09 -316.32596947222487 81.3537360835538
-3.911724716276109e-09 -316.95531255908554 86.01538301229057
-3.903942182225636e-09 -317.58716502957043 85.8389141210593
-3.896159645901416e-09 -318.2215419218389 88.48639766417273
-3.8883771073076685e-09 -318.8584583944501 89.5652156876929
-3.880594566448601e-09 -319.49792972757234 90.82076848751653
-3.872812023328428e-09 -320.13997132420377 83.69905921895668
-3.865029477951355e-09 -320.7845987114096 82.78978329613095
-3.857246930321595e-09 -321.4318275415734 90.09975232859347
-3.8494643804433545e-09 -322.0816735936645 85.47467525421627
-3.841681828320844e-09 -322.7341527745195 87.60815278983411
-3.8338992739582665e-09 -323.389281120141 92.8290877838404
-3.826116717359831e-09 -324.04707479701074 103.62343224688603
-3.8183341585297405e-09 -324.70755010341963 119.99219998691028
-3.810551597472201e-09 -325.3707234708136 120.0095417217813
-3.802769034191416e-09 -326.03661146515634 125.75383606495261
-3.794986468691588e-09 -326.7052307883088 120.3591876963459
-3.7872039009769176e-09 -327.3765982794257 120.17915185460758
-3.779421331051608e-09 -328.05073091636854 117.04082143201609
-3.771638758919859e-09 -328.7276458171372 115.78923946965939
-3.7638561845858684e-09 -329.4073602413192 112.12528978243496
-3.756073608053839e-09 -330.08989159155544 94.67214842027667
-3.748291029327963e-09 -330.7752574150272 102.96916594328704
-3.740508448412442e-09 -331.4634754049578 98.23251358920304
-3.732725865311471e-09 -332.15456340213666 92.33152746775794
-3.724943280029243e-09 -332.8485393964605 95.42265134135252
-3.7171606925699567e-09 -333.5454215284939 107.43201566289132
-3.7093781029378023e-09 -334.2452280910506 100.16722427179783
-3.701595511136976e-09 -334.9479775307936 115.30627721285273
-3.6938129171716675e-09 -335.6536884498565 103.06761532738095
-3.6860303210460684e-09 -336.3623796074842 104.95343458925815
-3.67824772276437e-09 -337.07406992169547 105.08354604139109
-3.6704651223307628e-09 -337.78877847096635 103.59283242738647
-3.6626825197494326e-09 -338.506524495935 108.49226586612654
-3.654899915024571e-09 -339.2273274011278 114.77973219452711
-3.6471173081603626e-09 -339.9512067567087 119.39971030368166
-3.6393346991609973e-09 -340.67818230024966 126.85259030189043
-3.6315520880306558e-09 -341.4082739385255 134.4326878031305
-3.6237694747735275e-09 -342.1415017493297 142.09920247395834
-3.6159868593937938e-09 -342.87788598331605 150.2912601962081
-3.608204241895639e-09 -343.6174470658623 157.32270137511023
-3.6004216222832444e-09 -344.36020559895866 166.67473579420195
-3.5926390005607923e-09 -345.1061823631212 169.93549520502646
-3.584856376732464e-09 -345.8553983193294 167.5724998622134
-3.5770737508024387e-09 -346.6078746109897 167.91197331073633
-3.5692911227748963e-09 -347.36363256592426 172.39201147762347
-3.5615084926540133e-09 -348.12269369838623 170.60953689925043
-3.5537258604439702e-09 -348.8850797111007 172.7592041446208
-3.545943226148941e-09 -349.65081249733385 169.79085975391314
-3.538160589773103e-09 -350.4199141429879 163.43874352402997
-3.530377951320631e-09 -351.19240692872523 167.89180092248125
-3.5225953107956987e-09 -351.96831333211924 164.7069373828814
-3.5148126682024798e-09 -352.74765602983484 163.4990966366292
-3.5070300235451473e-09 -353.53045789983764 155.98328648589066
-3.4992473768278734e-09 -354.3167420236325 158.35975864955358
-3.491464728054829e-09 -355.10653168853213 156.54657273065476
-3.483682077230183e-09 -355.8998503899563 146.8839535452491
-3.4758994243581064e-09 -356.6967218337613 147.3571669697972
-3.4681167694427666e-09 -357.49716993860153 159.98832258597884
-3.460334112488332e-09 -358.30121883832254 169.39357018849208
-3.4525514534989704e-09 -359.1088928843864 166.9643253279321
-3.4447687924788465e-09 -359.92021664833055 161.7489571277006
-3.436986129432127e-09 -360.73521492425874 152.23787736304013
-3.4292034643629743e-09 -361.55391273136763 161.44318455825618
-3.4214207972755543e-09 -362.37633531650624 160.12947289737653
-3.4136381281740298e-09 -363.20250815677156 170.3535655726411
-3.4058554570625614e-09 -364.03245696213935 197.49496131641314
-3.3980727839453124e-09 -364.86620767813076 235.82777278301367
-3.3902901088264406e-09 -365.70378648851664 276.127788456239
-3.3825074317101104e-09 -366.54521981805715 285.1840424176036
-3.3747247526004755e-09 -367.390534335283 298.64377084022266
-3.366942071501696e-09 -368.23975695531055 303.554927765377
-3.359159388417931e-09 -369.09291484269966 299.5016121031746
-3.3513767033533346e-09 -369.9500354143502 268.46721454061947
-3.3435940163120638e-09 -370.8111463424385 222.5197112337412
-3.335811327298273e-09 -371.67627555739557 185.94129774305554
-3.3280286363161138e-09 -372.54545125092716 167.46191922949737
-3.320245943369745e-09 -373.41870187907483 168.9062095251874
-3.3124632484633145e-09 -374.2960561653234 175.31696600804673
-3.3046805516009758e-09 -375.17754310374846 180.05672243579144
-3.2968978527868784e-09 -376.06319196221136 180.31444365217152
-3.289115152025175e-09 -376.95303228559766 182.26976118138228
-3.2813324493200123e-09 -377.84709389910364 187.63284694664904
-3.2735497446755406e-09 -378.74540691156716 194.8567828896605
-3.2657670380959047e-09 -379.648001718849 189.00410001240078
-3.2579843295852533e-09 -380.5549090072598 187.67837594383818
-3.2502016191477326e-09 -381.46615975703855 194.32842985284393
-3.2424189067874885e-09 -382.38178524588 190.75897679673722
-3.2346361925086627e-09 -383.3018170525135 200.17592162009478
-3.2268534763154034e-09 -384.2262870603326 210.5614872685185
-3.2190707582118475e-09 -385.1552274610797 204.30112141065916
-3.211288038202143e-09 -386.0886707585803 198.2453247285604
-3.2035053162904247e-09 -387.0266497725369 198.15800075093694
-3.195722592480838e-09 -387.9691976423729 187.480628926918
-3.187939866777522e-09 -388.9163478311367 176.66023031029542
-3.1801571391846137e-09 -389.8681341294624 173.46213624338625
-3.1723744097062515e-09 -390.82459065958693 171.14307760141094
-3.1645916783465724e-09 -391.78575187942846 159.63760402888008
-3.1568089451097153e-09 -392.7516525867243 155.05005442570547
-3.1490262099998123e-09 -393.7223279232307 156.49560805224868
-3.141243473021001e-09 -394.69781337898394 162.4886050485009
-3.133460734177413e-09 -395.67814479662667 177.12138568535053
-3.1256779934731823e-09 -396.6633583757968 214.1446345899471
-3.117895250912443e-09 -397.65349067758393 239.0567878844246
-3.110112506499324e-09 -398.6485786290522 269.6591297398589
-3.1023297602379577e-09 -399.6486595278301 296.0007621321098
-3.094547012132474e-09 -400.6537710467713 337.3823922508818
-3.0867642621870003e-09 -401.6639512386849 393.7021019345238
-3.0789815104056688e-09 -402.67923854113695 413.40353560405646
-3.0711987567926024e-09 -403.6996717813274 417.7788249559083
-3.0634160013519325e-09 -404.72529018103745 427.3814449680335
-3.0556332440877807e-09 -405.7561333616571 439.3016475832231
-3.047850485004276e-09 -406.79224134928484 423.66205081569666
-3.040067724105541e-09 -407.8336545799107 395.729988219246
-3.0322849613956985e-09 -408.8804139046749 359.3921544312169
-3.024502196878872e-09 -409.93256059521013 339.70094624944886
-3.016719430559184e-09 -410.99013634906555 316.22415726273147
-3.0089366624407554e-09 -412.05318329521543 301.6317670442019
-3.001153892527708e-09 -413.1217439996532 318.19837308476633
-2.9933711208241585e-09 -414.1958614710732 334.5627617945326
-2.985588347334227e-09 -415.27557916664057 412.5220458553792
-2.9778055720620322e-09 -416.3609409978519 507.47005036100086
-2.9700227950116916e-09 -417.4519913364886 518.6221357611331
-2.9622400161873194e-09 -418.548775020664 551.9032255842152
-2.9544572355930347e-09 -419.65133736096425 644.3960331238977
-2.9466744532329472e-09 -420.7597241466903 695.1386822089947
-2.938891669111177e-09 -421.873981652194 691.2835889274692
-2.931108883231832e-09 -422.9941566433207 637.0147328317901
-2.923326095599029e-09 -424.1202963839496 637.5353939318783
-2.9155433062168755e-09 -425.25244864264334 721.5776806382275
-2.9077605150894867e-09 -426.39066169939997 730.8840663580247
-2.899977722220968e-09 -427.53498435251873 689.3064649470899
-2.8921949276154335e-09 -428.6854659255707 704.6471181933422
-2.8844121312769867e-09 -429.842156274489 720.9539448302469
-2.8766293332097395e-09 -431.0051057947672 711.2952112268518
-2.8688465334177963e-09 -432.174365428781 642.1485167272928
-2.861063731905266e-09 -433.349986673225 580.2581156305115
-2.8532809286762485e-09 -434.53202158667455 561.3619292190256
-2.8454981237348537e-09 -435.72052279726756 557.9791459986773
-2.8377153170851808e-09 -436.91554351051826 556.8438877865962
-2.8299325087313376e-09 -438.11713751725375 523.4878782242064
-2.822149698677423e-09 -439.32535920168795 512.4835620590829
-2.8143668869275386e-09 -440.54026354962457 516.9394359016754
-2.806584073485785e-09 -441.7619061567991 500.3774078207672
-2.7988012583562636e-09 -442.9903432373593 485.7412023258377
-2.791018441543071e-09 -444.2256316324885 478.91526813271605
-2.7832356230503074e-09 -445.4678288191715 469.52269861937833
-2.775452802882068e-09 -446.71699291911057 480.10329516644623
-2.767669981042452e-09 -447.9731827077894 497.81947544642856
-2.7598871575355517e-09 -449.236457623693 562.1446518132716
-2.752104332365464e-09 -450.506877777681 681.7872506062611
-2.7443215055362846e-09 -451.7845039625229 760.5688002921075
-2.736538677052105e-09 -453.069397662596 788.109481784612
-2.7287558469170167e-09 -454.3616210637473 847.7425629684744
-2.7209730151351157e-09 -455.6612370633258 889.5630959270283
-2.713190181710489e-09 -456.9683092803893 887.3036885471781
-2.705407346647228e-09 -458.28290206608347 863.2760830026455
-2.6976245099494217e-09 -459.60508051420413 813.710617146164
-2.6898416716211616e-09 -460.9349104719403 797.1585648148148
-2.6820588316665312e-09 -462.27245855080776 845.3455136684304
-2.6742759900896214e-09 -463.6177921377682 860.2971677965168
-2.6664931468945155e-09 -464.9709794065492 885.4342620149912
-2.6587103020853003e-09 -466.3320893291578 903.9527770888448
-2.6509274556660607e-09 -467.70119168760016 941.1360470403439
-2.643144607640882e-09 -469.07835708580683 922.0523451278659
-2.635361758013844e-09 -470.4636569617708 880.6182346781305
-2.6275789067890317e-09 -471.8571635998984 868.7937816909171
-2.619796053970526e-09 -473.25895014358366 884.2032111166226
-2.6120131995624063e-09 -474.66909060800555 971.0169236386685
-2.6042303435687538e-09 -476.08765989315475 1119.8529885912699
-2.5964474859936502e-09 -477.514733797095 1237.2373718584656
-2.588664626841168e-09 -478.95038902946584 1321.2379023368608
-2.5808817661153904e-09 -480.3947032252238 1400.8239638447972
-2.57309890382039e-09 -481.84775495864073 1477.2280299272486
-2.565316039960247e-09 -483.30962375754973 1532.9495218805114
-2.5575331745390335e-09 -484.78039011785717 1486.3173156415344
-2.5497503075608253e-09 -486.26013551831585 1433.88174465388
-2.541967439029695e-09 -487.7489424355725 1322.083664021164
-2.5341845689497167e-09 -489.246894359491 1307.7593660438713
-2.5264016973249624e-09 -490.7540758087599 1301.1741278108466
-2.5186188241595028e-09 -492.2705723467887 1232.5529341655645
-2.510835949457408e-09 -493.79647059789966 1089.521622161596
-2.5030530732227513e-09 -495.3318582638214 914.7270481977513
-2.4952701954595956e-09 -496.8768241404943 824.4749745094797
-2.4874873161720146e-09 -498.4314581351847 796.3021281139771
-2.4797044353640716e-09 -499.99585128392937 807.392471340388
-2.4719215530398374e-09 -501.57009576930255 830.588920579806
-2.4641386692033728e-09 -503.15428493852613 850.4041280864197
-2.456355783858747e-09 -504.7485133219169 852.3709456294092
-2.448572897010023e-09 -506.35287665169284 868.9518883652999
-2.440790008661264e-09 -507.9674718811344 908.0637228560406
-2.4330071188165333e-09 -509.59239720411506 948.4123194995591
-2.4252242274798913e-09 -511.2277520750087 984.8809041556437
-2.417441334655401e-09 -512.8736372289796 1035.2468446869489
-2.409658440347122e-09 -514.530154702668 1155.6693948412699
-2.4018755445591126e-09 -516.1974078552764 1341.1706073633156
-2.394092647295434e-09 -517.8755013900665 1552.168781690917
-2.3863097485601426e-09 -519.5645413762791 1737.0754863866844
-2.3785268483572945e-09 -521.2646352714827 1903.3818411044974
-2.3707439466909513e-09 -522.9758919443608 2041.5366098985892
-2.362961043565163e-09 -524.6984216979553 2128.2959656084654
-2.3551781389839853e-09 -526.432336293363 2265.519607032628
-2.3473952329514743e-09 -528.1777489739089 2268.387352568342
-2.3396123254716843e-09 -529.9347744898004 2194.1228918650795
-2.331829416548664e-09 -531.7035291232761 2131.2920249118165
-2.3240465061864687e-09 -533.484130714257 2092.8027791556437
-2.3162635943891457e-09 -535.2766986865199 2092.1261987433863
-2.3084806811607503e-09 -537.0813540743936 2140.4511133156966
-2.300697766505325e-09 -538.8982195500057 1947.7699308311287
-2.2929148504269265e-09 -540.7274194510727 1749.855785659171
-2.2851319329295954e-09 -542.5690798092724 1633.4657806988537
-2.277349014017383e-09 -544.423328379183 1533.1970141644622
-2.2695660936943352e-09 -546.29029466783 1392.6477037863756
-2.2617831719644968e-09 -548.1701099648362 1144.109195877425
-2.2540002488319117e-09 -550.0629073731985 959.9642202656526
-2.246217324300625e-09 -551.9688218407039 881.591865768298
-2.238434398374679e-09 -553.8879901920021 953.2564794146825
-2.230651471058118e-09 -555.8205511613478 1053.6773933531747
-2.222868542354982e-09 -557.7666454260332 1146.0429721946648
-2.2150856122693122e-09 -559.7264156405225 1192.3925815696648
-2.2073026808051466e-09 -561.7000064713117 1192.8602223875662
-2.1995197479665285e-09 -563.6875646325235 1230.5727685460758
-2.1917368137574938e-09 -565.6892389222685 1232.53231784612
-2.183953878182082e-09 -567.7051802597754 1173.503303433642
-2.1761709412443274e-09 -569.7355417233248 1092.0575362378747
-2.1683880029482677e-09 -571.7804785889945 1004.8305018187831
-2.1606050632979385e-09 -573.8401483702463 993.259872409612
-2.1528221222973746e-09 -575.9147108583697 959.9594907407408
-2.145039179950608e-09 -578.0043281638068 948.1161368772046
-2.137256236261675e-09 -580.1091647583778 925.425319664903
-2.1294732912346048e-09 -582.2293875184371 923.7017333553791
-2.1216903448734316e-09 -584.365165768974 923.607990244709
-2.113907397182183e-09 -586.5166713286926 903.5007578262787
-2.106124448164892e-09 -588.684078556086 825.5503334435626
-2.098341497825585e-09 -590.8675643965416 720.3429818397266
-2.0905585461682937e-09 -593.067308430493 652.2572320739638
-2.0827755931970424e-09 -595.283492922657 625.9670466132054
-2.0749926389158618e-09 -597.5163028723729 625.206462880291
-2.0672096833287726e-09 -599.765926065086 619.2214988425926
-2.059426726439806e-09 -602.0325531249889 610.2669115823413
-2.0516437682529807e-09 -604.3163775688733 596.1850628995811
-2.043860808772326e-09 -606.6175958611991 565.8078410907187
-2.0360778480018617e-09 -608.9364074704381 553.5137683256173
-2.0282948859456105e-09 -611.2730149267069 546.2015042851632
-2.0205119226075938e-09 -613.6276238807355 525.4871651785714
-2.012728957991834e-09 -616.000443164203 507.0520196070326
-2.0049459921023493e-09 -618.3916848514802 506.58987130731924
-1.997163024943158e-09 -620.8015643228133 496.4947916666667
-1.9893800565182796e-09 -623.2303003289919 485.970649732694
-1.9815970868317327e-09 -625.6781150575417 493.71500048225306
-1.9738141158875314e-09 -628.1452342004839 488.36359988150355
-1.966031143689696e-09 -630.6318870236992 481.12849289021165
-1.9582481702422364e-09 -633.1383064379553 507.6119739996693
-1.9504651955491726e-09 -635.6647290716227 484.3777557319224
-1.942682219614512e-09 -638.2113953451518 478.1288597470238
-1.9348992424422734e-09 -640.7785495473335 489.5558569637346
-1.9271162640364666e-09 -643.3664399134213 493.41880235890653
-1.919333284401103e-09 -645.9753187051446 509.4906546241182
-1.9115503035401926e-09 -648.6054422926806 528.9677786044973
-1.9037673214577474e-09 -651.2570712386355 554.1068552276234
-1.895984338157775e-09 -653.9304703840968 567.601245590829
-1.8882013536442825e-09 -656.6259089368112 585.9623670359348
-1.8804183679212794e-09 -659.3436605615514 615.2665395585317
-1.8726353809927726e-09 -662.0840034727398 622.8267230213845
-1.8648523928627657e-09 -664.8472205293914 645.7340133101852
-1.857069403535267e-09 -667.6335993324382 636.866371114418
-1.8492864130142797e-09 -670.4434323245205 623.270187458664
-1.8415034213038077e-09 -673.2770168923013 636.9858975418871
-1.8337204284078527e-09 -676.1346554713907 629.1935522762345
-1.8259374343304189e-09 -679.0166556539497 595.3642560901676
-1.8181544390755046e-09 -681.9233302990638 553.3940610532408
-1.8103714426471145e-09 -684.8549976459553 548.157974054784
-1.8025884450492455e-09 -687.8119814301388 522.0089027364418
-1.7948054462858992e-09 -690.7946110025881 514.1724278687169
-1.7870224463610702e-09 -693.803221452028 494.71502976190476
-1.7792394452787587e-09 -696.8381537304242 480.65363033234127
-1.7714564430429614e-09 -699.8997547817921 479.8155674740961
-1.7636734396576754e-09 -702.9883776744092 477.8977382330247
-1.7558904351268924e-09 -706.104381736549 483.1450203924162
-1.7481074294546105e-09 -709.2481326958326 472.017471340388
-1.7403244226448206e-09 -712.4200028223308 478.5376656883818
-1.7325414147015178e-09 -715.620371075513 482.70842978395063
-1.7247584056286943e-09 -718.8496232551815 496.6250809496252
-1.71697539543034e-09 -722.1081521565092 490.3986286789021
-1.7091923841104472e-09 -725.3963577293101 495.11588369433423
-1.7014093716730027e-09 -728.7146472416881 484.9286162092152
-1.693626358121999e-09 -732.0634354481884 496.13478112599205
-1.685843343461425e-09 -735.4431447626166 499.7965064208554
-1.6780603276952628e-09 -738.8542054356647 483.88617621527777
-1.6702773108275067e-09 -742.2970557374922 464.888317074515
-1.6624942928621357e-09 -745.7721421454586 465.05375916280866
-1.6547112738031416e-09 -749.2799195371267 449.1714237488977
-1.6469282536545045e-09 -752.820851388764 435.66709380511463
-1.6391452324202096e-09 -756.39540997948 426.86646067570547
-1.631362210104241e-09 -760.0040766012171 406.10635402888005
-1.6235791867105788e-09 -763.647341774781 406.693500606261
-1.6157961622432038e-09 -767.32570547211 406.3500210124559
-1.6080131367061017e-09 -771.0396773450002 406.35603884204147
-1.600230110103246e-09 -774.789776960515 410.1043922922178
-1.5924470824386207e-09 -778.5765340432798 389.1745635609568
-1.5846640537162043e-09 -782.4004887249347 382.02130180776015
-1.5768810239399703e-09 -786.2621918009671 379.99301594190916
-1.5690979931138968e-09 -790.1622049951837 377.55350770227074
-1.5613149612419631e-09 -794.1011012320987 360.9734312996032
-1.5535319283281435e-09 -798.0794649175114 354.6369633212081
-1.54574889437641e-09 -802.0978922275566 342.1670145778219
-1.53796585939074e-09 -806.156991406528 340.3850782283399
-1.530182823375103e-09 -810.2573830738031 349.37008101851853
-1.522399786333475e-09 -814.3997005401658 348.1893497850529
-1.5146167482698255e-09 -818.5845901338993 332.59146963183423
-1.5068337091881243e-09 -822.8127115369724 340.564773478836
-1.4990506690923432e-09 -827.0847381317027 333.36093198853615
-1.4912676279864535e-09 -831.4013573582762 334.92652443645284
-1.4834845858744178e-09 -835.7632710835267 318.3441986676036
-1.4757015427602078e-09 -840.1711959813684 316.5500018945657
-1.4679184986477896e-09 -844.6258639253516 322.542179060571
-1.4601354535411315e-09 -849.1280223937583 321.09097704475306
-1.4523524074441968e-09 -853.6784348877339 302.8614865795855
-1.4445693603609522e-09 -858.2778813629254 295.8670876047178
-1.436786312295358e-09 -862.92715867516 296.29056781856264
-1.4290032632513806e-09 -867.6270810406749 288.25221147486775
-1.4212202132329807e-09 -872.3784805114835 275.70298635223764
-1.4134371622441222e-09 -877.1822074664361 285.0310786279211
-1.4056541102887625e-09 -882.039131118604 280.3771675553902
-1.3978710573708674e-09 -886.9501400395999 282.56593002507714
-1.3900880034943894e-09 -891.9161427015355 289.03983152143957
-1.382304948663293e-09 -896.9380680372574 291.2010547563933
-1.3745218928815321e-09 -902.0168660196483 300.69773496059304
-1.366738836153066e-09 -907.153508260696 313.46446053102954
-1.3589557784818496e-09 -912.348988631166 333.81452460179673
-1.3511727198718409e-09 -917.6043239016798 401.80088975694446
-1.3433896603269928e-09 -922.920554406088 462.56014729387124
-1.335606599851259e-09 -928.2987447280289 524.4464750744048
-1.3278235384485935e-09 -933.739984411637 648.4923252865962
-1.3200404761229505e-09 -939.2453886973946 892.2856591710758
-1.3122574128782792e-09 -944.8160992841716 1286.5224867724867
-1.304474348718534e-09 -950.4532851185369 1571.8411665013227
-1.2966912836476606e-09 -956.1581432125108 2037.6669560185185
-1.2889082176696149e-09 -961.9318994909244 3038.221863977072
-1.2811251507883391e-09 -967.7758096696946 3951.086709104938
-1.273342083007785e-09 -973.6911601662773 4129.03727127425
-1.2655590143318986e-09 -979.679269043743 4371.9590084876545
-1.2577759447646284e-09 -985.7414869898867 5062.436879960317
-1.2499928743099163e-09 -991.8791983329297 4972.7974537037035
-1.2422098029717114e-09 -998.0938220953881 4536.161292989418
-1.2344267307539532e-09 -1004.3868130878321 3562.684744268078
-1.2266436576605932e-09 -1010.7596630442556 2923.7207203483244
-1.2188605836955656e-09 -1017.2139018009867 2655.3144359016756
-1.21107750886282e-09 -1023.7510985210052 2359.528632054674
-1.2032944331662885e-09 -1030.37286296583 1977.2519703483244
-1.1955113566099214e-09 -1037.0808468170305 1984.8167369378307
-1.1877282791976517e-09 -1043.8767450497576 2696.337508267196
-1.1799452009334206e-09 -1050.762297360582 3939.4476410934744
-1.1721621218211681e-09 -1057.739289652248 5815.357831790124
-1.1643790418648308e-09 -1064.8095555779712 8080.896081349207
-1.1565959610683415e-09 -1071.9749781480812 10723.251157407407
-1.1488128794356402e-09 -1079.2374914019701 13255.967206790123
-1.1410297969706618e-09 -1086.5990821484859 15536.080467372134
-1.1332467136773427e-09 -1094.061791778027 17224.83950617284
-1.1254636295596099e-09 -1101.627718149844 17182.743055555555
-1.1176805446214049e-09 -1109.2990175581606 15971.890046296296
-1.109897458866653e-09 -1117.0779067810743 14775.86794532628
-1.1021143722992894e-09 -1124.9666652162157 12952.295910493827
-1.0943312849232427e-09 -1132.9676371075857 11344.379657186948
-1.0865481967424459e-09 -1141.0832338680739 9399.46274250441
-1.0787651077608247e-09 -1149.3159365025388 8285.11609898589
-1.0709820179823095e-09 -1157.6682981365184 7821.26173941799
-1.0631989274108285e-09 -1166.1429466560303 7851.628031305115
-1.0554158360503089e-09 -1174.7425874641647 7716.450451940035
-1.0476327439046734e-09 -1183.4700063605596 6985.72230489418
-1.0398496509778534e-09 -1192.3280725501734 6069.042782738095
-1.0320665572737667e-09 -1201.3197417882354 5123.849895282187
-1.0242834627963424e-09 -1210.448059668529 4488.4282958553795
-1.0165003675495022e-09 -1219.716165062789 3776.183338844797
-1.008717271537169e-09 -1229.1272937192975 2971.0826926256614
-1.0009341747632624e-09 -1238.6847820293854 2177.3231646825398
-9.931510772317078e-10 -1248.3920709710233 1666.223613866843
-9.853679789464196e-10 -1258.252710239341 1387.9335283013668
-9.775848799113226e-10 -1268.2703625744102 1126.984695353836
-9.698017801303308e-10 -1278.4488082974783 856.6384755291006
-9.620186796073672e-10 -1288.7919500673484 709.7461988122795
-9.542355783463451e-10 -1299.3038178695815 653.3299265597443
-9.46452476351183e-10 -1309.988574251824 676.3348558752205
-9.386693736257964e-10 -1320.8505198196244 830.0980144951499
-9.308862701740968e-10 -1331.894099007944 1025.5914971891534
-9.231031660000045e-10 -1343.123906144623 1259.206356095679
-9.153200611074299e-10 -1354.5446918232417 1562.8889302248676
-9.075369555002857e-10 -1366.1613696038673 1711.2856109457673
-8.997538491824837e-10 -1377.9790230616015 1832.3554205246915
-8.919707421579327e-10 -1390.0029132041502 1853.5264068011463
-8.841876344305497e-10 -1402.2384862811382 1720.4656842482364
-8.764045260042406e-10 -1414.691382009585 1515.6274009314375
-8.686214168829132e-10 -1427.3674422415493 1376.1527812224426
-8.608383070704769e-10 -1440.2727201019975 1165.9784915123457
-8.530551965708392e-10 -1453.4134896269115 1022.6290991512345
-8.452720853879105e-10 -1466.7962559338614 966.2655974426808
-8.374889735255894e-10 -1480.4277659597283 970.1827980324074
-8.297058609877869e-10 -1494.315019802716 1073.3382385361551
-8.219227477784059e-10 -1508.465282708858 1119.0427758487654
-8.14139633901351e-10 -1522.886097746011 1066.2252914186508
-8.063565193605229e-10 -1537.5852992118735 956.9283854166666
-7.985734041598235e-10 -1552.5710268260539 931.9046999007936
-7.907902883031583e-10 -1567.8517407602344 884.983558614418
-7.830071717944286e-10 -1583.4362375647609 765.6540264688051
-7.752240546375288e-10 -1599.3336670546255 660.1611310901676
-7.674409368363611e-10 -1615.5535502229297 553.607509713955
-7.59657818394826e-10 -1632.105798255599 531.608844521605
-7.518746993168211e-10 -1649.0007327270844 531.3211547205688
-7.440915796062384e-10 -1666.2491070635408 464.267612571649
-7.363084592669792e-10 -1683.8621293672225 407.78798087522046
-7.285253383029391e-10 -1701.851486704004 379.9234690186839
-7.20742216718012e-10 -1720.2293709645128 378.8743480971671
-7.129590945160879e-10 -1739.0085064191821 358.8982265142747
-7.051759717010682e-10 -1758.202179098038 346.55113777281747
-6.973928482768397e-10 -1777.8242681379234 330.20762889936066
-6.896097242472968e-10 -1797.8892792523645 330.01414465525795
-6.818265996163283e-10 -1818.4123804939084 305.9880797371032
-6.740434743878257e-10 -1839.4094404940772 308.11280846974205
-6.662603485656816e-10 -1860.8970693836327 332.893688168265
-6.584772221537814e-10 -1882.892662614897 300.5003746073082
-6.506940951560116e-10 -1905.4144479290649 267.9885507950287
-6.429109675762658e-10 -1928.4815357350662 288.67578727816357
-6.35127839418426e-10 -1952.113973192693 292.2905531787368
-6.273447106863798e-10 -1976.332802321517 283.9757796999008
-6.195615813840117e-10 -2001.160122489786 271.8942143408289
-6.117784515152059e-10 -2026.6191576732542 301.570835227899
-6.039953210838467e-10 -2052.7343289142455 285.634285094246
-5.962121900938181e-10 -2079.5313324561457 300.65765283978175
-5.884290585489996e-10 -2107.0372240788147 290.69117373511904
-5.806459264532765e-10 -2135.280510216689 306.96363725611775
-5.728627938105279e-10 -2164.2912465047734 314.0188190655313
-5.650796606246303e-10 -2194.101144468538 299.96658158344354
-5.57296526899468e-10 -2224.7436871539167 293.11523179150134
-5.495133926389202e-10 -2256.2542545838955 293.6517512676367
-5.417302578468585e-10 -2288.6702600298263 291.50822499862215
-5.339471225271669e-10 -2322.0312982009036 340.0635618179563
-5.261639866837169e-10 -2356.3793065861755 326.67184399801585
-5.183808503203866e-10 -2391.7587413310252 319.3317229524912
-5.105977134410487e-10 -2428.2167691993413 325.573143153384
-5.028145760495796e-10 -2465.803477364071 321.8516486166226
-4.950314381498515e-10 -2504.5721029884985 328.8615933641975
-4.872482997457408e-10 -2544.5792848110027 329.99224519813714
-4.79465160841111e-10 -2585.8853392337783 328.66618010774914
-4.716820214398395e-10 -2628.5545637455034 330.1828152557319
-4.6389888154579795e-10 -2672.6555708886576 340.93529196979716
-4.5611574116285233e-10 -2718.261656419613 361.1273311769731
-4.483326002948713e-10 -2765.4512058167134 378.6849905616182
-4.405494589457248e-10 -2814.3081438788954 362.13883291308423
-4.327663171192839e-10 -2864.9224328395576 366.3919184716711
-4.2498317481941e-10 -2917.3906252153297 417.07546227403
-4.172000320499699e-10 -2971.8164785373096 396.9874958664021
-4.0941688881483146e-10 -3028.3116401999296 385.36912512400795
-4.016337451178557e-10 -3086.9964119388783 430.92214368386243
-3.9385060096291053e-10 -3148.0006049531253 466.5244915674603
-3.860674563538551e-10 -3211.464498463194 462.75436611276456
-3.7828431129455304e-10 -3277.5399166025286 467.4148926642416
-3.7050116578886616e-10 -3346.3914410432135 495.23146081349205
-3.6271801984065904e-10 -3418.1977797437617 497.53283282352294
-3.5493487345378503e-10 -3493.153315783805 528.8819409997795
-3.471517266321086e-10 -3571.469864548038 526.1264157572751
-3.3936857937948433e-10 -3653.378672708514 550.7383380869709
-3.315854316997763e-10 -3739.1326987337934 582.3693679728837
-3.238022835968348e-10 -3829.009222294793 596.0516837522046
-3.160191350745225e-10 -3923.3128392684807 629.1935591655644
-3.082359861366894e-10 -4022.378910496771 640.5529841132054
-3.004528367871937e-10 -4126.577546580317 649.1551993772046
-2.92669687029891e-10 -4236.318228494113 671.5431065365962
-2.8488653686863094e-10 -4352.05518561981 692.4284749779541
-2.771033863072676e-10 -4474.293680112552 707.3472153328925
-2.6932023534965733e-10 -4603.5973809495335 752.7371892912257
-2.615370839996456e-10 -4740.597054657359 804.4180789792769
-2.5375393226108896e-10 -4886.000855414187 830.3569912918871
-2.4597078013782973e-10 -5040.606568786947 835.5996886022928
-2.38187627633723e-10 -5205.316255968517 880.356247244268
-2.304044747526124e-10 -5381.1538661461545 931.044742752425
-2.2262132149835133e-10 -5569.286543389674 966.0121079971341
-2.1483816787478205e-10 -5771.050564977046 998.5127969301146
-2.0705501388575507e-10 -5987.983129819262 1017.2523492614638
-1.9927185953511112e-10 -6221.861596438497 1092.8918444113756
-1.9148870482669917e-10 -6474.752290034414 1162.4009727733685
-1.837055497643613e-10 -6749.07171657436 1192.5650628306878
-1.7592239435193945e-10 -7047.664026286747 1266.6109664351852
-1.6813923859327832e-10 -7373.899991848538 1321.3547040343915
-1.603560824922198e-10 -7731.804811037021 1387.4617711089065
-1.5257292605260154e-10 -8126.225026745194 1507.600680665785
-1.4478976927826817e-10 -8563.049283610435 1628.1688436948853
-1.3700661217305726e-10 -9049.504329953885 1682.3021246693122
-1.292234547408091e-10 -9594.557989331088 1813.7087329144622
-1.2144029698535997e-10 -10209.477091791545 1987.5680665784832
-1.1365713891054866e-10 -10908.614645562955 2164.117855764991
-1.0587398052021269e-10 -11710.54421492817 2247.63529954806
-9.809082181818673e-11 -12639.734351400031 2464.875888723545
-9.030766280830543e-11 -13729.088889435508 2668.891975308642
-8.252450349440482e-11 -15023.92474468454 2932.2170965608466
-7.474134388031675e-11 -16588.43507119369 3285.103147045855
-6.695818396987583e-11 -18516.66004935548 3697.3478147045857
-5.917502376691526e-11 -20952.11545627785 4162.716710758377
-5.139186327526544e-11 -24125.257406051707 4719.645406194885
-4.36087024987568e-11 -28431.06671490031 5434.938905423281
-3.582554144122112e-11 -34607.76530416435 6359.847111992945
-2.8042380106483253e-11 -44213.149004629224 5568.083719135802
-2.0259218498379147e-11 -61198.902129003094 3713.7494350749557
