string
20201020_p8.5_degreeper_secondprocessedoffset angle 0.1034956762572192 in rad by: offset_angle in degree:_7.2offset 0th. order in px_-147
nm eV  counts
1.0331101203021328e-08 120.01062672097365 2018.6353546626983
1.0338865030244695e-08 119.9205064062095 3215.622540509259
1.0346628750584057e-08 119.83052257697045 4227.777467757936
1.0354392364036643e-08 119.74067492349151 4143.733052248677
1.0362155870599679e-08 119.65096313694443 4031.7405133928573
1.0369919270270395e-08 119.56138690943402 3955.255435681217
1.0377682563046014e-08 119.47194593399485 3871.436466600529
1.0385445748923764e-08 119.38263990458746 3805.9876612103176
1.0393208827900868e-08 119.29346851609516 3760.096705522487
1.0400971799974549e-08 119.20443146432032 3737.5192418981483
1.040873466514203e-08 119.11552844598103 3733.76064401455
1.0416497423400534e-08 119.02675915870766 3726.4334077380954
1.0424260074747282e-08 118.9381233010394 3706.0480324074074
1.043202261917949e-08 118.84962057242085 3680.0098172949733
1.043978505669438e-08 118.76125067319862 3697.0585730820108
1.044754738728917e-08 118.67301330461797 3700.2913153108466
1.0455309610961079e-08 118.5849081688194 3678.3163855820108
1.046307172770732e-08 118.49693496883539 3662.7546089616403
1.047083373752511e-08 118.40909340858695 3668.4116650132273
1.0478595640411663e-08 118.3213831928804 3661.4642237103176
1.0486357436364192e-08 118.23380402740399 3664.181526951058
1.049411912537991e-08 118.14635561872463 3643.428344080688
1.0501880707456031e-08 118.05903767428462 3617.360863095238
1.0509642182589765e-08 117.97184990239839 3622.8538566468255
1.051740355077832e-08 117.88479201224928 3618.281146660053
1.0525164812018907e-08 117.79786371388624 3628.6895874669312
1.0532925966308732e-08 117.7110647182207 3670.023003472222
1.0540687013645007e-08 117.62439473702318 3698.4665591931216
1.0548447954024934e-08 117.53785348292041 3735.9406415343915
1.055620878744572e-08 117.4514406693919 3787.802352017196
1.0563969513904572e-08 117.3651560107668 3809.062541335979
1.057173013339869e-08 117.27899922222092 3791.173941798942
1.0579490645925279e-08 117.19297001977341 3737.1907035383597
1.058725105148154e-08 117.10706812028374 3648.5546875
1.0595011350064673e-08 117.0212932414486 3563.3476355820108
1.0602771541671883e-08 116.9356451017987 3463.033192791005
1.0610531626300364e-08 116.85012342069587 3348.5720692791006
1.0618291603947317e-08 116.76472791832981 3275.6396122685187
1.0626051474609938e-08 116.67945831571521 3215.42755869709
1.0633811238285425e-08 116.59431433468853 3166.08451140873
1.0641570894970974e-08 116.50929569790515 3141.9344618055557
1.0649330444663777e-08 116.42440212883628 3106.346023478836
1.065708988736103e-08 116.3396333517659 3073.646019345238
1.0664849223059927e-08 116.25498909178789 3076.054542824074
1.0672608451757659e-08 116.17046907480302 3052.3815517526455
1.0680367573451417e-08 116.08607302751594 3014.992745535714
1.068812658813839e-08 116.00180067743233 2982.950169477513
1.069588549581577e-08 115.91765175285586 2976.271164021164
1.0703644296480744e-08 115.83362598288534 2950.6920676256614
1.0711402990130498e-08 115.74972309741185 2943.1168981481483
1.0719161576762224e-08 115.66594282711567 2930.760437334656
1.0726920056373102e-08 115.58228490346367 2908.731936177249
1.0734678428960318e-08 115.49874905870621 2912.606047453704
1.0742436694521058e-08 115.41533502587437 2932.8776455026455
1.0750194853052505e-08 115.33204253877712 2917.480923445767
1.075795290455184e-08 115.24887133199849 2913.7981357473545
1.0765710849016246e-08 115.16582114089468 2901.797867063492
1.07734686864429e-08 115.0828917015914 2894.0943700396824
1.0781226416828985e-08 115.00008275098088 2879.114914021164
1.0788984040171677e-08 114.91739402671928 2894.6857638888887
1.0796741556468156e-08 114.83482526722378 2900.9846643518517
1.0804498965715596e-08 114.7523762116699 2896.869254298942
1.0812256267911176e-08 114.6700465999887 2899.839203042328
1.0820013463052067e-08 114.58783617286412 2889.4072627314813
1.082777055113545e-08 114.50574467173013 2883.345341435185
1.0835527532158491e-08 114.42377183876822 2875.704406415344
1.0843284406118363e-08 114.34191741690451 2878.0539021164022
1.0851041173012244e-08 114.26018114980711 2874.4864831349205
1.0858797832837295e-08 114.17856278188357 2858.8644386574074
1.0866554385590693e-08 114.09706205827801 2859.7057084986773
1.0874310831269604e-08 114.01567872486864 2842.493468915344
1.0882067169871195e-08 113.93441252826504 2857.204592427249
1.0889823401392633e-08 113.85326321580555 2849.2277612433863
1.0897579525831085e-08 113.77223053555464 2867.69248098545
1.0905335543183718e-08 113.69131423630027 2878.938533399471
1.091309145344769e-08 113.61051406755145 2878.7310887896824
1.092084725662017e-08 113.52982977953543 2879.233920304233
1.0928602952698318e-08 113.44926112319528 2870.5648974867727
1.0936358541679296e-08 113.36880785018727 2882.7367311507937
1.0944114023560265e-08 113.28846971287837 2885.6949818121693
1.0951869398338382e-08 113.20824646434363 2877.7843295304233
1.0959624666010808e-08 113.12813785836374 2877.682457010582
1.0967379826574701e-08 113.04814364942243 2885.9279927248676
1.0975134880027217e-08 112.96826359270399 2887.100570436508
1.0982889826365513e-08 112.88849744409083 2869.8800223214284
1.0990644665586744e-08 112.8088449601609 2863.4573412698414
1.0998399397688062e-08 112.72930589818529 2864.901868386243
1.1006154022666622e-08 112.64988001612572 2857.1824156746034
1.1013908540519575e-08 112.5705670726321 2831.709945436508
1.1021662951244075e-08 112.49136682704008 2826.559069113757
1.1029417254837273e-08 112.4122790393686 2831.269634589947
1.1037171451296315e-08 112.33330347031757 2839.8522445436506
1.1044925540618352e-08 112.2544398812653 2856.6686714616403
1.1052679522800532e-08 112.17568803426617 2862.3337466931216
1.106043339784e-08 112.0970476920483 2872.4251198743386
1.1068187165733906e-08 112.01851861801104 2879.435536541005
1.107594082647939e-08 111.94010057622272 2892.629856977513
1.10836943800736e-08 111.8617933314182 2911.579075727513
1.109144782651368e-08 111.78359664899652 2914.241216104497
1.1099201165796769e-08 111.7055102950187 2926.778935185185
1.110695439792001e-08 111.62753403620515 2954.605923445767
1.1114707522880544e-08 111.5496676399336 2990.5304232804233
1.112246054067551e-08 111.47191087423666 2999.9148065476193
1.1130213451302047e-08 111.39426350779947 3015.8449487433863
1.1137966254757293e-08 111.31672530995756 3080.1766906415346
1.1145718951038385e-08 111.23929605069445 3146.5799851190477
1.1153471540142458e-08 111.16197550063937 3195.6380208333335
1.116122402206665e-08 111.08476343106507 3246.9865658068784
1.1168976396808093e-08 111.00765961388552 3269.57564484127
1.1176728664363922e-08 110.93066382165367 3348.6276041666665
1.1184480824731265e-08 110.85377582755923 3424.435577876984
1.1192232877907258e-08 110.77699540542638 3435.0315806878307
1.1199984823889032e-08 110.70032232971163 3429.3996362433863
1.1207736662673712e-08 110.62375637550163 3393.77095734127
1.1215488394258432e-08 110.54729731851081 3350.700148809524
1.1223240018640318e-08 110.47094493507943 3325.614169973545
1.1230991535816494e-08 110.39469900217121 3302.3454447751324
1.1238742945784091e-08 110.3185592973712 3299.020812665344
1.1246494248540231e-08 110.24252559888367 3305.58238260582
1.125424544408204e-08 110.16659768552995 3316.902426421958
1.1261996532406638e-08 110.09077533674625 3298.249503968254
1.126974751351115e-08 110.01505833258149 3275.9150752314813
1.12774983873927e-08 109.93944645369527 3252.810226521164
1.1285249154048403e-08 109.8639394813557 3245.7619254298943
1.1292999813475383e-08 109.78853719743728 3226.508949239418
1.1300750365670757e-08 109.71323938441883 3197.2281746031745
1.130850081063164e-08 109.6380458253814 3213.818741732804
1.1316251148355156e-08 109.56295630400606 3226.6272114748676
1.1324001378838415e-08 109.4879706045721 3250.264591600529
1.1331751502078538e-08 109.41308851195467 3307.5499751984125
1.1339501518072632e-08 109.33830981162296 3342.8432333002647
1.1347251426817816e-08 109.26363428963796 3404.279782572751
1.1355001228311198e-08 109.18906173265057 3487.304088128307
1.1362750922549892e-08 109.11459192789944 3580.18501984127
1.137050050953101e-08 109.04022466320906 3692.283874834656
1.1378249989251656e-08 108.96595972698772 3835.527736441799
1.1385999361708946e-08 108.89179690822539 4046.526000330688
1.1393748626899982e-08 108.8177359964919 4293.427951388889
1.1401497784821877e-08 108.74377678193481 4504.901682374339
1.1409246835471729e-08 108.66991905527756 4617.750868055556
1.1416995778846648e-08 108.5961626078173 4677.3754960317465
1.142474461494374e-08 108.52250723142312 4694.104993386243
1.1432493343760105e-08 108.448952718534 4604.770626653439
1.1440241965292846e-08 108.37549886215689 4464.567584325397
1.1447990479539065e-08 108.30214545586472 4326.33167989418
1.1455738886495861e-08 108.22889229379454 4199.135954034392
1.1463487186160335e-08 108.15573917064553 4116.534019510582
1.1471235378529585e-08 108.0826858816771 4054.660548941799
1.147898346360071e-08 108.00973222270699 3970.596374834656
1.1486731441370806e-08 107.93687799010942 3888.3889508928573
1.149447931183697e-08 107.86412298081305 3852.620639054233
1.1502227074996294e-08 107.7914669922993 3790.1379794973545
1.1509974730845875e-08 107.71890982260025 3799.7408854166665
1.1517722279382806e-08 107.64645127029692 3826.3772321428573
1.1525469720604177e-08 107.57409113451739 3854.630001653439
1.1533217054507084e-08 107.50182921493484 3868.240616732804
1.154096428108861e-08 107.4296653117659 3910.4298115079364
1.1548711400345853e-08 107.35759922576855 3930.289207175926
1.1556458412275896e-08 107.28563075824053 3950.203765707672
1.1564205316875829e-08 107.21375971101735 3986.0730613425926
1.1571952114142738e-08 107.14198588647056 3981.402261078042
1.1579698804073707e-08 107.0703090875059 3960.5388558201057
1.1587445386665825e-08 106.99872911756151 3977.2317294973545
1.1595191861916175e-08 106.92724578060609 3953.4303902116403
1.1602938229821838e-08 106.85585888113722 3906.3192997685187
1.1610684490379897e-08 106.78456822417945 3853.5813285383597
1.1618430643587432e-08 106.71337361528263 3790.2406787367727
1.1626176689441527e-08 106.64227486052005 3739.469783399471
1.163392262793926e-08 106.57127176648673 3677.1460813492063
1.1641668459077707e-08 106.50036414029772 3614.351500496032
1.1649414182853947e-08 106.42955178958621 3580.1503389550267
1.165715979926506e-08 106.35883452250194 3574.2584325396824
1.1664905308308118e-08 106.28821214770937 3564.8977554563494
1.1672650709980198e-08 106.217684474386 3573.4103215939153
1.168039600427837e-08 106.14725131222067 3575.5793444113756
1.1688141191199714e-08 106.07691247141176 3579.27236276455
1.1695886270741293e-08 106.00666776266561 3584.829695767196
1.1703631242900186e-08 105.9365169971947 3548.4367559523807
1.171137610767346e-08 105.86645998671602 3521.6321097883597
1.1719120865058186e-08 105.79649654344942 3497.7798859126983
1.172686551505143e-08 105.7266264801159 3456.441860945767
1.1734610057650262e-08 105.65684960993585 3434.0676669973545
1.1742354492851747e-08 105.58716574662758 3415.777405753968
1.175009882065295e-08 105.51757470440548 3399.4229290674602
1.1757843041050939e-08 105.44807629797846 3371.2761036706347
1.1765587154042773e-08 105.37867034254829 3380.7263971560847
1.177333115962552e-08 105.30935665380797 3362.9412822420636
1.1781075057796238e-08 105.24013504794006 3369.736648478836
1.178881884855199e-08 105.17100534161511 3382.6932663690477
1.1796562531889835e-08 105.10196735199004 3412.837921626984
1.1804306107806834e-08 105.03302089670642 3446.8223586309523
1.1812049576300047e-08 104.964165793889 3460.004836309524
1.1819792937366524e-08 104.89540186214413 3492.1647238756614
1.1827536191003328e-08 104.82672892055794 3486.2825520833335
1.1835279337207515e-08 104.75814678869506 3492.7979290674602
1.1843022375976133e-08 104.68965528659683 3502.21376901455
1.1850765307306244e-08 104.62125423477976 3464.9719122023807
1.1858508131194896e-08 104.55294345423403 3465.4377480158732
1.186625084763914e-08 104.4847227664219 3477.6934110449733
1.187399345663603e-08 104.4165919932761 3479.191798941799
1.1881735958182614e-08 104.34855095719834 3485.3384383267194
1.1889478352275944e-08 104.28059948105778 3481.9832175925926
1.1897220638913064e-08 104.21273738818942 3486.86611276455
1.1904962818091023e-08 104.14496450239268 3511.025359623016
1.1912704889806867e-08 104.07728064792975 3520.6995081018517
1.1920446854057643e-08 104.00968564952414 3521.647900132275
1.1928188710840395e-08 103.94217933235916 3516.827732308201
1.1935930460152167e-08 103.87476152207644 3491.3206431878307
1.1943672101989997e-08 103.8074320447744 3471.3858920304233
1.1951413636350932e-08 103.7401907270067 3448.3449280753966
1.1959155063232012e-08 103.67303739578087 3433.03763640873
1.1966896382630276e-08 103.6059718785567 3433.4762938161375
1.1974637594542762e-08 103.53899400324494 3433.4948950066137
1.198237869896651e-08 103.47210359820556 3445.6779307208994
1.1990119695898556e-08 103.40530049224658 3427.284660218254
1.1997860585335934e-08 103.3385845146224 3414.6675967261904
1.2005601367275683e-08 103.27195549503239 3388.343253968254
1.2013342041714835e-08 103.20541326361953 3339.466290509259
1.2021082608650427e-08 103.13895765096883 3277.2642609126983
1.2028823068079485e-08 103.07258848810608 3233.985367063492
1.2036563419999045e-08 103.00630560649617 3195.9558738425926
1.2044303664406138e-08 102.94010883804187 3158.905712632275
1.2052043801297792e-08 102.87399801508234 3145.307622354497
1.2059783830671036e-08 102.80797297039167 3119.1569320436506
1.2067523752522896e-08 102.74203353717758 3094.4128637566137
1.2075263566850405e-08 102.67617954907983 3060.5852761243386
1.2083003273650583e-08 102.6104108401691 3035.4495287698414
1.2090742872920456e-08 102.54472724494529 3001.7692418981483
1.209848236465705e-08 102.47912859833635 2961.4205729166665
1.2106221748857389e-08 102.41361473569683 2934.123615244709
1.211396102551849e-08 102.34818549280646 2903.6966145833335
1.2121700194637381e-08 102.28284070586882 2885.623429232804
1.2129439256211077e-08 102.21758021151004 2856.216765873016
1.21371782102366e-08 102.15240384677726 2814.7730241402114
1.214491705671097e-08 102.08731144913743 2781.2960482804233
1.2152655795631205e-08 102.02230285647595 2757.8143601190477
1.2160394426994316e-08 101.95737790709525 2743.235511739418
1.2168132950797325e-08 101.89253643971345 2695.565951554233
1.2175871367037243e-08 101.82777829346314 2644.243282903439
1.2183609675711085e-08 101.76310330788992 2594.874503968254
1.2191347876815864e-08 101.69851132295113 2561.148334160053
1.2199085970348594e-08 101.63400217901452 2512.7637648809523
1.2206823956306285e-08 101.56957571685693 2476.0168650793653
1.2214561834685946e-08 101.50523177766307 2424.4337797619046
1.2222299605484588e-08 101.44097020302402 2373.1433738425926
1.2230037268699216e-08 101.37679083493617 2357.6968212632273
1.223777482432684e-08 101.31269351579968 2341.6442418981483
1.2245512272364469e-08 101.24867808841736 2300.6336805555557
1.2253249612809104e-08 101.1847443959934 2273.9416956018517
1.2260986845657751e-08 101.12089228213196 2247.411995701058
1.2268723970907418e-08 101.05712159083593 2234.6484375
1.22764609885551e-08 100.99343216650583 2204.4442274305557
1.2284197898597804e-08 100.92982385393822 2163.778790509259
1.229193470103253e-08 100.86629649832477 2135.1779203869046
1.2299671395856279e-08 100.80284994525084 2108.690910218254
1.2307407983066046e-08 100.73948404069421 2091.248646246693
1.2315144462658835e-08 100.67619863102385 2077.613177910053
1.2322880834631637e-08 100.61299356299881 2067.295345568783
1.2330617098981453e-08 100.54986868376677 2048.2086123511904
1.2338353255705278e-08 100.48682384086297 2048.6057994378307
1.2346089304800105e-08 100.4238588822089 2038.164734209656
1.2353825246262924e-08 100.36097365611117 2038.113033234127
1.2361561080090733e-08 100.29816801126012 2035.546161954365
1.2369296806280524e-08 100.23544179672875 2023.4326533564815
1.2377032424829285e-08 100.17279486197157 2012.5180534887565
1.2384767935734004e-08 100.11022705682318 1995.973575975529
1.2392503338991672e-08 100.04773823149725 1979.165984623016
1.240023863459928e-08 99.98532823658523 1981.6134775958994
1.2407973822553807e-08 99.92299692305527 1986.4081101190477
1.2415708902852246e-08 99.86074414225087 1985.7986214451057
1.242344387549158e-08 99.79856974588984 1989.0077194940477
1.2431178740468792e-08 99.73647358606307 2001.5206059854497
1.2438913497780868e-08 99.67445551523332 1984.473792989418
1.2446648147424788e-08 99.61251538623414 1981.159370866402
1.2454382689397533e-08 99.55065305226866 1987.3904389880952
1.2462117123696084e-08 99.48886836690836 1985.3665881283068
1.246985145031742e-08 99.42716118409207 1993.627697172619
1.2477585669258524e-08 99.36553135812463 2014.2315744874338
1.2485319780516366e-08 99.30397874367597 2024.681175595238
1.2493053784087927e-08 99.24250319577975 2033.4855324074074
1.2500787679970181e-08 99.18110456983234 2049.62783151455
1.2508521468160107e-08 99.11978272159165 2075.7434585813494
1.2516255148654676e-08 99.05853750717604 2099.0919828869046
1.2523988721450856e-08 98.99736878306318 2122.2712466931216
1.2531722186545631e-08 98.93627640608882 2171.8068679728835
1.2539455543935962e-08 98.87526023344593 2234.1982060185187
1.2547188793618818e-08 98.8143201226833 2262.678726438492
1.2554921935591175e-08 98.7534559317046 2291.5969328703704
1.256265496985e-08 98.6926675187672 2308.010623346561
1.2570387896392254e-08 98.63195474248121 2342.7492766203704
1.2578120715214913e-08 98.57131746180814 2370.964988425926
1.2585853426314935e-08 98.51075553606005 2394.882957175926
1.2593586029689288e-08 98.45026882489833 2412.3454241071427
1.2601318525334931e-08 98.38985718833264 2437.914951223545
1.2609050913248836e-08 98.3295204867198 2462.55326140873
1.2616783193427954e-08 98.26925858076284 2486.8266162367727
1.2624515365869254e-08 98.20907133150975 2530.619150958995
1.263224743056969e-08 98.14895860035254 2556.2688492063494
1.2639979387526225e-08 98.08892024902616 2609.9089161706347
1.2647711236735815e-08 98.02895613960736 2641.4645543981483
1.2655442978195415e-08 97.96906613451375 2689.766617063492
1.2663174611901986e-08 97.90925009650265 2749.533192791005
1.267090613785248e-08 97.84950788867009 2788.6085896164022
1.267863755604385e-08 97.78983937444977 2823.5862061838625
1.2686368866473052e-08 97.73024441761198 2863.236007771164
1.2694100069137038e-08 97.67072288226262 2899.150958994709
1.2701831164032759e-08 97.61127463284213 2923.6432291666665
1.2709562151157164e-08 97.55189953412446 2948.456183862434
1.27172930305072e-08 97.49259745121608 2972.3308738425926
1.2725023802079824e-08 97.43336824955487 2997.181650958995
1.2732754465871979e-08 97.37421179490923 3019.442005621693
1.2740485021880606e-08 97.315127953377 3048.3351521164022
1.274821547010266e-08 97.25611659138438 3074.841786541005
1.275594581053508e-08 97.19717757568509 3097.7435515873017
1.2763676043174815e-08 97.13831077335917 3141.6410383597886
1.2771406168018803e-08 97.07951605181218 3170.491340112434
1.2779136185063985e-08 97.02079327877406 3207.4683366402114
1.2786866094307306e-08 96.9621423222982 3249.836020171958
1.2794595895745706e-08 96.90356305076041 3280.024284887566
1.2802325589376123e-08 96.84505533285798 3297.251033399471
1.2810055175195495e-08 96.78661903760872 3338.6988467261904
1.2817784653200758e-08 96.72825403434989 3352.552620701058
1.282551402338885e-08 96.66996019273732 3356.9207589285716
1.2833243285756704e-08 96.6117373827444 3380.358837632275
1.2840972440301259e-08 96.55358547466105 3410.555162863757
1.2848701487019447e-08 96.49550433909289 3448.0273644179892
1.2856430425908196e-08 96.43749384696027 3471.83486276455
1.2864159256964444e-08 96.37955386949709 3500.786747685185
1.287188798018512e-08 96.32168427825016 3536.018497850529
1.287961659556715e-08 96.26388494507809 3545.944837136243
1.2887345103107467e-08 96.20615574215026 3567.7269758597886
1.2895073502802995e-08 96.14849654194609 3579.2180059523807
1.2902801794650664e-08 96.09090721725393 3586.1017691798943
1.29105299786474e-08 96.0333876411702 3583.211970899471
1.2918258054790126e-08 95.97593768709842 3587.7502686838625
1.2925986023075768e-08 95.91855722874836 3638.0027901785716
1.2933713883501246e-08 95.86124614013501 3673.3916790674602
1.2941441636063485e-08 95.80400429557771 3696.9665798611113
1.2949169280759408e-08 95.74683156969922 3742.403377149471
1.2956896817585933e-08 95.68972783742487 3803.6870866402114
1.2964624246539977e-08 95.63269297398153 3841.785073578042
1.2972351567618465e-08 95.57572685489677 3893.5232721560847
1.2980078780818305e-08 95.51882935599801 3909.1368840939153
1.2987805886136421e-08 95.46200035341145 3925.1956225198414
1.2995532883569726e-08 95.40523972356137 3928.7100694444443
1.3003259773115135e-08 95.34854734316907 3948.21058614418
1.301098655476956e-08 95.29192308925212 3985.764343584656
1.3018713228529918e-08 95.23536683912333 4024.7026083002647
1.3026439794393118e-08 95.17887847038998 4055.380477017196
1.3034166252356069e-08 95.12245786095289 4088.694361772487
1.3041892602415682e-08 95.06610488900552 4189.591724537037
1.3049618844568869e-08 95.00981943303312 4287.415447255291
1.3057344978812534e-08 94.95360137181184 4359.014033564815
1.3065071005143589e-08 94.89745058440792 4444.690972222223
1.3072796923558931e-08 94.84136695017675 4508.410466269841
1.3080522734055479e-08 94.78535034876197 4585.283275462963
1.3088248436630126e-08 94.72940066009478 4643.36222718254
1.3095974031279777e-08 94.67351776439293 4690.502190806878
1.3103699518001337e-08 94.61770154215985 4701.130456349207
1.3111424896791706e-08 94.56195187418393 4724.310102513227
1.3119150167647783e-08 94.5062686415376 4698.3745039682535
1.3126875330566473e-08 94.45065172557639 4709.1906001984125
1.313460038554467e-08 94.3951010079383 4733.291087962963
1.3142325332579272e-08 94.33961637054277 4791.197668650793
1.3150050171667173e-08 94.28419769558995 4831.352223875661
1.3157774902805271e-08 94.22884486555982 4885.404224537037
1.3165499525990464e-08 94.17355776321133 4921.22941468254
1.3173224041219646e-08 94.11833627158165 4952.654803240741
1.3180948448489704e-08 94.06318027398534 4944.1140873015875
1.318867274779753e-08 94.00808965401347 4925.491939484127
1.3196396939140023e-08 93.95306429553277 4887.6462880291
1.3204121022514064e-08 93.89810408268498 4823.12785218254
1.3211844997916548e-08 93.84320889988584 4777.075686177249
1.3219568865344358e-08 93.78837863182443 4753.036086309524
1.3227292624794389e-08 93.73361316346225 4784.991443452381
1.3235016276263519e-08 93.67891238003251 4803.0968501984125
1.3242739819748636e-08 93.62427616703928 4832.697627314815
1.3250463255246624e-08 93.5697044102567 4881.4828869047615
1.3258186582754371e-08 93.51519699572812 4979.976727843916
1.3265909802268755e-08 93.46075380976545 5089.392278439153
1.3273632913786653e-08 93.4063747389483 5235.78017526455
1.3281355917304957e-08 93.35205967012307 5383.417824074074
1.3289078812820535e-08 93.2978084904024 5512.3224206349205
1.3296801600330271e-08 93.2436210871642 5628.8760333994705
1.3304524279831045e-08 93.18949734805093 5741.061135912699
1.3312246851319727e-08 93.13543716096889 5818.445725859789
1.33199693147932e-08 93.0814404140873 5901.714244378307
1.3327691670248331e-08 93.0275069958377 5956.740740740741
1.3335413917682004e-08 92.97363679491299 5960.420221560847
1.334313605709108e-08 92.91982970026693 5991.05183531746
1.3350858088472442e-08 92.86608560111306 6070.689856150793
1.3358580011822956e-08 92.81240438692416 6175.486813822751
1.3366301827139487e-08 92.7587859474315 6294.369419642857
1.3374023534418913e-08 92.7052301726239 6407.822916666667
1.3381745133658098e-08 92.65173695274714 6534.558283730159
1.3389466624853907e-08 92.59830617830323 6660.932498346561
1.339718800800321e-08 92.54493774004946 6810.476645171958
1.3404909283102871e-08 92.49163152899791 6848.898685515873
1.3412630450149754e-08 92.43838743641456 6835.429356812169
1.3420351509140721e-08 92.38520535381856 6791.959077380952
1.3428072460072635e-08 92.33208517298155 6764.88210978836
1.3435793302942358e-08 92.27902678592685 6726.942791005291
1.3443514037746751e-08 92.2260300849288 6733.03517691799
1.3451234664482674e-08 92.17309496251197 6759.8645419973545
1.3458955183146983e-08 92.12022131145054 6799.101149140211
1.346667559373654e-08 92.0674090247674 6845.724330357143
1.3474395896248197e-08 92.01465799573361 7008.7812913359785
1.3482116090678813e-08 91.96196811786757 7218.560887896825
1.3489836177025238e-08 91.90933928493435 7399.525793650793
1.3497556155284332e-08 91.85677139094493 7579.297040343916
1.3505276025452947e-08 91.8042643301555 7733.069072420635
1.3512995787527928e-08 91.75181799706692 7847.271536044974
1.3520715441506134e-08 91.69943228642364 7943.6239666005295
1.352843498738441e-08 91.64710709321342 7917.2536375661375
1.3536154425159607e-08 91.5948423126663 7865.9281167328045
1.354387375482857e-08 91.54263784025412 7851.105241402116
1.3551592976388151e-08 91.49049357168963 7851.870701058201
1.3559312089835195e-08 91.43840940292597 7907.834573412699
1.3567031095166545e-08 91.38638523015594 7988.584780092592
1.3574749992379048e-08 91.3344209498112 8136.130787037037
1.3582468781469542e-08 91.28251645856173 8291.001240079366
1.3590187462434874e-08 91.23067165331501 8415.917658730159
1.3597906035271886e-08 91.17888643121545 8449.73615244709
1.3605624499977417e-08 91.12716068964363 8460.398850859789
1.3613342856548301e-08 91.07549432621575 8480.064401455027
1.3621061104981386e-08 91.02388723878269 8488.822999338625
1.3628779245273502e-08 90.97233932542967 8593.573040674602
1.3636497277421493e-08 90.92085048447532 8697.38277116402
1.3644215201422189e-08 90.86942061447117 8816.634837962964
1.3651933017272422e-08 90.81804961420092 8918.703290343916
1.365965072496903e-08 90.76673738267971 8918.393270502645
1.3667368324508846e-08 90.71548381915358 8811.302496693123
1.3675085815888704e-08 90.66428882309874 8694.28761574074
1.3682803199105428e-08 90.613152294221 8512.127562830688
1.3690520474155848e-08 90.56207413245497 8317.525710978836
1.3698237641036803e-08 90.51105423796344 8188.562375992064
1.3705954699745112e-08 90.4600925111369 8110.653025793651
1.3713671650277603e-08 90.40918885259269 8115.573702050265
1.3721388492631104e-08 90.35834316317445 8202.600694444445
1.3729105226802437e-08 90.30755534395146 8304.182663690477
1.373682185278843e-08 90.25682529621795 8391.674189814816
1.3744538370585904e-08 90.20615292149257 8457.306754298941
1.3752254780191683e-08 90.15553812151764 8472.112144510582
1.3759971081602585e-08 90.1049807982586 8480.104414682539
1.3767687274815432e-08 90.0544808539033 8468.001942791005
1.377540335982704e-08 90.00403819086148 8405.464740410052
1.3783119336634236e-08 89.95365271176395 8431.481440145502
1.3790835205233831e-08 89.90332431946221 8515.563409391534
1.3798550965622638e-08 89.8530529170277 8631.934234457673
1.3806266617797476e-08 89.80283840775105 8762.160052910052
1.3813982161755164e-08 89.75268069514169 8867.92865410053
1.382169759749251e-08 89.70257968292714 9008.409391534391
1.3829412925006329e-08 89.65253527505232 9177.220816798941
1.383712814429343e-08 89.60254737567908 9282.407242063493
1.3844843255350624e-08 89.55261588918546 9274.818039021164
1.3852558258174724e-08 89.50274072016511 9229.454117063493
1.3860273152762537e-08 89.45292177342677 9173.04365079365
1.3867987939110868e-08 89.40315895399355 9137.623759920634
1.3875702617216528e-08 89.35345216710239 9085.309937169312
1.3883417187076315e-08 89.30380131820345 8985.806382275132
1.3891131648687043e-08 89.25420631295948 8916.376157407407
1.3898846002045512e-08 89.20466705724527 8916.025710978836
1.3906560247148528e-08 89.15518345714699 9019.583085317461
1.3914274383992883e-08 89.10575541896173 9189.876818783068
1.3921988412575389e-08 89.05638284919672 9320.36044973545
1.392970233289284e-08 89.00706565456889 9385.06853505291
1.3937416144942041e-08 88.95780374200417 9445.343832671957
1.3945129848719783e-08 88.90859701863705 9488.52554563492
1.3952843444222868e-08 88.85944539180988 9510.61185515873
1.3960556931448083e-08 88.81034876907232 9468.28943452381
1.3968270310392239e-08 88.76130705818069 9355.681878306877
1.3975983581052116e-08 88.71232016709759 9279.73685515873
1.3983696743424516e-08 88.66338800399109 9275.910218253968
1.3991409797506227e-08 88.61451047723432 9274.072833994709
1.3999122743294037e-08 88.56568749540486 9215.466187169312
1.4006835580784745e-08 88.51691896728406 9149.76669973545
1.4014548309975135e-08 88.46820480185666 9080.264384920634
1.4022260930861995e-08 88.4195449083101 9061.935929232804
1.4029973443442113e-08 88.37093919603397 9043.590608465609
1.4037685847712278e-08 88.32238757461947 9035.520750661375
1.4045398143669274e-08 88.27388995385881 9087.182787698413
1.4053110331309884e-08 88.22544624374477 9130.408068783068
1.4060822410630891e-08 88.17705635446997 9137.636408730159
1.406853438162908e-08 88.12872019642643 9098.922040343916
1.4076246244301232e-08 88.08043768020501 8977.55927579365
1.4083957998644127e-08 88.03220871659478 8873.867724867725
1.4091669644654547e-08 87.9840332165826 8787.264384920634
1.4099381182329265e-08 87.93591109135248 8711.897486772486
1.4107092611665065e-08 87.887842252285 8716.798197751323
1.4114803932658717e-08 87.8398266109569 8797.942791005291
1.4122515145307004e-08 87.79186407914041 8938.116402116402
1.41302262496067e-08 87.74395456880275 9047.175925925925
1.413793724555457e-08 87.69609799210569 9040.292989417989
1.41456481331474e-08 87.64829426140477 9025.531332671957
1.4153358912381955e-08 87.60054328924906 8968.973296957673
1.4161069583255003e-08 87.55284498838043 8887.19535383598
1.4168780145763321e-08 87.50519927173306 8819.341765873016
1.417649059990367e-08 87.45760605243298 8743.637566137566
1.4184200945672822e-08 87.41006524379742 8705.435681216932
1.4191911183067549e-08 87.36257675933436 8719.869957010582
1.4199621312084606e-08 87.31514051274208 8738.25355489418
1.4207331332720768e-08 87.26775641790843 8756.421130952382
1.4215041244972794e-08 87.22042438891054 8745.373511904761
1.4222751048837451e-08 87.17314434001412 8738.851355820107
1.4230460744311495e-08 87.12591618567309 8727.39058366402
1.4238170331391694e-08 87.0787398405289 8716.874007936507
1.4245879810074807e-08 87.03161521941016 8726.613260582011
1.4253589180357592e-08 86.98454223733208 8750.283895502645
1.4261298442236802e-08 86.93752080949596 8790.511656746032
1.4269007595709202e-08 86.89055085128865 8882.9644510582
1.4276716640771544e-08 86.84363227828207 9087.410300925925
1.4284425577420586e-08 86.7967650062327 9282.048197751323
1.4292134405653081e-08 86.74994895108108 9453.570023148148
1.4299843125465786e-08 86.70318402895131 9589.67857142857
1.4307551736855445e-08 86.65647015615059 9760.447833994709
1.4315260239818817e-08 86.60980724916857 9865.537367724868
1.432296863435265e-08 86.56319522467705 9958.853174603175
1.433067692045369e-08 86.51663399952935 10015.344990079366
1.4338385098118696e-08 86.47012349075985 10023.749007936507
1.4346093167344403e-08 86.42366361558356 10007.083250661375
1.4353801128127569e-08 86.37725429139549 9977.101025132275
1.4361508980464931e-08 86.33089543577032 9960.412533068784
1.4369216724353237e-08 86.28458696646182 9913.034556878307
1.4376924359789228e-08 86.23832880140235 9812.30646494709
1.4384631886769653e-08 86.19212085870241 9732.173363095239
1.4392339305291249e-08 86.14596305665019 9705.951636904761
1.4400046615350755e-08 86.09985531371105 9709.270667989418
1.4407753816944912e-08 86.05379754852699 9681.095238095239
1.4415460910070462e-08 86.00778967991624 9645.763640873016
1.4423167894724145e-08 85.96183162687281 9619.768353174602
1.443087477090269e-08 85.91592330856592 9621.937748015873
1.4438581538602833e-08 85.87006464433965 9624.067956349207
1.4446288197821319e-08 85.82425555371228 9615.249090608466
1.4453994748554872e-08 85.77849595637603 9605.604249338625
1.446170119080023e-08 85.73278577219645 9558.273974867725
1.446940752455412e-08 85.68712492121205 9473.6832010582
1.4477113749813277e-08 85.6415133236337 9399.795965608466
1.4484819866574433e-08 85.5959508998443 9320.62359457672
1.4492525874834313e-08 85.55043757039827 9209.616567460318
1.4500231774589644e-08 85.50497325602106 9154.843667328043
1.4507937565837161e-08 85.4595578776087 9152.602430555555
1.4515643248573579e-08 85.41419135622743 9183.443783068784
1.4523348822795631e-08 85.36887361311305 9182.462301587302
1.4531054288500036e-08 85.32360456967068 9216.589616402116
1.4538759645683524e-08 85.27838414747413 9309.166832010582
1.454646489434281e-08 85.23321226826559 9349.10044642857
1.4554170034474619e-08 85.1880888539551 9353.126984126984
1.4561875066075672e-08 85.14301382662003 9350.001240079366
1.4569579989142683e-08 85.09798710850485 9384.255621693123
1.4577284803672374e-08 85.05300862202047 9396.480241402116
1.4584989509661466e-08 85.00807828974384 9359.974041005291
1.4592694107106665e-08 84.96319603441762 9302.961722883598
1.46003985960047e-08 84.91836177894956 9248.794477513227
1.4608102976352273e-08 84.87357544641227 9235.567873677248
1.4615807248146104e-08 84.82883696004258 9218.659970238095
1.4623511411382906e-08 84.78414624324117 9211.544064153439
1.4631215466059383e-08 84.73950321957226 9244.341352513227
1.4638919412172254e-08 84.6949078127629 9269.416418650793
1.4646623249718221e-08 84.65035994670288 9291.491898148148
1.4654326978694001e-08 84.60585954544393 9396.731068121693
1.4662030599096294e-08 84.56140653319964 9538.349950396825
1.4669734110921811e-08 84.51700083434476 9626.270998677248
1.4677437514167255e-08 84.4726423734149 9681.897238756614
1.468514080882933e-08 84.42833107510613 9747.112020502645
1.469284399490474e-08 84.38406686427442 9807.622023809523
1.470054707239019e-08 84.33984966593533 9813.0916005291
1.4708250041282378e-08 84.2956794052636 9748.041583994709
1.4715952901578008e-08 84.2515560075926 9648.452959656084
1.4723655653273778e-08 84.20747939841407 9507.021081349207
1.4731358296366386e-08 84.16344950337756 9436.27232142857
1.4739060830852528e-08 84.11946624829014 9395.250909391534
1.4746763256728904e-08 84.07552955911585 9351.146246693123
1.4754465573992208e-08 84.0316393619754 9318.193287037036
1.4762167782639137e-08 83.98779558314565 9251.710482804232
1.4769869882666383e-08 83.94399814905935 9194.813244047618
1.4777571874070635e-08 83.9002469863046 9170.837218915343
1.478527375684859e-08 83.8565420216244 9146.971891534391
1.479297553099694e-08 83.8128831819164 9094.328290343916
1.4800677196512368e-08 83.76927039423242 9049.811755952382
1.4808378753391565e-08 83.72570358577796 8996.347718253968
1.4816080201631223e-08 83.6821826839119 9015.090773809523
1.4823781541228026e-08 83.63870761614609 9016.332671957673
1.4831482772178656e-08 83.59527831014492 9050.702215608466
1.4839183894479804e-08 83.55189469372485 9069.972800925925
1.4846884908128148e-08 83.50855669485418 9092.591765873016
1.4854585813120377e-08 83.46526424165248 9076.141534391534
1.486228660945317e-08 83.42201726239028 9050.489914021164
1.4869987297123208e-08 83.37881568548872 9020.392857142857
1.4877687876127171e-08 83.33565943951898 8957.815145502645
1.4885388346461736e-08 83.29254845320213 8839.884093915343
1.4893088708123585e-08 83.24948265540849 8724.033606150793
1.4900788961109387e-08 83.20646197515747 8618.340939153439
1.490848910541583e-08 83.16348634161696 8556.751694775132
1.4916189141039575e-08 83.12055568410312 8565.311755952382
1.492388906797731e-08 83.0776699320799 8588.19675925926
1.4931588886225693e-08 83.0348290151587 8591.014384920634
1.493928859578141e-08 82.99203286309789 8621.965360449736
1.494698819664112e-08 82.94928140580261 8587.023933531746
1.495468768880151e-08 82.90657457332412 8550.450520833334
1.496238707225923e-08 82.86391229585975 8491.767981150793
1.4970086347010954e-08 82.82129450375221 8440.821676587302
1.4977785513053356e-08 82.77872112748939 8413.9509755291
1.4985484570383093e-08 82.73619209770396 8403.115203373016
1.4993183518996836e-08 82.69370734517292 8364.606853505291
1.5000882358891246e-08 82.65126680081733 8373.543072089948
1.500858109006299e-08 82.6088703957018 8384.365327380952
1.5016279712508723e-08 82.5665180610343 8403.061011904761
1.5023978226225115e-08 82.52420972816557 8465.311549272486
1.503167663120882e-08 82.48194532858896 8506.326843584657
1.5039374927456495e-08 82.43972479393997 8614.049851190477
1.5047073114964803e-08 82.39754805599577 8674.13285383598
1.50547711937304e-08 82.35541504667503 8822.827794312168
1.506246916374994e-08 82.31332569803743 8947.070519179893
1.507016702502008e-08 82.27127994228334 8961.007688492064
1.5077864777537478e-08 82.22927771175341 8945.042410714286
1.508556242129878e-08 82.18731893892831 8882.669890873016
1.5093259956300642e-08 82.14540355642822 8814.233548280423
1.510095738253971e-08 82.10353149701263 8744.827711640211
1.5108654700012643e-08 82.06170269357979 8662.252893518518
1.5116351908716087e-08 82.01991707916655 8589.746693121693
1.5124049008646687e-08 81.9781745869479 8557.462218915343
1.513174599980109e-08 81.93647515023662 8534.804067460318
1.5139442882175947e-08 81.89481870248291 8540.289186507936
1.51471396557679e-08 81.85320517727406 8540.575562169312
1.515483632057359e-08 81.81163450833417 8601.204695767196
1.5162532876589664e-08 81.77010662952362 8648.494130291005
1.517022932381277e-08 81.72862147483885 8646.635416666666
1.517792566223954e-08 81.68717897841205 8673.668237433862
1.5185621891866616e-08 81.64577907451067 8719.797867063493
1.5193318012690643e-08 81.60442169753716 8759.215112433862
1.5201014024708248e-08 81.56310678202868 8711.592592592593
1.520870992791608e-08 81.52183426265657 8654.481564153439
1.521640572231077e-08 81.48060407422625 8645.745039682539
1.5224101407888954e-08 81.43941615167661 8676.233134920634
1.523179698464726e-08 81.39827043007996 8707.176421957673
1.523949245258233e-08 81.35716684464143 8742.004381613757
1.5247187811690796e-08 81.31610533069872 8801.160962301587
1.5254883061969284e-08 81.27508582372185 8820.791335978836
1.526257820341443e-08 81.23410825931272 8807.897569444445
1.5270273236022857e-08 81.1931725732048 8831.968419312168
1.5277968159791196e-08 81.1522787012628 8837.36896494709
1.5285662974716077e-08 81.11142657948233 8810.947833994709
1.5293357680794123e-08 81.07061614398954 8807.788194444445
1.530105227802196e-08 81.02984733104086 8797.491319444445
1.530874676639621e-08 80.9891200770226 8757.228174603175
1.53164411459135e-08 80.94843431845068 8688.5582010582
1.532413541657045e-08 80.90778999197016 8666.096147486773
1.5331829578363688e-08 80.86718703435513 8658.426669973545
1.5339523631289825e-08 80.8266253825082 8615.20667989418
1.534721757534548e-08 80.78610497346027 8579.268931878307
1.535491141052728e-08 80.74562574437014 8547.730158730159
1.5362605136831836e-08 80.70518763252426 8544.045304232804
1.5370298754255765e-08 80.66479057533634 8521.94675925926
1.5377992262795685e-08 80.62443451034704 8432.822875330688
1.5385685662448204e-08 80.58411937522374 8309.74574239418
1.5393378953209942e-08 80.54384510776 8161.550553902116
1.540107213507751e-08 80.5036116458755 8053.260209986773
1.5408765208047515e-08 80.46341892761555 7966.608837632275
1.541645817211657e-08 80.42326689115085 7859.495163690476
1.5424151027281288e-08 80.38315547477708 7746.887648809524
1.5431843773538272e-08 80.34308461691475 7705.212053571428
1.543953641088413e-08 80.30305425610871 7722.449859457672
1.5447228939315472e-08 80.26306433102795 7757.576430224868
1.54549213588289e-08 80.22311478046521 7789.953042328042
1.546261366942102e-08 80.18320554333677 7830.859912367725
1.5470305871088432e-08 80.14333655868201 7870.255249669312
1.547799796382774e-08 80.10350776566318 7855.347759589947
1.548568994763555e-08 80.06371910356509 7833.543030753968
1.5493381822508452e-08 80.02397051179483 7802.1718336640215
1.5501073588443057e-08 79.98426192988128 7750.260416666667
1.5508765245435957e-08 79.94459329747511 7699.021040013227
1.5516456793483747e-08 79.90496455434821 7653.192336309524
1.552414823258303e-08 79.8653756403935 7625.343460648148
1.5531839562730393e-08 79.82582649562461 7645.793361441799
1.5539530783922433e-08 79.7863170601756 7723.350901124339
1.554722189615575e-08 79.74684727430058 7800.10830026455
1.5554912899426932e-08 79.7074170783735 7843.679356812169
1.5562603793732563e-08 79.66802641288784 7847.144758597884
1.5570294579069245e-08 79.62867521845622 7821.388764880952
1.557798525543356e-08 79.58936343581021 7769.581845238095
1.55856758228221e-08 79.55009100579997 7699.133969907408
1.5593366281231446e-08 79.510857869394 7614.986111111111
1.5601056630658192e-08 79.47166396767875 7541.864500661376
1.560874687109892e-08 79.43250924185847 7457.590236441799
1.561643700255021e-08 79.39339363325479 7413.821924603175
1.562412702500865e-08 79.35431708330648 7387.708250661376
1.5631816938470824e-08 79.31527953356914 7417.658978174603
1.5639506742933307e-08 79.27628092571497 7460.68927744709
1.564719643839269e-08 79.23732120153234 7485.166335978836
1.5654886024845538e-08 79.19840030292572 7504.171585648148
1.5662575502288436e-08 79.15951817191514 7513.8786375661375
1.5670264870717963e-08 79.12067475063608 7496.950851521164
1.5677954130130692e-08 79.08186998133914 7455.825148809524
1.56856432805232e-08 79.0431038063897 7362.535218253968
1.569333232189206e-08 79.0043761682677 7303.774429563492
1.5701021254233848e-08 78.96568700956733 7229.767485119048
1.5708710077545134e-08 78.92703627299674 7169.563492063492
1.5716398791822487e-08 78.8884239013778 7145.728422619048
1.572408739706248e-08 78.84984983764573 7126.9557705026455
1.5731775893261682e-08 78.81131402484891 7086.150876322751
1.5739464280416655e-08 78.77281640614856 7033.934027777777
1.5747152558523977e-08 78.73435692481841 7007.77273478836
1.5754840727580208e-08 78.69593552424456 7009.253141534392
1.576252878758191e-08 78.65755214792507 7042.391575727514
1.5770216738525652e-08 78.61920673946973 7129.137690145502
1.5777904580408e-08 78.58089924259977 7179.995205026455
1.5785592313225504e-08 78.54262960114765 7243.313698743386
1.5793279936974738e-08 78.50439775905667 7283.889219576719
1.5800967451652254e-08 78.46620366038083 7278.80042989418
1.5808654857254615e-08 78.4280472492844 7284.657407407408
1.581634215377838e-08 78.38992847004182 7223.920593584656
1.58240293412201e-08 78.35184726703733 7133.632895171958
1.5831716419576336e-08 78.31380358476464 7127.005332341269
1.583940338884364e-08 78.27579736782683 7137.290178571428
1.584709024901857e-08 78.23782856093594 7164.056630291006
1.5854777000097674e-08 78.19989710891275 7210.591807208994
1.5862463642077505e-08 78.16200295668652 7279.942791005291
1.587015017495462e-08 78.1241460492947 7341.5369543650795
1.5877836598725562e-08 78.08632633188267 7404.495866402116
1.5885522913386882e-08 78.04854374970355 7421.933366402116
1.5893209118935128e-08 78.01079824811781 7424.712342923281
1.5900895215366846e-08 77.97308977259306 7408.776951058201
1.5908581202678582e-08 77.93541826870381 7364.869543650793
1.5916267080866885e-08 77.8977836821312 7269.121238425926
1.592395284992829e-08 77.86018595866275 7157.9697833994705
1.593163850985935e-08 77.82262504419202 7030.705522486773
1.59393240606566e-08 77.78510088471849 6921.569857804233
1.594700950231658e-08 77.74761342634716 6824.401909722223
1.595469483483584e-08 77.71016261528837 6712.482432208994
1.5962380058210906e-08 77.67274839785755 6608.225446428572
1.597006517243832e-08 77.63537072047494 6566.3125
1.597775017751462e-08 77.5980295296653 6527.368344907408
1.5985435073436347e-08 77.5607247720577 6460.391493055556
1.5993119860200026e-08 77.5234563943853 6408.603463955026
1.6000804537802195e-08 77.48622434348505 6391.74607308201
1.6008489106239386e-08 77.44902856629737 6371.016493055556
1.6016173565508132e-08 77.41186900986602 6355.79083994709
1.6023857915604962e-08 77.37474562133782 6327.760003306878
1.603154215652641e-08 77.33765834796232 6337.041294642857
1.6039226288268994e-08 77.30060713709166 6337.98900462963
1.6046910310829258e-08 77.2635919361802 6318.650710978836
1.605459422420371e-08 77.22661269278447 6291.321965939153
1.606227802838889e-08 77.18966935456262 6242.4233630952385
1.6069961723381316e-08 77.15276186927449 6203.917576058201
1.607764530917751e-08 77.11589018478114 6181.3281663359785
1.6085328785774003e-08 77.07905424904469 6182.6150380291
1.6093012153167308e-08 77.0422540101281 6199.1114831349205
1.610069541135395e-08 77.0054894161949 6250.374379960317
1.6108378560330445e-08 76.96876041550891 6321.7807539682535
1.6116061600093313e-08 76.93206695643406 6381.3218005952385
1.6123744530639073e-08 76.89540898743405 6372.183201058201
1.613142735196424e-08 76.85878645707227 6312.7181712962965
1.6139110064065326e-08 76.82219931401144 6301.2484292328045
1.6146792666938852e-08 76.78564750701332 6254.271536044974
1.6154475160581326e-08 76.74913098493867 6219.713624338624
1.6162157544989267e-08 76.71264969674677 6213.047825727514
1.616983982015918e-08 76.67620359149538 6204.866236772486
1.6177521986087574e-08 76.63979261834042 6215.686094576719
1.6185204042770963e-08 76.6034167265357 6224.277901785715
1.6192885990205852e-08 76.56707586543274 6206.84197255291
1.6200567828388754e-08 76.53076998448049 6174.940848214285
1.6208249557316166e-08 76.49449903322521 6074.48615244709
1.6215931176984602e-08 76.45826296131003 5995.583622685185
1.6223612687390562e-08 76.42206171847492 5937.897569444444
1.6231294088530546e-08 76.38589525455637 5882.481068121693
1.623897538040106e-08 76.34976351948713 5838.1271081349205
1.624665656299861e-08 76.31366646329597 5799.904927248677
1.6254337636319684e-08 76.27760403610762 5771.828579695767
1.6262018600360793e-08 76.24157618814229 5773.378472222223
1.6269699455118425e-08 76.20558286971563 5756.172329695767
1.6277380200589084e-08 76.1696240312384 5720.766245039683
1.6285060836769266e-08 76.13369962321627 5700.926463293651
1.6292741363655463e-08 76.09780959624965 5680.828497023809
1.630042178124417e-08 76.06195390103338 5650.480034722223
1.6308102089531878e-08 76.02613248835652 5616.715525793651
1.6315782288515077e-08 75.9903453091022 5557.207878637566
1.632346237819027e-08 75.95459231424722 5497.285838293651
1.6331142358553935e-08 75.91887345486211 5428.687375992064
1.6338822229602562e-08 75.88318868211061 5388.46023478836
1.634650199133264e-08 75.84753794724965 5355.955935846561
1.635418164374066e-08 75.811921201629 5337.093460648148
1.63618611868231e-08 75.77633839669119 5362.251281415344
1.6369540620576455e-08 75.74078948397107 5432.540343915344
1.63772199449972e-08 75.70527441509587 5455.855034722223
1.638489916008182e-08 75.66979314178477 5500.838831018518
1.63925782658268e-08 75.63434561584873 5537.23152281746
1.6400257262228616e-08 75.59893178919032 5524.104497354498
1.640793614928375e-08 75.56355161380347 5511.692584325397
1.6415614926988677e-08 75.52820504177325 5464.699776785715
1.642329359533988e-08 75.49289202527562 5415.190434854498
1.6430972154333834e-08 75.45761251657733 5375.243055555556
1.643865060396701e-08 75.42236646803559 5312.015997023809
1.6446328944235893e-08 75.38715383209784 5235.244047619048
1.6454007175136945e-08 75.35197456130169 5177.501240079365
1.646168529666664e-08 75.31682860827455 5169.861896494709
1.6469363308821456e-08 75.28171592573345 5212.49644510582
1.6477041211597865e-08 75.2466364664849 5266.937954695767
1.6484719004992324e-08 75.21159018342465 5352.656622023809
1.6492396689001306e-08 75.17657702953741 5425.169188161376
1.6500074263621286e-08 75.14159695789667 5497.31072255291
1.6507751728848724e-08 75.10664992166458 5544.282779431217
1.6515429084680084e-08 75.07173587409164 5552.387359457672
1.6523106331111835e-08 75.0368547685165 5545.62214781746
1.6530783468140437e-08 75.00200655836582 5505.568907076719
1.653846049576235e-08 74.96719119715401 5462.562169312169
1.654613741397404e-08 74.93240863848295 5476.06712962963
1.6553814222771962e-08 74.89765883604201 5466.1391369047615
1.6561490922152583e-08 74.86294174360756 5515.154637896825
1.6569167512112353e-08 74.82825731504302 5551.823660714285
1.657684399264773e-08 74.79360550429847 5592.507481812169
1.6584520363755174e-08 74.75898626541053 5628.999338624339
1.659219662543114e-08 74.72439955250216 5601.523148148148
1.6599872777672078e-08 74.68984531978242 5552.022197420635
1.6607548820474438e-08 74.65532352154634 5559.9370039682535
1.6615224753834682e-08 74.62083411217458 5542.16228505291
1.6622900577749256e-08 74.58637704613338 5515.620701058201
1.66305762922146e-08 74.55195227797435 5517.909680886243
1.663825189722718e-08 74.51755976233406 5496.5536541005295
1.6645927392783434e-08 74.48319945393413 5466.346808862434
1.6653602778879806e-08 74.4488713075809 5422.273272156084
1.6661278055512755e-08 74.41457527816512 5361.946221891534
1.666895322267871e-08 74.38031132066199 5257.497561177249
1.667662828037412e-08 74.34607939013077 5197.015459656084
1.6684303228595432e-08 74.31187944171467 5118.329241071428
1.6691978067339084e-08 74.2777114306406 5059.534391534392
1.669965279660151e-08 74.2435753122191 5017.552620701058
1.670732741637916e-08 74.20947104184393 5003.672495039683
1.6715001926668472e-08 74.17539857499207 5028.743551587301
1.6722676327465875e-08 74.1413578672235 5031.498635912699
1.673035061876781e-08 74.1073488741809 5033.159143518518
1.6738024800570717e-08 74.07337155158949 5024.0713458994705
1.674569887287102e-08 74.039425855257 4997.131489748677
1.675337283566516e-08 74.00551174107318 4987.927703373016
1.6761046688949572e-08 73.97162916500987 4973.649718915344
1.676872043272067e-08 73.9377780831208 4955.412739748677
1.677639406697491e-08 73.9039584515411 4910.906787367725
1.67840675917087e-08 73.87017022648753 4858.586846891534
1.6791741006918478e-08 73.836413364258 4818.110780423281
1.6799414312600666e-08 73.80268782123144 4780.94816468254
1.6807087508751696e-08 73.76899355386772 4696.594576719577
1.6814760595367986e-08 73.73533051870733 4607.39451058201
1.6822433572445968e-08 73.70169867237124 4544.727099867725
1.6830106439982056e-08 73.6680979715608 4477.765542328042
1.683777919797268e-08 73.63452837305736 4441.844370039683
1.6845451846414257e-08 73.60098983372231 4432.184358465608
1.6853124385303206e-08 73.56748231049671 4436.680803571428
1.6860796814635944e-08 73.53400576040124 4450.257357804233
1.6868469134408895e-08 73.5005601405359 4473.8025793650795
1.687614134461847e-08 73.46714540807992 4492.213293650793
1.6883813445261087e-08 73.43376152029153 4500.196676587301
1.689148543633316e-08 73.40040843450782 4506.675843253968
1.6899157317831102e-08 73.36708610814448 4515.682498346561
1.6906829089751325e-08 73.33379449869571 4492.640790343916
1.6914500752090244e-08 73.30053356373396 4449.387152777777
1.6922172304844272e-08 73.26730326090981 4400.550181878307
1.6929843748009806e-08 73.23410354795179 4349.1505869709
1.6937515081583262e-08 73.20093438266613 4301.430844907408
1.6945186305561048e-08 73.16779572293666 4251.003348214285
1.6952857419939573e-08 73.13468752672455 4229.863425925926
1.6960528424715238e-08 73.10160975206826 4218.745701058201
1.6968199319884445e-08 73.06856235708327 4194.472718253968
1.6975870105443602e-08 73.03554529996185 4161.8179770171955
1.698354078138911e-08 73.00255853897305 4143.509424603175
1.6991211347717362e-08 72.96960203246236 4120.194361772486
1.6998881804424775e-08 72.9366757388516 4104.417762070106
1.7006552151507732e-08 72.90377961663881 4067.0272197420636
1.701422238896264e-08 72.87091362439796 4031.9230944113756
1.7021892516785892e-08 72.83807772077883 4011.4802000661375
1.7029562534973883e-08 72.80527186450688 4002.400008267196
1.7037232443523015e-08 72.77249601438294 3980.2389012896824
1.7044902242429674e-08 72.73975012928327 3987.6985367063494
1.7052571931690254e-08 72.70703416815911 3993.2682705026455
1.7060241511301144e-08 72.67434809003677 4008.1875
1.706791098125875e-08 72.6416918540172 4033.1007771164022
1.7075580341559444e-08 72.60906541927609 4041.966786541005
1.708324959219962e-08 72.5764687450635 4057.8646040013227
1.7090918733175663e-08 72.54390179070376 4050.68607390873
1.709858776448397e-08 72.51136451559528 3991.1613756613756
1.7106256686120914e-08 72.47885687921044 3969.961040839947
1.7113925498082885e-08 72.44637884109537 3933.700066137566
1.7121594200366268e-08 72.41393036086976 3881.0392691798943
1.712926279296744e-08 72.38151139822676 3843.041997354497
1.7136931275882788e-08 72.34912191293277 3813.9845403439153
1.714459964910869e-08 72.31676186482727 3791.3986441798943
1.7152267912641525e-08 72.28443121382269 3775.2795138888887
1.715993606647767e-08 72.2521299199042 3748.1565806878307
1.7167604110613505e-08 72.21985794312955 3712.336330191799
1.71752720450454e-08 72.187615243629 3695.642588458995
1.7182939869769736e-08 72.15540178160498 3687.554749503968
1.7190607584782883e-08 72.12321751733207 3653.212880291005
1.719827519008122e-08 72.09106241115678 3610.2656043320108
1.7205942685661114e-08 72.0589364234974 3598.570271164021
1.7213610071518932e-08 72.02683951484389 3572.16441385582
1.722127734765105e-08 71.99477164575754 3520.3809110449733
1.722894451405384e-08 71.96273277687102 3501.1219204695767
1.723661157072366e-08 71.93072286888815 3469.461412863757
1.7244278517656878e-08 71.89874188258366 3468.4093295304233
1.725194535484987e-08 71.86678977880311 3483.729497354497
1.7259612082298984e-08 71.83486651846275 3518.8630745701057
1.7267278700000602e-08 71.80297206254922 3546.4573206018517
1.727494520795107e-08 71.77110637211963 3556.4536416997353
1.7282611606146764e-08 71.73926940830111 3541.8030133928573
1.729027789458403e-08 71.70746113229099 3486.560577876984
1.7297944073259234e-08 71.6756815053563 3458.2814566798943
1.7305610142168734e-08 71.64393048883382 3426.9038938492063
1.7313276101308892e-08 71.61220804412989 3404.5143642526455
1.732094195067606e-08 71.58051413272024 3432.248904596561
1.7328607690266587e-08 71.54884871614982 3458.8757027116403
1.733627332007683e-08 71.51721175603268 3506.6712549603176
1.7343938840103152e-08 71.48560321405172 3567.7079406415346
1.7351604250341896e-08 71.4540230519587 3620.0049189814813
1.7359269550789414e-08 71.42247123157394 3646.859933035714
1.7366934741442053e-08 71.39094771478625 3627.5504918981483
1.7374599822296167e-08 71.3594524635527 3599.1885127314813
1.73822647933481e-08 71.32798543989855 3548.908585482804
1.7389929654594205e-08 71.29654660591703 3494.1168774801586
1.7397594406030816e-08 71.2651359237693 3440.7011202050267
1.7405259047654285e-08 71.2337533556841 3403.2106894841268
1.7412923579460957e-08 71.20239886395777 3388.9591393849205
1.7420588001447174e-08 71.17107241095407 3382.619254298942
1.7428252313609273e-08 71.13977395910396 3375.181526951058
1.7435916515943595e-08 71.10850347090555 3388.4346064814813
1.7443580608446486e-08 71.07726090892379 3421.840422453704
1.745124459111428e-08 71.04604623579051 3429.996941137566
1.745890846394331e-08 71.01485941420422 3449.53480489418
1.7466572226929916e-08 70.98370040692983 3477.4573206018517
1.7474235880070432e-08 70.95256917679865 3496.122230489418
1.7481899423361197e-08 70.92146568670816 3522.176277281746
1.7489562856798535e-08 70.89038989962197 3538.3796916335978
1.7497226180378783e-08 70.8593417785695 3527.3128100198414
1.7504889394098273e-08 70.82832128664599 3512.122581845238
1.7512552497953334e-08 70.79732838701229 3479.561549272487
1.7520215491940294e-08 70.76636304289467 3434.6506489748676
1.7527878376055478e-08 70.73542521758482 3380.9968171296296
1.753554115029522e-08 70.7045148744395 3307.894469246032
1.754320381465584e-08 70.67363197688059 3252.6725777116403
1.7550866369133656e-08 70.64277648839482 3205.3400090939153
1.7558528813725008e-08 70.61194837253363 3162.051318617725
1.7566191148426203e-08 70.58114759291315 3142.3661334325398
1.7573853373233572e-08 70.55037411321389 3107.763310185185
1.7581515488143432e-08 70.51962789718071 3074.053158068783
1.75891774931521e-08 70.48890890862266 3062.1536665013227
1.75968393882559e-08 70.4582171114128 3044.5228174603176
1.7604501173451143e-08 70.42755246948805 3015.495122354497
1.7612162848734145e-08 70.39691494684917 2969.79332010582
1.7619824414101224e-08 70.36630450756043 2925.438140707672
1.7627485869548693e-08 70.33572111574964 2895.8595610119046
1.763514721507287e-08 70.30516473560786 2891.952029596561
1.764280845067006e-08 70.27463533138945 2889.4157366071427
1.7650469576336573e-08 70.24413286741172 2891.7300553902114
1.7658130592068725e-08 70.21365730805492 2907.7673611111113
1.766579149786282e-08 70.1832086177621 2912.458519345238
1.7673452293715167e-08 70.15278676103893 2920.895089285714
1.768111297962207e-08 70.12239170245356 2903.1736937830688
1.768877355557984e-08 70.09202340663647 2871.7713500330688
1.7696434021584773e-08 70.06168183828046 2821.85654348545
1.7704094377633183e-08 70.0313669621403 2768.3590856481483
1.7711754623721364e-08 70.00107874303279 2736.679253472222
1.771941475984562e-08 69.9708171458365 2706.9695560515875
1.7727074786002256e-08 69.94058213549168 2693.50958994709
1.773473470218756e-08 69.91037367700015 2684.3495163690477
1.7742394508397838e-08 69.8801917354251 2683.162533068783
1.7750054204629387e-08 69.85003627589101 2672.845031415344
1.7757713790878495e-08 69.8199072635835 2683.3923197751324
1.776537326714147e-08 69.78980466374915 2675.504360945767
1.7773032633414596e-08 69.7597284416955 2663.5184771825398
1.7780691889694165e-08 69.72967856279074 2654.2204654431216
1.778835103597648e-08 69.69965499246368 2647.5657242063494
1.779601007225782e-08 69.66965769620363 2648.6632357804233
1.780366899853448e-08 69.63968663956024 2645.3576595568784
1.781132781480274e-08 69.60974178814335 2619.963996362434
1.7818986521058903e-08 69.57982310762286 2592.521970072751
1.7826645117299238e-08 69.54993056372865 2561.056030919312
1.7834303603520044e-08 69.52006412225037 2533.224185681217
1.7841961979717597e-08 69.49022374903741 2511.8301297949733
1.7849620245888184e-08 69.46040940999868 2491.8708250661375
1.785727840202809e-08 69.43062107110246 2462.9908234126983
1.7864936448133588e-08 69.40085869837645 2456.8081803902114
1.7872594384200963e-08 69.3711222579074 2444.098131613757
1.7880252210226493e-08 69.34141171584118 2415.027240410053
1.7887909926206455e-08 69.31172703838249 2377.9158812830688
1.7895567532137128e-08 69.28206819179485 2345.8977347883597
1.7903225028014788e-08 69.25243514240044 2311.1548859126983
1.7910882413835707e-08 69.22282785657995 2287.4025710978835
1.7918539689596156e-08 69.1932463007725 2268.9478133267194
1.7926196855292413e-08 69.16369044147541 2260.0172991071427
1.7933853910920748e-08 69.1341602452442 2256.411623677249
1.7941510856477433e-08 69.1046556786924 2256.4902860449733
1.794916769195873e-08 69.07517670849143 2260.9905133928573
1.7956824417360917e-08 69.04572330137044 2267.6575107473545
1.7964481032680254e-08 69.01629542411631 2273.1989914021165
1.797213753791301e-08 68.98689304357335 2280.579406415344
1.797979393305545e-08 68.9575161266433 2288.566468253968
1.798745021810383e-08 68.92816464028519 2277.743468915344
1.7995106393054427e-08 68.89883855151511 2286.64453125
1.8002762457903496e-08 68.86953782740628 2290.5205853174602
1.8010418412647302e-08 68.84026243508873 2290.4832589285716
1.8018074257282092e-08 68.81101234174936 2294.3220072751324
1.802572999180414e-08 68.7817875146316 2293.3806216931216
1.8033385616209693e-08 68.75258792103553 2298.505249669312
1.8041041130495013e-08 68.72341352831755 2309.11505869709
1.804869653465635e-08 68.69426430389042 2301.9139384920636
1.8056351828689965e-08 68.66514021522299 2283.8254794973545
1.806400701259211e-08 68.63604122984019 2261.0236441798943
1.8071662086359032e-08 68.60696731532292 2194.0822585978835
1.8079317049986982e-08 68.57791843930781 2151.3203125
1.8086971903472217e-08 68.5488945694872 2166.6380208333335
1.8094626646810986e-08 68.51989567360901 2150.4667452050267
1.8102281279999528e-08 68.4909217194766 2137.3301297949733
1.81099358030341e-08 68.46197267494863 2123.6960565476193
1.8117590215910937e-08 68.433048507939 2115.9225570436506
1.812524451862629e-08 68.4041491864167 2108.5310019841268
1.8132898711176405e-08 68.37527467840565 2105.0007233796296
1.8140552793557517e-08 68.34642495198466 2103.899925595238
1.8148206765765878e-08 68.31759997528722 2099.8312251984125
1.815586062779772e-08 68.28879971650153 2097.881345072751
1.8163514379649283e-08 68.26002414387024 2090.7581845238096
1.8171168021316807e-08 68.23127322569036 2083.8698743386244
1.817882155279653e-08 68.20254693031319 2064.668568121693
1.818647497408469e-08 68.1738452261442 2047.1097056878307
1.8194128285177516e-08 68.14516808164286 2031.496734457672
1.8201781486071246e-08 68.11651546532259 2007.9271763392858
1.8209434576762115e-08 68.08788734575059 1723.439163773148
1.8217087557246348e-08 68.05928369154778 1139.5636884093915
