string
20201022_p11_degreeper_secondprocessedoffset angle 0.14182420461202752 in rad by: offset_angle in degree:_9.3offset 0th. order in px_-145
nm eV  counts
1.4134923804927448e-08 87.71479402387611 377.321285187252
1.4142651017581217e-08 87.6668687186797 552.0275452628969
1.4150378100382549e-08 87.61899655945419 667.4071154720568
1.4158105053329076e-08 87.57117745788045 677.6233336433531
1.4165831876418444e-08 87.52341132583484 672.8796451306217
1.417355856964828e-08 87.47569807538893 675.6138057002315
1.4181285133016232e-08 87.4280376188086 680.7511005704365
1.4189011566519932e-08 87.38042986855386 687.0951760912699
1.4196737870157008e-08 87.3328747372781 683.4927739541997
1.4204464043925095e-08 87.28537213782766 687.2442465484457
1.4212190087821826e-08 87.2379219832412 687.4083167989418
1.4219916001844828e-08 87.19052418674926 685.8014400421627
1.4227641785991731e-08 87.14317866177369 685.8412982597553
1.423536744026016e-08 87.09588532192714 691.9921409970239
1.4243092964647744e-08 87.04864408101248 691.9404658564815
1.4250818359152104e-08 87.0014548530224 690.1765072131283
1.4258543623770864e-08 86.95431755213872 692.4839358052249
1.4266268758501649e-08 86.907232092732 694.1160455935847
1.4273993763342074e-08 86.86019838936102 697.0173662781085
1.4281718638289763e-08 86.81321635677213 700.1167173032408
1.4289443383342337e-08 86.76628590989891 702.9182219328703
1.4297167998497406e-08 86.71940696386154 702.3522006241733
1.430489248375259e-08 86.67257943396633 696.2844044518849
1.4312616839105502e-08 86.62580323570522 699.5559585813492
1.432034106455375e-08 86.57907828475524 700.8222087880291
1.4328065160094956e-08 86.53240449697799 703.1853014426257
1.4335789125726724e-08 86.4857817884192 708.3997473338294
1.4343512961446663e-08 86.43921007530821 703.0855809771825
1.4351236667252384e-08 86.3926892740574 709.6365482390873
1.4358960243141488e-08 86.3462193012618 705.9165168237433
1.4366683689111589e-08 86.29980007369844 708.0560903397817
1.4374407005160286e-08 86.25343150832602 709.5075231481482
1.4382130191285184e-08 86.20711352228432 706.7341605696098
1.4389853247483878e-08 86.16084603289374 712.3926711309524
1.4397576173753976e-08 86.11462895765476 717.708408254795
1.4405298970093072e-08 86.06846221424753 714.3678488756614
1.4413021636498766e-08 86.02234572053128 712.3202582465278
1.4420744172968657e-08 85.97627939454391 717.5524708581349
1.4428466579500334e-08 85.93026315450155 717.8478706803902
1.4436188856091394e-08 85.88429691879789 715.9788669808202
1.4443911002739434e-08 85.83838060600387 717.724281270668
1.4451633019442038e-08 85.79251413486719 719.9010132481812
1.44593549061968e-08 85.74669742431173 721.0645874669312
1.4467076663001307e-08 85.70093039343718 717.9376730944114
1.4474798289853148e-08 85.65521296151844 725.3689546130952
1.4482519786749909e-08 85.6095450480053 720.7677796378969
1.4490241153689175e-08 85.56392657252181 728.3218341807209
1.449796239066853e-08 85.51835745486595 723.1836764219577
1.4505683497685553e-08 85.4728376150091 723.563068369709
1.451340447473783e-08 85.42736697309546 722.4074409928902
1.4521125321822939e-08 85.38194544944182 725.4612087673611
1.4528846038938453e-08 85.33657296453691 721.8346224991733
1.4536566626081958e-08 85.29124943904097 723.6660595444775
1.4544287083251029e-08 85.24597479378531 735.1704437417328
1.4552007410443234e-08 85.2007489497719 729.4099779885913
1.4559727607656149e-08 85.15557182817284 721.6864020130622
1.456744767488735e-08 85.11044335032987 705.0698190517527
1.4575167612134404e-08 85.06536343775402 735.1559322296627
1.4582887419394885e-08 85.02033201212504 732.4396107184193
1.4590607096666355e-08 84.97534899529109 732.9716461020172
1.4598326643946385e-08 84.93041430926814 736.3729409515543
1.4606046061232538e-08 84.8855278762396 738.6365973255622
1.4613765348522384e-08 84.84068961855586 738.7248961433531
1.4621484505813481e-08 84.79589945873383 745.3950376157408
1.4629203533103391e-08 84.7511573194565 743.8956137359457
1.4636922430389678e-08 84.70646312357249 741.8386605076058
1.46446411976699e-08 84.66181679409564 745.6516694568452
1.4652359834941611e-08 84.61721825420452 749.1236539971892
1.466007834220237e-08 84.57266742724201 755.7616748305225
1.4667796719449738e-08 84.52816423671483 750.6401341352513
1.467551496668126e-08 84.4837086062932 756.1983351934524
1.4683233083894494e-08 84.43930045981031 753.0820777529761
1.4690951071086997e-08 84.39493972126185 753.8890749007936
1.4698668928256308e-08 84.35062631480577 753.8371078249008
1.4706386655399983e-08 84.30636016476157 751.5470377604166
1.4714104252515568e-08 84.26214119561014 762.0223601810516
1.4721821719600611e-08 84.21796933199312 759.4934482473545
1.4729539056652656e-08 84.17384449871258 762.6101578000992
1.4737256263669245e-08 84.12976662073063 765.6462776951058
1.4744973340647924e-08 84.08573562316887 763.6052646536045
1.4752690287586233e-08 84.04175143130803 763.7817770337301
1.4760407104481711e-08 83.9978139705876 763.9436538938492
1.4768123791331902e-08 83.9539231666053 768.8145357969577
1.4775840348134336e-08 83.91007894511681 773.816646515377
1.4783556774886551e-08 83.86628123203518 778.3570085152116
1.4791273071586085e-08 83.82252995343049 777.7052408854166
1.4798989238230472e-08 83.77882503552948 775.683425822586
1.4806705274817238e-08 83.73516640471512 783.5381634424604
1.4814421181343925e-08 83.69155398752604 783.7241624297288
1.482213695780805e-08 83.64798771065644 778.0419689360119
1.4829852604207152e-08 83.60446750095531 781.1657314401455
1.4837568120538754e-08 83.56099328542632 785.62548828125
1.484528350680038e-08 83.51756499122723 793.7248470568783
1.4852998762989557e-08 83.47418254566955 787.3191731770834
1.486071388910381e-08 83.43084587621816 783.7397590112433
1.4868428885140657e-08 83.38755491049082 792.5521298363095
1.4876143751097623e-08 83.34430957625787 791.1079334077381
1.4883858486972225e-08 83.30110980144177 795.7824151579034
1.4891573092761981e-08 83.25795551411672 795.6078791542659
1.4899287568464411e-08 83.21484664250816 800.0888852719908
1.4907001914077024e-08 83.17178311499264 802.4926008597884
1.4914716129597345e-08 83.12876486009705 801.2386636078043
1.4922430215022875e-08 83.08579180649858 806.6483625785384
1.4930144170351132e-08 83.04286388302407 808.6160352595899
1.4937857995579632e-08 82.99998101864972 804.7505011987433
1.4945571690705873e-08 82.95714314250077 809.6567873677249
1.495328525572737e-08 82.91435018385096 821.5558500744048
1.4960998690641628e-08 82.87160207212222 817.5921198123347
1.496871199544615e-08 82.8288987368843 815.6298595610119
1.4976425170138444e-08 82.78624010785434 814.7980814938823
1.498413821471601e-08 82.7436261148965 831.4243422412368
1.4991851129176354e-08 82.70105668802161 830.8583622685185
1.4999563913516972e-08 82.65853175738671 834.7006500082672
1.5007276567735362e-08 82.61605125329477 841.6635096312831
1.5014989091829024e-08 82.57361510619421 844.6677569031085
1.5022701485795457e-08 82.53122324667855 844.3830140128969
1.5030413749632154e-08 82.48887560548609 848.6289630869709
1.5038125883336603e-08 82.44657211349949 851.4918748966601
1.5045837886906304e-08 82.40431270174534 855.5330972015543
1.5053549760338743e-08 82.3620973013939 862.6089538897156
1.5061261503631413e-08 82.31992584375863 861.5481770833334
1.50689731167818e-08 82.27779826029584 866.8216533358135
1.5076684599787397e-08 82.23571448260435 869.6052078166337
1.508439595264569e-08 82.19367444242509 874.3381877273479
1.5092107175354152e-08 82.1516780716408 878.8804796006945
1.509981826791028e-08 82.10972530227549 876.9367301173942
1.5107529230311548e-08 82.0678160664943 884.9421838831018
1.5115240062555438e-08 82.02595029660297 888.857414124504
1.5122950764639435e-08 81.9841279250475 887.4778154968585
1.513066133656101e-08 81.94234888441389 889.982334036045
1.5138371778317646e-08 81.9006131074276 897.380603608631
1.514608208990682e-08 81.8589205269534 899.770492311508
1.5153792271326e-08 81.81727107599481 896.9206891741071
1.5161502322572656e-08 81.77566468769393 906.4863513764881
1.5169212243644272e-08 81.73410129533089 906.1532738095239
1.517692203453831e-08 81.69258083232363 907.7921058614418
1.518463169525224e-08 81.6511032322275 913.7687174479166
1.5192341225783538e-08 81.60966842873489 916.9890382151125
1.5200050626129663e-08 81.56827635567495 921.9107375372024
1.5207759896288077e-08 81.52692694701315 919.1199776785714
1.5215469036256254e-08 81.48562013685093 924.9763351521163
1.522317804603165e-08 81.44435585942544 928.3261305390212
1.5230886925611723e-08 81.40313404910911 929.6651165674604
1.5238595674993946e-08 81.36195464040927 934.4035269923942
1.5246304294175767e-08 81.32081756796798 934.4494641823743
1.5254012783154645e-08 81.27972276656148 933.3666010458003
1.526172114192804e-08 81.23867017109991 943.5694857804233
1.526942937049341e-08 81.19765971662703 946.3655598958334
1.5277137468848197e-08 81.15669133831987 944.6299887359457
1.5284845436989864e-08 81.11576497148825 947.2699549437831
1.529255327491586e-08 81.07488055157461 955.0286044973545
1.5300260982623634e-08 81.03403801415358 957.2312903025794
1.5307968560110635e-08 80.99323729493169 959.5172319361773
1.5315676007374307e-08 80.95247832974698 968.7224444031085
1.53233833244121e-08 80.9117610545687 974.940910218254
1.533109051122146e-08 80.87108540549694 976.5447875330688
1.5338797567799825e-08 80.83045131876237 978.5022218088625
1.534650449414464e-08 80.78985873072581 981.8691354580027
1.535421129025335e-08 80.74930757787797 990.4918103091932
1.5361917956123388e-08 80.70879779683911 995.0658740492725
1.5369624491752194e-08 80.66832932435865 1003.6292937748016
1.5377330897137205e-08 80.62790209731493 1002.9067873677249
1.538503717227586e-08 80.58751605271478 1003.1766338045635
1.539274331716559e-08 80.54717112769332 1014.9536830357143
1.540044933180383e-08 80.50686725951351 1021.9368334573413
1.540815521618801e-08 80.46660438556592 1023.5665819279101
1.541586097031556e-08 80.42638244336833 1032.2501963458994
1.542356659418391e-08 80.38620137056546 1045.727322048611
1.5431272087790493e-08 80.34606110492862 1048.982204861111
1.5438977451132725e-08 80.30596158435543 1048.3995587384259
1.5446682684208043e-08 80.2659027468694 1056.7593109292327
1.5454387787013865e-08 80.22588453061975 1060.4741185102514
1.546209275954761e-08 80.18590687388101 1064.0031570353835
1.5469797601806705e-08 80.14596971505266 1066.266689401455
1.547750231378857e-08 80.10607299265891 1072.1199880125662
1.5485206895490622e-08 80.06621664534835 1076.0059368799602
1.5492911346910278e-08 80.02640061189362 1079.3591786541006
1.5500615668044957e-08 79.9866248311911 1079.3039331183863
1.5508319858892072e-08 79.94688924226057 1084.7086123511904
1.5516023919449035e-08 79.90719378424498 1092.9533833498676
1.552372784971326e-08 79.86753839641008 1094.5067842675264
1.5531431649682162e-08 79.82792301814409 1097.2298642113096
1.5539135319353147e-08 79.78834758895746 1103.0014260912699
1.554683885872362e-08 79.7488120484825 1109.9638775214946
1.5554542267790997e-08 79.70931633647311 1108.0822585978835
1.556224554655267e-08 79.66986039280447 1117.7271360367063
1.556994869500606e-08 79.63044415747265 1117.9299458498676
1.5577651713148564e-08 79.59106757059449 1123.3774543237435
1.5585354600977573e-08 79.55173057240718 1120.205150462963
1.5593057358490506e-08 79.51243310326782 1117.2038948826057
1.560075998568475e-08 79.47317510365346 1122.0020151289682
1.560846248255771e-08 79.43395651416049 1128.000687210648
1.5616164849106773e-08 79.39477727550448 1128.2642970816798
1.5623867085329347e-08 79.35563732851986 1133.7446263227514
1.5631569191222815e-08 79.31653661415965 1139.4955305472884
1.5639271166784578e-08 79.27747507349505 1142.4373449900793
1.5646973012012028e-08 79.2384526477153 1145.8741939484128
1.5654674726902548e-08 79.19946927812731 1146.7564794146826
1.566237631145353e-08 79.16052490615533 1148.0925667576057
1.5670077765662362e-08 79.1216194733407 1161.4800967261904
1.5677779089526435e-08 79.08275292134157 1157.5956359540344
1.568548028304313e-08 79.04392519193257 1157.381587921627
1.569318134620983e-08 79.00513622700456 1162.4426204943784
1.5700882279023917e-08 78.96638596856431 1164.6402788111773
1.5708583081482778e-08 78.92767435873422 1165.837554770172
1.571628375358378e-08 78.88900133975206 1169.5205904844577
1.5723984295324318e-08 78.85036685397057 1174.2116712136244
1.5731684706701763e-08 78.81177084385733 1172.7657645089287
1.5739384987713483e-08 78.77321325199446 1182.393978381283
1.5747085138356862e-08 78.73469402107813 1186.1721281828704
1.5754785158629272e-08 78.69621309391854 1187.6492125496031
1.576248504852808e-08 78.6577704134395 1185.4804480820105
1.5770184808050665e-08 78.6193659226781 1182.3783637152778
1.577788443719439e-08 78.5809995647846 1192.0779906580688
1.578558393595663e-08 78.54267128302202 1192.3844194361773
1.579328330433474e-08 78.50438102076585 1194.0386956431878
1.5800982542326094e-08 78.46612872150385 1191.955005787037
1.5808681649928057e-08 78.42791432883568 1196.248134713955
1.5816380627137992e-08 78.38973778647274 1191.8383349867725
1.5824079473953254e-08 78.35159903823781 1201.9261636078043
1.5831778190371212e-08 78.31349802806474 1203.8693938078704
1.583947677638922e-08 78.27543469999831 1206.5957702959656
1.584717523200464e-08 78.23740899819384 1211.0042162698412
1.5854873557214822e-08 78.19942086691694 1206.3798311425264
1.5862571752017122e-08 78.16147025054327 1211.4466300843253
1.58702698164089e-08 78.12355709355822 1215.3899067873676
1.5877967750387508e-08 78.08568134055668 1210.3889870618386
1.5885665553950296e-08 78.04784293624274 1208.2038173776455
1.5893363227094604e-08 78.01004182542957 1220.239738343254
1.5901060769817795e-08 77.97227795303881 1217.2034918568122
1.5908758182117208e-08 77.93455126410066 1216.375537367725
1.591645546399019e-08 77.89686170375342 1220.1272218088625
1.592415261543409e-08 77.85920921724326 1221.160476603836
1.5931849636446248e-08 77.821593749924 1227.8760437334656
1.593954652702401e-08 77.78401524725678 1224.9489604001324
1.5947243287164708e-08 77.74647365480986 1221.9463562334656
1.5954939916865692e-08 77.70896891825828 1233.4412099041006
1.5962636416124297e-08 77.67150098338368 1232.878890749008
1.5970332784937855e-08 77.634069796074 1227.2505270337301
1.59780290233037e-08 77.59667530232325 1225.0446790261244
1.5985725131219178e-08 77.55931744823113 1231.368861607143
1.5993421108681614e-08 77.52199618000293 1237.7844070353835
1.6001116955688345e-08 77.48471144394921 1232.5184513475529
1.600881267223669e-08 77.44746318648554 1234.1364345651455
1.601650825832399e-08 77.4102513541322 1241.4769913607804
1.602420371394757e-08 77.373075893514 1240.6825810185185
1.603189903910475e-08 77.33593675136002 1242.7667720734128
1.6039594233792862e-08 77.29883387450323 1245.6310040509259
1.604728929800923e-08 77.2617672098804 1250.3783998842594
1.6054984231751174e-08 77.22473670453181 1249.2886078042327
1.6062679035016018e-08 77.18774230560089 1248.9835947833994
1.6070373707801077e-08 77.15078396033411 1253.3413370122355
1.6078068250103672e-08 77.11386161608064 1260.7351655505952
1.608576266192112e-08 77.07697522029213 1259.981109457672
1.6093456943250742e-08 77.0401247205224 1263.6219308035713
1.6101151094089847e-08 77.00331006442737 1268.8156570353835
1.6108845114435745e-08 76.9665311997646 1269.8555772569443
1.6116539004285762e-08 76.92978807439312 1269.5671606316137
1.6124232763637194e-08 76.89308063627328 1275.353572461971
1.6131926392487355e-08 76.85640883346636 1277.6723038607804
1.6139619890833562e-08 76.81977261413437 1281.2856161127645
1.6147313258673105e-08 76.78317192653991 1285.5252097800926
1.6155006496003307e-08 76.7466067190457 1287.7246610449736
1.616269960282146e-08 76.71007694011463 1290.1784422536375
1.6170392579124874e-08 76.67358253830925 1291.591533358135
1.6178085424910847e-08 76.6371234622917 1303.3889663938492
1.6185778140176682e-08 76.60069966082338 1301.8595403439153
1.6193470724919674e-08 76.56431108276477 1294.882275132275
1.620116317913712e-08 76.52795767707518 1302.1680152529761
1.6208855502826326e-08 76.49163939281242 1300.1581101190477
1.621654769598458e-08 76.45535617913268 1297.780784970238
1.6224239758609173e-08 76.41910798529028 1302.0923549107142
1.6231931690697404e-08 76.38289476063737 1307.250031001984
1.623962349224656e-08 76.34671645462372 1304.499431630291
1.6247315163253932e-08 76.31057301679651 1312.0632233796296
1.6255006703716813e-08 76.27446439680006 1316.6939225777116
1.626269811363248e-08 76.23839054437566 1318.076859085648
1.6270389392998228e-08 76.20235140936121 1314.4513940558863
1.6278080541811336e-08 76.16634694169117 1319.9826802248676
1.6285771560069088e-08 76.13037709139614 1318.7644830935847
1.629346244776877e-08 76.09444180860272 1317.8718739666006
1.6301153204907663e-08 76.05854104353332 1315.319000082672
1.6308843831483044e-08 76.02267474650588 1323.7402292080026
1.6316534327492187e-08 75.98684286793366 1329.3432022982804
1.632422469293238e-08 75.95104535832489 1329.564411789021
1.6331914927800883e-08 75.91528216828281 1328.8171451306216
1.6339605032094984e-08 75.87955324850518 1339.2143218832673
1.6347295005811945e-08 75.84385854978417 1334.4016255373676
1.6354984848949046e-08 75.80819802300613 1336.6212642609128
1.6362674561503555e-08 75.77257161915138 1332.3771804728835
1.6370364143472737e-08 75.73697928929391 1337.3046254960318
1.6378053594853865e-08 75.70142098460126 1345.037166211971
1.6385742915644203e-08 75.6658966563342 1341.274429563492
1.6393432105841014e-08 75.63040625584658 1334.262984664352
1.6401121165441563e-08 75.59494973458507 1339.6791656332673
1.6408810094443115e-08 75.55952704408895 1342.9731471147486
1.6416498892842927e-08 75.5241381359899 1342.2559213789682
1.6424187560638262e-08 75.48878296201171 1342.3073433366403
1.6431876097826374e-08 75.45346147397022 1351.3200179811508
1.6439564504404527e-08 75.41817362377289 1353.485031208664
1.6447252780369968e-08 75.38291936341876 1353.752490492725
1.645494092571996e-08 75.34769864499815 1361.3509166253307
1.646262894045175e-08 75.31251142069243 1343.8360770089287
1.6470316824562595e-08 75.27735764277388 1335.489769345238
1.647800457804974e-08 75.2422372636054 1355.6459831762565
1.648569220091044e-08 75.20715023564027 1355.7008411871693
1.6493379693141936e-08 75.17209651142205 1354.993835772156
1.650106705474148e-08 75.1370760435843 1354.544704861111
1.6508754285706314e-08 75.10208878485035 1351.867451016865
1.6516441386033686e-08 75.06713468803308 1358.420361069775
1.6524128355720837e-08 75.03221370603474 1348.9051752645503
1.6531815194765005e-08 74.9973257918468 1365.3900514632937
1.6539501903163436e-08 74.96247089854957 1364.389663938492
1.654718848091336e-08 74.92764897931218 1363.3687944361773
1.655487492801202e-08 74.89285998739223 1363.4516782407406
1.6562561244456656e-08 74.85810387613562 1369.5914196841932
1.6570247430244497e-08 74.82338059897639 1368.6241681134259
1.6577933485372778e-08 74.78869010943644 1371.4347046544312
1.658561940983873e-08 74.75403236112543 1374.441318411045
1.6593305203639585e-08 74.7194073077404 1373.790070064484
1.660099086677257e-08 74.68481490306574 1381.8464730076057
1.6608676399234924e-08 74.65025510097286 1376.3618189897486
1.6616361801023855e-08 74.61572785542012 1381.3031529017858
1.66240470721366e-08 74.58123312045242 1382.2832496279761
1.6631732212570386e-08 74.5467708502012 1381.0142815806878
1.6639417222322433e-08 74.51234099888413 1386.078822544643
1.6647102101389956e-08 74.47794352080494 1383.7992053158068
1.6654786849770184e-08 74.44357837035318 1391.1450169477514
1.6662471467460333e-08 74.4092455020041 1391.383029513889
1.667015595445762e-08 74.37494487031833 1393.8111410796957
1.667784031075926e-08 74.34067642994181 1393.1378038194443
1.6685524536362466e-08 74.3064401356055 1399.8410269923943
1.669320863126446e-08 74.27223594212518 1399.5789982225529
1.6700892595462452e-08 74.23806380440128 1408.1170479910713
1.6708576428953642e-08 74.20392367741877 1414.4712198247355
1.6716260131735258e-08 74.16981551624673 1421.7859623015872
1.672394370380449e-08 74.13573927603845 1417.5573640046296
1.673162714515856e-08 74.10169491203091 1418.698402364418
1.6739310455794667e-08 74.0676823795449 1417.7493076223545
1.6746993635710015e-08 74.0337016339846 1430.9010209986773
1.6754676684901804e-08 73.99975263083752 1437.0346808862435
1.6762359603367247e-08 73.96583532567415 1445.167400380291
1.677004239110353e-08 73.93194967414797 1447.2503151868386
1.6777725048107866e-08 73.89809563199508 1457.5682250330688
1.678540757437744e-08 73.86427315503414 1462.0967830274471
1.679308996990946e-08 73.83048219916604 1460.493251901455
1.6800772234701113e-08 73.7967227203739 1463.3342943948412
1.6808454368749596e-08 73.7629946747226 1468.7185846560847
1.6816136372052102e-08 73.72929801835892 1464.9181702628969
1.6823818244605824e-08 73.69563270751107 1460.7016317377645
1.6831499986407948e-08 73.66199869848867 1476.3724888392858
1.6839181597455663e-08 73.6283959476825 1476.6061042906747
1.6846863077746158e-08 73.5948244115643 1473.8301917989418
1.685454442727662e-08 73.56128404668661 1484.526031332672
1.686222564604423e-08 73.52777480968257 1477.4199993799602
1.6869906734046175e-08 73.49429665726572 1473.6025287285054
1.6877587691279634e-08 73.46084954622988 1470.0336371527778
1.6885268517741787e-08 73.42743343344884 1483.2394644923943
1.6892949213429818e-08 73.39404827587629 1477.0950262483466
1.6900629778340902e-08 73.36069403054559 1483.7440011160713
1.6908310212472214e-08 73.32737065456959 1497.8108310598545
1.6915990515820937e-08 73.29407810514043 1520.770011780754
1.6923670688384236e-08 73.26081633952938 1559.380435681217
1.6931350730159285e-08 73.22758531508669 1614.352347883598
1.693903064114326e-08 73.19438498924129 1685.4219886739418
1.6946710421333325e-08 73.16121531950073 1775.7068607390872
1.6954390070726658e-08 73.12807626345094 1857.4096963872355
1.696206958932042e-08 73.09496777875609 1930.4464389054233
1.6969748977111775e-08 73.06188982315834 1994.7052021329366
1.697742823409789e-08 73.02884235447775 2048.2420944940477
1.6985107360275932e-08 72.995825330612 2099.612464864418
1.699278635564306e-08 72.96283870953634 2126.1721023478835
1.7000465220196435e-08 72.92988244930325 2174.802197007275
1.7008143953933215e-08 72.89695650804242 2263.4045552248676
1.701582255685056e-08 72.86406084396047 2445.899295221561
1.702350102894563e-08 72.8311954153408 2777.4637586805557
1.7031179370215575e-08 72.79836018054344 3302.0471230158732
1.7038857580657548e-08 72.76555509800485 4052.0202546296296
1.704653566026871e-08 72.7327801262377 4973.170345568783
1.705421360904621e-08 72.70003522383082 5989.684978505291
1.7061891426987187e-08 72.66732034944894 7022.277860449735
1.7069569114088805e-08 72.63463546183243 7993.020213293651
1.70772466703482e-08 72.60198051979735 8820.261491402116
1.708492409576253e-08 72.56935548223505 9496.836681547618
1.7092601390328933e-08 72.53676030811215 9962.34267526455
1.7100278554044552e-08 72.50419495647031 10289.008060515873
1.710795558690653e-08 72.47165938642604 10512.61185515873
1.7115632488912007e-08 72.43915355717057 10647.90513392857
1.7123309260058126e-08 72.40667742796964 10733.862475198413
1.713098590034202e-08 72.37423095816342 10803.85015707672
1.713866240976083e-08 72.34181410716616 10851.571469907407
1.71463387883117e-08 72.30942683446618 10856.56254133598
1.715401503599174e-08 72.27706909962576 10886.634052579366
1.716169115279811e-08 72.24474086228068 10902.175553902116
1.716936713872792e-08 72.21244208214038 10919.20205026455
1.7177042993778314e-08 72.18017271898759 10897.584118716932
1.718471871794642e-08 72.1479327326782 10928.729125330688
1.719239431122936e-08 72.1157220831412 10953.12677744709
1.7200069773624265e-08 72.08354073037836 10957.559565145502
1.7207745105128256e-08 72.05138863446416 10939.302372685184
1.7215420305738455e-08 72.01926575554563 10957.146618716932
1.7223095375451995e-08 71.98717205384207 11013.061714616402
1.7230770314265982e-08 71.95510748964509 11048.613177910052
1.723844512217755e-08 71.92307202331821 11064.495866402116
1.7246119799183807e-08 71.89106561529692 11099.575727513227
1.7253794345281878e-08 71.85908822608833 11122.819444444445
1.7261468760468872e-08 71.82713981627116 11148.526041666666
1.7269143044741908e-08 71.79522034649544 11179.182291666666
1.727681719809809e-08 71.7633297774825 11178.867848875661
1.7284491220534546e-08 71.7314680700246 11187.841104497355
1.7292165112048374e-08 71.69963518498504 11175.466559193123
1.7299838872636686e-08 71.66783108329776 11186.06001984127
1.730751250229659e-08 71.6360557259673 11212.785796957673
1.731518600102519e-08 71.60430907406864 11232.958333333334
1.7322859368819596e-08 71.57259108874698 11225.925553902116
1.7330532605676906e-08 71.54090173121762 11220.660920965609
1.7338205711594224e-08 71.50924096276584 11216.324363425925
1.734587868656866e-08 71.47760874474665 11205.483382936507
1.73535515305973e-08 71.44600503858473 11178.441633597884
1.7361224243677252e-08 71.4144298057742 11180.21097883598
1.7368896825805608e-08 71.38288300787852 11168.681382275132
1.7376569276979465e-08 71.3513646065303 11177.810598544973
1.7384241597195917e-08 71.31987456343113 11179.33697089947
1.739191378645206e-08 71.28841284035146 11166.328125
1.739958584474498e-08 71.25697939913043 11150.898850859789
1.7407257772071773e-08 71.22557420167571 11152.865368716932
1.7414929568429525e-08 71.19419720996339 11156.618096891534
1.7422601233815327e-08 71.16284838603775 11166.583333333334
1.7430272768226264e-08 71.13152769201115 11174.09445271164
1.7437944171659415e-08 71.10023509006392 11162.010168650793
1.7445615444111874e-08 71.06897054244409 11149.72660383598
1.7453286585580716e-08 71.03773401146736 11135.525338955027
1.7460957596063027e-08 71.00652545951691 11136.018435846561
1.746862847555588e-08 70.9753448490432 11119.820188492064
1.7476299224056358e-08 70.94419214256389 11095.500868055555
1.748396984156154e-08 70.9130673026636 11077.714988425925
1.7491640328068496e-08 70.88197029199395 11054.495205026455
1.749931068357431e-08 70.85090107327309 11066.95209160053
1.750698090807604e-08 70.81985960928594 11053.704985119048
1.7514651001570773e-08 70.78884586288366 11031.863095238095
1.7522320964055567e-08 70.75785979698384 11027.077628968254
1.7529990795527503e-08 70.72690137457005 11054.101066468254
1.7537660495983642e-08 70.69597055869195 11076.708209325398
1.7545330065421045e-08 70.66506731246501 11084.613921957673
1.755299950383679e-08 70.63419159907033 11092.293568121693
1.7560668811227926e-08 70.60334338175464 11074.378100198413
1.7568337987591534e-08 70.57252262382994 11087.71205357143
1.7576007032924657e-08 70.5417292886736 11090.682043650793
1.7583675947224358e-08 70.51096333972804 11092.525710978836
1.7591344730487708e-08 70.48022474050059 11067.691302910052
1.759901338271175e-08 70.4495134545635 11034.731605489418
1.7606681903893545e-08 70.4188294455536 11035.519303902116
1.7614350294030147e-08 70.38817267717228 11017.551917989418
1.7622018553118612e-08 70.35754311318532 11033.293485449736
1.7629686681155983e-08 70.32694071742276 11043.550884589948
1.7637354678139324e-08 70.29636545377865 11006.944733796296
1.764502254406567e-08 70.26581728621112 10980.882027116402
1.765269027893208e-08 70.235296178742 10957.182787698413
1.7660357882735593e-08 70.20480209545688 10932.535590277777
1.7668025355473256e-08 70.17433500050487 10879.810185185184
1.7675692697142113e-08 70.14389485809842 10876.781167328043
1.7683359907739205e-08 70.11348163251327 10854.512772817461
1.7691026987261575e-08 70.08309528808829 10848.289186507936
1.7698693935706262e-08 70.05273578922527 10835.652860449736
1.7706360753070304e-08 70.0224031003889 10826.17505787037
1.7714027439350736e-08 69.99209718610652 10813.64240244709
1.77216939945446e-08 69.96181801096803 10835.490699404761
1.7729360418648924e-08 69.93156553962578 10844.065021494709
1.7737026711660744e-08 69.90133973679437 10803.917534722223
1.7744692873577086e-08 69.87114056725059 10801.477017195768
1.775235890439499e-08 69.84096799583317 10818.752397486773
1.7760024804111474e-08 69.81082198744278 10825.571593915343
1.7767690572723575e-08 69.78070250704177 10847.662781084657
1.7775356210228316e-08 69.75060951965413 10846.97015542328
1.7783021716622717e-08 69.72054299036533 10836.573784722223
1.7790687091903812e-08 69.69050288432209 10817.96449239418
1.7798352336068615e-08 69.66048916673242 10842.609829695768
1.7806017449114143e-08 69.63050180286535 10819.961061507936
1.781368243103743e-08 69.60054075805081 10800.232680224868
1.782134728183548e-08 69.57060599767959 10765.176380621693
1.7829012001505317e-08 69.54069748720308 10757.561962632275
1.7836676590043957e-08 69.51081519213322 10734.355654761905
1.784434104744841e-08 69.48095907804235 10726.652571097884
1.7852005373715693e-08 69.45112911056307 10727.1597635582
1.7859669568842813e-08 69.42132525538813 10732.7287119709
1.786733363282678e-08 69.39154747827025 10737.729332010582
1.7874997565664612e-08 69.36179574502201 10741.057829034391
1.7882661367353305e-08 69.33207002151578 10743.603463955027
1.789032503788987e-08 69.3023702736835 10754.057374338625
1.7897988577271316e-08 69.27269646751655 10768.433077050264
1.7905651985494637e-08 69.24304856906579 10770.786044973545
1.791331526255684e-08 69.21342654444115 10780.757481812168
1.792097840845493e-08 69.18383035981172 10761.971808862434
1.79286414231859e-08 69.15425998140554 10749.439318783068
1.793630430674675e-08 69.12471537550951 10733.22796792328
1.7943967059134478e-08 69.09519650846917 10735.712590939154
1.795162968034608e-08 69.0657033466887 10731.917328042327
1.7959292170378546e-08 69.0362358566307 10734.976397156084
1.796695452922887e-08 69.00679400481611 10720.782159391534
1.7974616756894044e-08 68.97737775782403 10711.466393849207
1.798227885337106e-08 68.94798708229166 10717.631861772486
1.7989940818656905e-08 68.91862194491414 10715.464781746032
1.7997602652748566e-08 68.88928231244441 10703.121569113757
1.8005264355643028e-08 68.85996815169312 10660.841517857143
1.801292592733728e-08 68.83067942952849 10607.122437169312
1.8020587367828296e-08 68.80141611287617 10562.17542989418
1.802824867711307e-08 68.7721781687191 10540.718171296296
1.803590985518858e-08 68.74296556409746 10527.858424272486
1.804357090205179e-08 68.71377826610852 10492.516286375661
1.8051231817699695e-08 68.68461624190643 10467.785011574075
1.8058892602129267e-08 68.65547945870216 10433.821924603175
1.806655325533748e-08 68.62636788376348 10433.504464285714
1.8074213777321307e-08 68.59728148441461 10433.198784722223
1.8081874168077723e-08 68.56822022803632 10403.819651124339
1.8089534427603694e-08 68.53918408206569 10391.788442460318
1.8097194555896195e-08 68.51017301399598 10369.641865079366
1.8104854552952196e-08 68.48118699137655 10342.181754298941
1.8112514418768654e-08 68.45222598181279 10318.794560185184
1.812017415334255e-08 68.42328995296583 10318.940310846561
1.8127833756670832e-08 68.39437887255265 10304.314814814816
1.8135493228750477e-08 68.36549270834574 10289.522652116402
1.814315256957844e-08 68.33663142817315 10295.277860449736
1.8150811779151678e-08 68.30779499991826 10297.970651455027
1.8158470857467153e-08 68.2789833915197 10296.907572751323
1.816612980452183e-08 68.25019657097126 10301.031043320107
1.8173788620312657e-08 68.22143450632169 10289.313409391534
1.818144730483659e-08 68.19269716567472 10274.76884920635
1.818910585809058e-08 68.1639845171888 10280.422164351852
1.8196764280071585e-08 68.13529652907704 10258.860201719577
1.8204422570776557e-08 68.10663316960708 10247.158936838625
1.821208073020244e-08 68.07799440710104 10253.929563492064
1.8219738758346185e-08 68.04938020993532 10236.011574074075
1.8227396655204736e-08 68.02079054654051 10225.379505621693
1.823505442077504e-08 67.99222538540127 10207.534970238095
1.8242712055054042e-08 67.96368469505624 10186.524760251323
1.8250369558038686e-08 67.93516844409788 10170.160383597884
1.825802692972591e-08 67.90667660117242 10129.361565806877
1.8265684170112662e-08 67.87820913497964 10075.402199074075
1.8273341279195867e-08 67.84976601427293 10021.820477843916
1.8280998256972474e-08 67.82134720785895 9986.640335648148
1.8288655103439417e-08 67.79295268459768 9949.098420965609
1.8296311818593628e-08 67.7645824134023 9906.852926587302
1.8303968402432036e-08 67.73623636323899 9856.024222883598
1.8311624854951582e-08 67.70791450312686 9837.871362433862
1.8319281176149197e-08 67.67961680213783 9846.843667328043
1.83269373660218e-08 67.6513432293966 9849.080646494709
1.833459342456633e-08 67.62309375408037 9841.9878885582
1.83422493517797e-08 67.59486834541892 9843.983465608466
1.834990514765885e-08 67.56666697269429 9846.874007936507
1.83575608122007e-08 67.53848960524088 9864.920138888889
1.8365216345402164e-08 67.51033621244521 9865.471271494709
1.837287174726017e-08 67.48220676374581 9871.894634589948
1.838052701777164e-08 67.45410122863312 9878.494708994709
1.8388182156933487e-08 67.42601957664951 9895.24962797619
1.839583716474263e-08 67.39796177738893 9897.7777364418
1.840349204119599e-08 67.36992780049697 9901.675636574075
1.841114678629047e-08 67.34191761567077 9909.634176587302
1.8418801400022996e-08 67.31393119265874 9879.763392857143
1.8426455882390467e-08 67.28596850126067 9837.302827380952
1.8434110233389807e-08 67.25802951132742 9805.249669312168
1.844176445301791e-08 67.23011419276098 9768.162450396825
1.8449418541271698e-08 67.20222251551422 9744.291253306877
1.8457072498148064e-08 67.17435444959091 9707.563244047618
1.8464726323643923e-08 67.14650996504548 9695.1384755291
1.8472380017756173e-08 67.11868903198307 9709.352885251323
1.848003358048172e-08 67.09089162055925 9730.324239417989
1.8487687011817456e-08 67.06311770098006 9742.297329695768
1.8495340311760294e-08 67.0353672435018 9766.474702380952
1.850299348030713e-08 67.00764021843099 9767.86044973545
1.8510646517454845e-08 66.97993659612429 9785.363095238095
1.851829942320035e-08 66.95225634698825 9778.665674603175
1.8525952197540532e-08 66.92459944147936 9775.375785383598
1.853360484047229e-08 66.89696585010387 9747.171957671957
1.8541257351992508e-08 66.8693555434177 9746.896164021164
1.8548909732098084e-08 66.84176849202633 9731.416997354498
1.85565619807859e-08 66.81420466658474 9717.917948082011
1.856421409805284e-08 66.78666403779725 9704.303488756614
1.85718660838958e-08 66.75914657641738 9706.148189484127
1.8579517938311663e-08 66.73165225324786 9690.174892526455
1.8587169661297304e-08 66.70418103914047 9664.88955026455
1.8594821252849606e-08 66.6767329049959 9667.078993055555
1.860247271296546e-08 66.64930782176368 9640.440806878307
1.8610124041641734e-08 66.62190576044215 9639.964203042327
1.861777523887531e-08 66.59452669207819 9644.627604166666
1.8625426304663064e-08 66.5671705877673 9626.818989748677
1.863307723900187e-08 66.53983741865333 9609.429480820107
1.864072804188861e-08 66.51252715592852 9592.057250330688
1.864837871332014e-08 66.48523977083336 9569.706142526455
1.8656029253293345e-08 66.45797523465639 9513.511408730159
1.866367966180509e-08 66.43073351873426 9462.270378637566
1.8671329938852243e-08 66.40351459445151 9400.187954695768
1.8678980084431667e-08 66.37631843324053 9367.661706349207
1.8686630098540235e-08 66.3491450065814 9344.163111772486
1.8694279981174804e-08 66.32199428600187 9325.608878968254
1.870192973233224e-08 66.2948662430772 9310.67964616402
1.8709579352009408e-08 66.26776084943008 9307.642485119048
1.871722884020316e-08 66.24067807673056 9343.726851851852
1.8724878196910363e-08 66.21361789669588 9354.79261739418
1.873252742212787e-08 66.18658028109044 9341.488839285714
1.8740176515852532e-08 66.1595652017257 9348.907986111111
1.8747825478081215e-08 66.13257263046 9343.121941137566
1.8755474308810763e-08 66.10560253919857 9322.133597883598
1.8763123008038032e-08 66.07865489989338 9293.640707671957
1.877077157575987e-08 66.05172968454302 9262.697585978836
1.8778420011973128e-08 66.02482686519264 9252.995535714286
1.878606831667465e-08 65.99794641393386 9221.71734457672
1.879371648986129e-08 65.97108830290465 9203.621073082011
1.880136453152989e-08 65.94425250428921 9205.250413359789
1.8809012441677294e-08 65.91743899031796 9201.750826719577
1.881666022030034e-08 65.89064773326734 9217.943576388889
1.882430786739587e-08 65.86387870545981 9160.656374007936
1.8831955382960726e-08 65.83713187926365 9105.278604497355
1.8839602766991746e-08 65.81040722709298 9015.209945436507
1.8847250019485765e-08 65.78370472140756 8909.145130621693
1.8854897140439624e-08 65.75702433471277 8828.803695436507
1.886254412985015e-08 65.73036603955948 8782.467881944445
1.887019098771418e-08 65.703729808544 8811.357886904761
1.887783771402854e-08 65.6771156143079 8874.63070436508
1.888548430879007e-08 65.65052342953798 8969.643601190477
1.889313077199559e-08 65.6239532269662 9027.93890542328
1.890077710364193e-08 65.59740497936951 9170.874834656084
1.8908423303725917e-08 65.57087865956981 9260.811507936507
1.8916069372244373e-08 65.54437424043388 9295.847966269841
1.8923715309194124e-08 65.5178916948732 9240.838789682539
1.8931361114571988e-08 65.49143099584393 9135.660755621693
1.893900678837479e-08 65.4649921163468 9096.070725859789
1.894665233059935e-08 65.43857502942704 9091.223214285714
1.8954297741242477e-08 65.41217970817426 9094.829778439154
1.8961943020300997e-08 65.38580612572231 9157.72904265873
1.8969588167771725e-08 65.3594542552493 9253.85296792328
1.8977233183651463e-08 65.33312406997746 9279.055638227514
1.8984878067937034e-08 65.306815543173 9268.018642526455
1.899252282062525e-08 65.28052864814606 9255.69419642857
1.900016744171291e-08 65.25426335825068 9261.876612103175
1.900781193119683e-08 65.2280196468846 9269.81675760582
1.901545628907382e-08 65.20179748748922 9270.897486772486
1.9023100515340675e-08 65.17559685354955 9257.40835813492
1.903074460999421e-08 65.14941771859402 9241.68005952381
1.9038388573031218e-08 65.12326005619454 9223.545386904761
1.904603240444851e-08 65.09712383996623 9224.111069775132
1.9053676104242875e-08 65.07100904356751 9214.413814484127
1.906131967241112e-08 65.04491564069988 9195.434523809523
1.906896310895004e-08 65.01884360510788 9184.948908730159
1.907660641385643e-08 64.99279291057901 9171.888186177248
1.9084249587127082e-08 64.96676353094367 9142.986111111111
1.9091892628758792e-08 64.94075544007495 9148.709986772486
1.9099535538748354e-08 64.9147686118887 9156.246569113757
1.9107178317092555e-08 64.88880302034335 9148.522776124339
1.9114820963788185e-08 64.86285863943985 9137.00248015873
1.9122463478832033e-08 64.83693544322156 9159.377769510582
1.913010586222088e-08 64.8110334057742 9151.407448743386
1.9137748113951523e-08 64.78515250122572 9145.57957175926
1.9145390234020727e-08 64.75929270374631 9149.146618716932
1.915303222242529e-08 64.73345398754815 9133.253265542327
1.916067407916198e-08 64.70763632688546 9113.46412037037
1.916831580422759e-08 64.68183969605437 9078.176959325398
1.917595739761889e-08 64.65606406939283 9054.10511739418
1.9183598859332652e-08 64.63030942128057 9024.939194775132
1.919124018936566e-08 64.60457572613892 9008.552372685184
1.9198881387714688e-08 64.57886295843079 8997.119047619048
1.9206522454376502e-08 64.55317109266062 8978.666625330688
1.9214163389347877e-08 64.52750010337422 8966.470114087302
1.9221804192625584e-08 64.50184996515873 8917.04013723545
1.9229444864206387e-08 64.47622065264251 8880.43857473545
1.923708540408706e-08 64.4506121404951 8834.847139550264
1.924472581226436e-08 64.42502440342709 8804.330770502645
1.9252366088735053e-08 64.39945741619005 8761.718667328043
1.926000623349591e-08 64.37391115357646 8746.32242063492
1.926764624654368e-08 64.34838559041964 8751.764260912698
1.927528612787514e-08 64.32288070159359 8766.046213624339
1.9282925877487028e-08 64.29739646201305 8769.475653108466
1.929056549537612e-08 64.27193284663325 8777.570767195768
1.9298204981539156e-08 64.24648983044997 8792.882523148148
1.9305844335972903e-08 64.22106738849935 8778.10582010582
1.931348355867411e-08 64.1956654958579 8740.297371031746
1.932112264963953e-08 64.17028412764233 8700.91228505291
1.932876160886591e-08 64.14492325900957 8644.873677248677
1.933640043635e-08 64.11958286515662 8631.534556878307
1.934403913208855e-08 64.09426292132042 8630.722594246032
1.935167769607831e-08 64.0689634027779 8630.78835978836
1.9359316128316015e-08 64.04368428484581 8649.442294973545
1.9366954428798415e-08 64.01842554288068 8653.668981481482
1.937459259752225e-08 63.99318715227868 8675.082341269841
1.9382230634484265e-08 63.967969088475606 8663.933573082011
1.9389868539681194e-08 63.9427713269468 8603.605365410052
1.939750631310978e-08 63.917593843206994 8499.882192460318
1.940514395476675e-08 63.89243661281034 8431.573330026455
1.9412781464648853e-08 63.86729961135022 8354.650958994709
1.9420418842752816e-08 63.84218281445925 8261.696593915343
1.942805608907537e-08 63.81708619780918 8179.3817791005295
1.943569320361325e-08 63.79200973711078 8128.857184193122
1.9443330186363187e-08 63.76695340811382 8097.853505291006
1.9450967037321902e-08 63.741917186606955 8095.6541418650795
1.945860375648613e-08 63.71690104841763 8077.238591269841
1.946624034385259e-08 63.691904969412064 8056.47230489418
1.947387679941801e-08 63.6669289254951 8055.500744047619
1.9481513123179113e-08 63.64197289261017 8022.824404761905
1.948914931513262e-08 63.617036846739225 7985.525752314815
1.949678537527525e-08 63.59212076390263 7929.104538690476
1.9504421303603726e-08 63.5672246201591 7868.786541005291
1.951205710011476e-08 63.542348391605636 7836.549189814815
1.9519692764805066e-08 63.51749205437743 7824.088500330688
1.9527328297671368e-08 63.49265558464777 7867.726273148148
1.9534963698710378e-08 63.46783895862801 7916.368386243386
1.9542598967918795e-08 63.44304215256751 7995.210813492064
1.9550234105293347e-08 63.418265142753434 8073.975115740741
1.955786911083073e-08 63.39350790551085 8160.267691798942
1.9565503984527658e-08 63.368770417202526 8236.482762896825
1.957313872638083e-08 63.34405265422892 8275.399098875661
1.9580773336386964e-08 63.31935459302801 8280.748387896825
1.9588407814542752e-08 63.29467621007541 8243.520378637566
1.9596042160844902e-08 63.270017481884075 8191.114211309524
1.9603676375290114e-08 63.24537838500438 8130.07882771164
1.9611310457875087e-08 63.22075889602397 8067.021122685185
1.9618944408596515e-08 63.19615899156774 8009.820601851852
1.96265782274511e-08 63.1715786482977 7953.673941798942
1.9634211914435535e-08 63.14701784291293 7915.708333333333
1.9641845469546515e-08 63.12247655214953 7896.662781084656
1.964947889278073e-08 63.097954752780524 7883.241898148148
1.9657112184134876e-08 63.073452421615755 7846.488384589947
1.966474534360564e-08 63.048969535501875 7862.257357804233
1.9672378371189707e-08 63.02450607132226 7870.937045304233
1.9680011266883768e-08 63.00006200599687 7876.455026455026
1.968764403068451e-08 62.97563731648225 7897.924479166667
1.969527666258861e-08 62.95123197977145 7955.469080687831
1.9702909162592754e-08 62.92684597289391 8001.334490740741
1.971054153069363e-08 62.90247927291541 8047.791087962963
1.971817376688791e-08 62.878131856938026 8098.263558201058
1.972580587117228e-08 62.853803702100016 8123.089285714285
1.973343784354341e-08 62.82949478557578 8097.165426587301
1.9741069683997978e-08 62.80520508457577 8079.315806878307
1.9748701392532655e-08 62.78093457634644 8048.112268518518
1.9756332969144127e-08 62.75668323817009 8011.909970238095
1.976396441382905e-08 62.73245104736498 8002.664682539683
1.9771595726584108e-08 62.70823798128503 7960.241732804233
1.9779226907405956e-08 62.68404401731996 7928.5932539682535
1.978685795629127e-08 62.65986913289507 7926.379464285715
1.9794488873236717e-08 62.635713305471185 7879.999338624339
1.9802119658238957e-08 62.61157651254472 7848.155092592592
1.9809750311294656e-08 62.587458731647445 7836.827794312169
1.9817380832400483e-08 62.56335994034647 7806.083167989418
1.9825011221553082e-08 62.53928011624428 7730.696676587301
1.983264147874913e-08 62.51521923697845 7610.184606481482
1.9840271603985272e-08 62.49117728022181 7491.21556712963
1.984790159725817e-08 62.4671542236822 7362.24216683201
1.9855531458564472e-08 62.443150045102506 7263.620845734127
1.9863161187900845e-08 62.4191647222605 7151.8944899140215
1.987079078526393e-08 62.39519823296889 7045.1009837962965
1.9878420250650386e-08 62.37125055507512 6994.875310019841
1.9886049584056854e-08 62.34732166646144 6973.366174768518
1.989367878547999e-08 62.3234115450447 7011.408337466931
1.990130785491643e-08 62.2995201687764 7078.567997685185
1.9908936792362836e-08 62.27564751564251 7154.8034267526455
1.9916565597815836e-08 62.25179356366353 7207.753534226191
1.9924194271272078e-08 62.22795829089432 7230.4838789682535
1.9931822812728208e-08 62.20414167542404 7213.041832010582
1.9939451222180857e-08 62.18034369537618 7204.644324570106
1.994707949962667e-08 62.15656432890836 7179.314112103175
1.9954707645062284e-08 62.13280355421236 7152.278873181217
1.9962335658484324e-08 62.10906134951403 7165.404410548942
1.996996353988944e-08 62.08533769307315 7222.837818287037
1.9977591289274256e-08 62.06163256318351 7310.0023354828045
1.9985218906635407e-08 62.037945938172705 7416.212384259259
1.999284639196952e-08 62.01427779640216 7477.294994212963
2.000047374527322e-08 61.99062811626702 7515.583870701058
2.0008100966543137e-08 61.966996876196085 7509.801215277777
2.0015728055775903e-08 61.94338405465173 7446.34375
2.002335501296813e-08 61.919789630129934 7366.909370866402
2.003098183811646e-08 61.896213581160055 7250.128802910053
2.0038608531217496e-08 61.872655886304926 7143.64666005291
2.0046235092267866e-08 61.84911652416069 7016.215670469577
2.005386152126419e-08 61.82559547335675 6907.9187748015875
2.0061487818203082e-08 61.802092712555734 6842.535776289683
2.0069113983081158e-08 61.77860822045342 6819.633701223545
2.0076740015895038e-08 61.75514197577864 6842.4119543650795
2.008436591664133e-08 61.73169395729326 6875.5635333994705
2.0091991685316652e-08 61.70826414379209 6900.788979828042
2.0099617321917603e-08 61.68485251410286 6902.951099537037
2.0107242826440802e-08 61.661459047086055 6865.3041087962965
2.011486819888285e-08 61.638083721635 6811.467613260582
2.0122493439240358e-08 61.61472651667564 6781.488673941799
2.0130118547509934e-08 61.591387411166586 6748.897652116402
2.0137743523688174e-08 61.56806638409906 6733.488756613757
2.014536836777168e-08 61.544763414496735 6747.8515211640215
2.0152993079757062e-08 61.52147848141574 6797.663959160053
2.016061765964091e-08 61.4982115639446 6807.643766534392
2.0168242107419825e-08 61.47496264120416 6764.841517857143
2.0175866423090405e-08 61.4517316923475 6682.121734457672
2.018349060664924e-08 61.42851869655993 6559.102120535715
2.019111465809293e-08 61.405323633058835 6417.51490162037
2.0198738577418062e-08 61.382146481093734 6319.961867559524
2.0206362364621233e-08 61.358987219946115 6206.903501157408
2.0213986019699025e-08 61.335845828929436 6088.944485780423
2.0221609542648033e-08 61.312722287389015 5967.401062334656
2.0229232933464838e-08 61.289616574702016 5887.92082093254
2.0236856192146028e-08 61.26652867027735 5837.701058201058
2.024447931868819e-08 61.24345855355564 5790.578311011905
2.0252102313087903e-08 61.22040620400914 5754.152054398148
2.0259725175341742e-08 61.197371601141704 5787.429439484127
2.0267347905446298e-08 61.17435472448867 5847.202918320106
2.027497050339814e-08 61.15135555361688 5949.689380787037
2.0282592969193855e-08 61.12837406812452 6072.663049768518
2.029021530283001e-08 61.10541024764116 6207.70703125
2.029783750430318e-08 61.08246407182763 6327.919952876984
2.030545957360994e-08 61.05953552037597 6407.311631944444
2.031308151074686e-08 61.03662457300939 6456.162760416667
2.032070331571051e-08 61.01373120948218 6487.61896494709
2.032832498849746e-08 60.990855409579694 6489.5330067791
2.033594652910428e-08 60.96799715311824 6496.921812996032
2.0343567937527523e-08 60.94515641994508 6535.656043320106
2.0351189213763768e-08 60.922333189938286 6571.469390707672
2.035881035780957e-08 60.89952744300677 6573.02273478836
2.0366431369661494e-08 60.87673915909017 6591.354642030423
2.0374052249316092e-08 60.85396831815884 6613.141307043651
2.0381672996769934e-08 60.831214900213695 6598.188698743386
2.0389293612019572e-08 60.80847888528627 6563.718109292328
2.0396914095061558e-08 60.7857602534386 6502.170903604498
2.0404534445892454e-08 60.763058984763134 6438.463665674603
2.041215466450881e-08 60.740375059382764 6369.327690972223
2.0419774750907173e-08 60.717708457450684 6360.32494212963
2.0427394705084103e-08 60.695059159150354 6381.968419312169
2.0435014527036137e-08 60.67242714469551 6395.8374255952385
2.044263421675983e-08 60.64981239432998 6427.96589781746
2.0450253774251726e-08 60.62721488832772 6470.457651289683
2.0457873199508373e-08 60.60463460699274 6503.725363756614
2.046549249252631e-08 60.582071530659036 6537.9123057209
2.0473111653302076e-08 60.55952563969055 6551.760127314815
2.048073068183222e-08 60.536996914481044 6548.971684854498
2.0488349578113274e-08 60.51448533545417 6519.496176421958
2.0495968342141777e-08 60.4919908830633 6469.989748677249
2.0503586973914267e-08 60.46951353779151 6411.99396494709
2.0511205473427275e-08 60.44705328015154 6355.935867228836
2.051882384067734e-08 60.4246100906857 6275.039537863757
2.052644207566099e-08 60.402183949965874 6192.4130291005295
2.0534060178374756e-08 60.379774838593384 6108.399388227514
2.054167814881517e-08 60.35738273719899 6010.791976686508
2.0549295986978754e-08 60.33500762644284 5948.804894179894
2.0556913692862037e-08 60.312649487014376 5880.698392030423
2.0564531266461545e-08 60.290308299632294 5856.092158564815
2.0572148707773804e-08 60.2679840450445 5858.009858630952
2.0579766016795328e-08 60.24567670402805 5888.276186342592
2.0587383193522647e-08 60.223386257389066 5931.742084160053
2.0595000237952274e-08 60.20111268596274 5962.989045965608
2.0602617150080728e-08 60.17885597061324 5966.628224206349
2.061023392990453e-08 60.156616092233634 5939.136057374339
2.0617850577420188e-08 60.13439303174588 5864.643435846561
2.0625467092624215e-08 60.112186770100784 5743.293154761905
2.063308347551313e-08 60.08999728827784 5627.035321593916
2.064069972608344e-08 60.06782456728532 5537.300595238095
2.064831584433166e-08 60.04566858816012 5482.672247023809
2.0655931830254288e-08 60.023529331967744 5486.079468419312
2.0663547683847838e-08 60.00140677980223 5560.481874173281
2.0671163405108806e-08 59.97930091278616 5664.0871982473545
2.0678778994033707e-08 59.95721171207046 5762.2958416005295
2.0686394450619044e-08 59.93513915883451 5881.699735449735
2.0694009774861306e-08 59.91308323428604 5988.213190310847
2.0701624966757e-08 59.89104391966101 6051.811528604498
2.0709240026302624e-08 59.86902119622362 6057.681051587301
2.0716854953494675e-08 59.84701504526625 6057.9343998015875
2.0724469748329645e-08 59.8250254481094 6022.864190641534
2.073208441080403e-08 59.803052386101626 6004.6439525462965
2.0739698940914323e-08 59.78109584061953 6009.120494378307
2.0747313338657015e-08 59.75915579306762 6022.631262400793
2.0754927604028594e-08 59.73723222487836 6037.8259755291
2.076254173702555e-08 59.715325117512066 6064.897920800265
2.077015573764437e-08 59.693434452456835 6078.830915178572
2.0777769605881534e-08 59.671560211228545 6078.509486607143
2.0785383341733537e-08 59.649702375370744 6063.713624338624
2.0792996945196848e-08 59.627860926454666 6036.457981977514
2.0800610416267956e-08 59.606035846079116 6001.077339616402
2.080822375494334e-08 59.58422711587043 5967.935433201058
2.0815836961219483e-08 59.56243471748248 5953.989748677249
2.0823450035092845e-08 59.54065863259658 5964.506531084656
2.0831062976559928e-08 59.518898842921345 5995.706576554233
2.083867578561718e-08 59.497155330192875 6031.966559193122
2.084628846226109e-08 59.47542807617443 6064.600260416667
2.0853901006488118e-08 59.45371706265661 6058.842633928572
2.0861513418294746e-08 59.43202227145709 6015.257915839947
2.0869125697677434e-08 59.4103436844208 5973.236586474868
2.0876737844632646e-08 59.38868128341969 5887.144779265873
2.0884349859156856e-08 59.36703505035274 5773.327711640211
2.0891961741246526e-08 59.34540496714593 5678.5216807209
2.0899573490898118e-08 59.323791015752185 5608.583416005291
2.090718510810809e-08 59.30219317815131 5570.179790839947
2.0914796592872906e-08 59.28061143634994 5566.438492063492
2.0922407945189025e-08 59.25904577238148 5573.467799272486
2.09300191650529e-08 59.2374961683061 5603.725963128307
2.0937630252460985e-08 59.21596260621064 5654.575913525132
2.094524120740974e-08 59.19444506820857 5714.581638558201
2.0952852029895613e-08 59.17294353643995 5758.5898850859785
2.096046271991506e-08 59.15145799307138 5793.223420965608
2.0968073277464528e-08 59.129988420295945 5824.825892857143
2.0975683702540466e-08 59.10853480033317 5850.734271660053
2.0983293995139322e-08 59.08709711542895 5871.82527281746
2.0990904155257544e-08 59.06567534785556 5902.2397693452385
2.0998514182891568e-08 59.04426947991155 5898.902095734127
2.100612407803784e-08 59.02287949392169 5909.244853670635
2.101373384069281e-08 59.001505372236956 5937.490451388889
2.1021343470852907e-08 58.98014709723449 5965.785280257936
2.1028952968514575e-08 58.958804651317514 5996.463851686508
2.1036562333674248e-08 58.9374780169153 6007.019923941799
2.1044171566328367e-08 58.91616717648311 6018.798259755291
2.105178066647336e-08 58.89487211250218 6030.123780588624
2.105938963410566e-08 58.87359280747964 6023.592530588624
2.1066998469221702e-08 58.85232924394849 6023.455522486773
2.1074607171817922e-08 58.83108140446748 6031.386346726191
2.108221574189074e-08 58.80984927162121 6023.040240575397
2.108982417943658e-08 58.788632828019956 5983.000475363757
2.109743248445187e-08 58.76743205629965 5912.8732018849205
2.1105040656933044e-08 58.74624693912182 5832.497540509259
2.1112648696876514e-08 58.725077459173626 5748.509672619048
2.112025660427871e-08 58.703923599167695 5657.242001488095
2.1127864379136042e-08 58.6827853418422 5602.984044312169
2.1135472021444937e-08 58.661662669960656 5561.834201388889
2.114307953120181e-08 58.64055556631204 5566.335772156084
2.1150686908403073e-08 58.619464013710626 5596.2322255291
2.1158294153045143e-08 58.59838799499599 5601.983134920635
2.116590126512443e-08 58.57732749303296 5617.618344907408
2.1173508244637356e-08 58.55628249071152 5604.398313492064
2.1181115091580322e-08 58.53525297094686 5577.741050760582
2.1188721805949737e-08 58.514238916679254 5539.877397486773
2.1196328387742006e-08 58.493240310874036 5509.547991071428
2.1203934836953548e-08 58.47225713652152 5503.346912202381
2.1211541153580752e-08 58.45128937663706 5509.3008225859785
2.1219147337620024e-08 58.43033701426087 5539.519345238095
2.122675338906777e-08 58.40940003245807 5583.163979828042
2.1234359307920387e-08 58.388478414318584 5614.992600859789
2.124196509417428e-08 58.36757214295713 5657.619460978836
2.1249570747825838e-08 58.34668120151319 5680.204447751323
2.1257176268871458e-08 58.32580557315092 5686.795490244709
2.1264781657307538e-08 58.304945241059116 5699.510333994709
2.127238691313047e-08 58.2841001884512 5701.356460813492
2.127999203633664e-08 58.26327039856513 5707.469122023809
2.1287597026922445e-08 58.242455854663405 5733.226107804233
2.129520188488428e-08 58.22165654003293 5746.148189484127
2.1302806610218516e-08 58.20087243798513 5746.742580191799
2.1310411202921545e-08 58.180103531855764 5758.969742063492
2.1318015662989755e-08 58.15934980500489 5785.6680100859785
2.1325619990419528e-08 58.1386112408169 5801.7065352182535
2.1333224185207236e-08 58.11788782270045 5823.318989748677
2.1340828247349278e-08 58.09717953408832 5826.558531746032
2.1348432176842016e-08 58.07648635843754 5845.594204695767
2.1356035973681837e-08 58.05580827922919 5846.216083829365
2.1363639637865112e-08 58.035145279968454 5837.951037533069
2.137124316938821e-08 58.01449734418454 5819.329303075397
2.1378846568247517e-08 57.99386445543061 5773.200934193122
2.1386449834439395e-08 57.973246597283804 5733.93679728836
2.1394052967960218e-08 57.95264375334512 5688.920531580688
2.1401655968806352e-08 57.932055907239445 5662.182622354498
2.1409258836974166e-08 57.91148304261545 5655.738963293651
2.1416861572460025e-08 57.89092514314557 5653.741030092592
2.1424464175260295e-08 57.87038219252599 5674.681072255291
2.1432066645371334e-08 57.84985417447655 5710.514777612434
2.143966898278951e-08 57.829341072740704 5747.838334986773
2.1447271187511178e-08 57.80884287108557 5774.849888392857
2.14548732595327e-08 57.78835955330173 5790.71591848545
2.146247519885043e-08 57.767891103203354 5826.635499338624
2.1470077005460727e-08 57.74743750462802 5872.691323578042
2.1477678679359942e-08 57.72699874143675 5861.766865079365
2.1485280220544434e-08 57.70657479751395 5843.460048776455
2.1492881629010546e-08 57.686165656767365 5828.0970775462965
2.1500482904754628e-08 57.66577130312804 5807.093894675926
2.150808404777304e-08 57.64539172055023 5776.208354001323
2.151568505806211e-08 57.62502689301148 5749.358382936508
2.1523285935618206e-08 57.604676804512415 5720.14382853836
2.153088668043766e-08 57.584341439076866 5693.31712962963
2.153848729251681e-08 57.56402078075171 5677.634713955026
2.1546087771852008e-08 57.543714813606876 5667.468956679894
2.1553688118439593e-08 57.52342352173528 5665.561859292328
2.1561288332275894e-08 57.503146889252854 5668.552744708994
2.1568888413357257e-08 57.48288490029837 5678.9458085317465
2.1576488361680012e-08 57.46263753903355 5690.250434027777
2.1584088177240494e-08 57.442404789642914 5699.691778273809
2.159168786003504e-08 57.42218663633378 5733.219349371693
2.159928741005998e-08 57.401983063336225 5722.712652943122
2.160688682731164e-08 57.38179405490306 5710.350012400793
2.1614486111786353e-08 57.36161959530975 5692.744502314815
2.1622085263480445e-08 57.34145966885437 5665.893890542328
2.162968428239024e-08 57.321314259857644 5651.80574156746
2.1637283168512058e-08 57.30118335266281 5650.486937830688
2.164488192184223e-08 57.28106693163561 5634.847883597884
2.1652480542377072e-08 57.26096498116428 5631.1870039682535
2.1660079030112907e-08 57.24087748565945 5628.272280092592
2.1667677385046052e-08 57.22080442955419 5622.003141534392
2.1675275607172823e-08 57.20074579730389 5614.124049272486
2.1682873696489532e-08 57.18070157338625 5617.0250082671955
2.16904716529925e-08 57.16067174230123 5616.1758225859785
2.169806947667804e-08 57.14065628857104 5608.5041749338625
2.1705667167542454e-08 57.12065519674008 5550.712301587301
2.171326472558206e-08 57.10066845137487 5446.457919973545
2.172086215079316e-08 57.08069603706408 5271.993737599207
2.1728459443172073e-08 57.060737938418406 5063.027571097884
2.173605660271509e-08 57.04079414007063 4840.925099206349
2.1743653629418518e-08 57.02086462667548 4669.301628637566
2.1751250523278665e-08 57.00094938290966 4556.2226975859785
2.175884728429183e-08 56.98104839347177 4508.556609623016
2.176644391245431e-08 56.961161643082285 4551.46910135582
2.1774040407762405e-08 56.941289116483546 4669.202752976191
2.1781636770212415e-08 56.921430798439644 4817.026434358466
2.1789232999800632e-08 56.90158667373646 4974.064980158731
2.1796829096523347e-08 56.881756727181596 5118.321655919312
2.1804425060376854e-08 56.8619409436043 5205.156477347884
2.1812020891357444e-08 56.842139307855504 5273.776909722223
2.181961658946141e-08 56.82235180480769 5305.776889054233
2.182721215468504e-08 56.802578419354944 5253.934007109789
2.183480758702461e-08 56.78281913641288 5267.665075231482
2.184240288647642e-08 56.76307394091858 5324.804873511905
2.184999805303675e-08 56.74334281783055 5319.456431878307
2.1857593086701874e-08 56.723625752128775 5304.415529927249
2.1865187987468083e-08 56.703922728814554 5296.4145585317465
2.1872782755331645e-08 56.684233732910556 5285.651909722223
2.1880377390288846e-08 56.664558749460724 5293.411561673281
2.188797189233596e-08 56.64489776353026 5285.715153769841
2.1895566261469264e-08 56.625250760205596 5272.680431547619
2.1903160497685033e-08 56.60561772459433 5271.547391699735
2.1910754600979532e-08 56.58599864182526 5285.545696924603
2.1918348571349044e-08 56.5663934970482 5259.436053240741
2.1925942408789822e-08 56.546802275434146 5242.195994543651
2.1933536113298145e-08 56.527224962175026 5234.581039186508
2.194112968487028e-08 56.50766154248382 5205.0390211640215
2.1948723123502487e-08 56.488112001594445 5158.779183201058
2.1956316429191028e-08 56.46857632476177 5036.83275462963
2.196390960193217e-08 56.44905449726151 4318.520854001323
2.197150264172217e-08 56.42954650439025 2903.8689752810847
