string
20201021_m4_degreeper_secondprocessedoffset angle -0.09017474058028561 in rad by: offset_angle in degree:_-3.3offset 0th. order in px_-131
nm eV  counts
-9.005258118344098e-09 -137.67977705900324 1796.1757071897048
-8.997484179263002e-09 -137.7987341116894 2791.1245969742067
-8.989710229311969e-09 -137.91789706966853 3636.2988625716494
-8.981936268495768e-09 -138.03726646793882 3711.139787946429
-8.974162296819173e-09 -138.15684284335345 3701.3967943948414
-8.966388314286953e-09 -138.2766267346288 3692.449690669092
-8.958614320903884e-09 -138.3966186823522 3684.761164158951
-8.950840316674728e-09 -138.5168192289906 3665.3034405313056
-8.943066301604258e-09 -138.63722891889827 3666.112437307099
-8.93529227569724e-09 -138.7578482983252 3662.6437803130516
-8.92751823895844e-09 -138.87867791542536 3642.448984512787
-8.919744191392621e-09 -138.99971832026503 3628.9129154265875
-8.91197013300455e-09 -139.12097006483103 3637.924365492725
-8.904196063798991e-09 -139.2424337030393 3651.505197999339
-8.896421983780702e-09 -139.36410979074313 3625.2829103284835
-8.888647892954446e-09 -139.48599888574174 3627.336240630512
-8.880873791324981e-09 -139.60810154778883 3618.048872905644
-8.873099678897069e-09 -139.73041833860108 3607.7085744598767
-8.865325555675466e-09 -139.85294982186682 3603.6835007440477
-8.857551421664927e-09 -139.97569656325462 3603.791422095459
-8.849777276870214e-09 -140.09865913042202 3580.8447351741625
-8.842003121296073e-09 -140.22183809302442 3584.3535397376545
-8.834228954947262e-09 -140.3452340227236 3590.7930996472664
-8.826454777828536e-09 -140.46884749319676 3571.4888530643743
-8.818680589944644e-09 -140.5926790801454 3566.339991870591
-8.810906391300335e-09 -140.71672936130417 3557.724058228616
-8.803132181900362e-09 -140.84099891644993 3571.526038222002
-8.79535796174947e-09 -140.96548832741078 3574.688326719577
-8.787583730852411e-09 -141.090198178075 3573.711333636464
-8.779809489213926e-09 -141.21512905440048 3582.534877232143
-8.772035236838764e-09 -141.34028154442348 3584.187093529542
-8.764260973731669e-09 -141.46565623826825 3572.7834786981925
-8.756486699897382e-09 -141.5912537281561 3582.5080605158732
-8.748712415340647e-09 -141.7170746084147 3585.4494254298943
-8.740938120066208e-09 -141.84311947548753 3589.948416143078
-8.7331638140788e-09 -141.96938892794336 3573.9269007660937
-8.725389497383167e-09 -142.09588356648555 3578.0697303516317
-8.717615169984045e-09 -142.22260399396177 3552.5039269179897
-8.709840831886169e-09 -142.34955081537342 3573.688943314595
-8.702066483094278e-09 -142.4767246378853 3573.3391375936953
-8.694292123613105e-09 -142.60412607083538 3571.7678881448414
-8.686517753447387e-09 -142.7317557257444 3564.3902254188715
-8.678743372601856e-09 -142.85961421632567 3553.878038194445
-8.670968981081242e-09 -142.9877021584951 3583.3444940476193
-8.663194578890278e-09 -143.11602017038078 3591.0764061122136
-8.655420166033693e-09 -143.24456887233313 3551.897820904983
-8.647645742516217e-09 -143.37334888693485 3556.059854497355
-8.639871308342577e-09 -143.50236083901098 3572.86895805776
-8.6320968635175e-09 -143.63160535563895 3547.4279720568784
-8.624322408045713e-09 -143.7610830661588 3532.5342916391096
-8.616547941931938e-09 -143.89079460218338 3549.5705364032187
-8.608773465180901e-09 -144.02074059760858 3537.1908068783073
-8.600998977797323e-09 -144.1509216886237 3533.974109898589
-8.59322447978593e-09 -144.28133851372178 3530.9269765487215
-8.585449971151438e-09 -144.41199171371014 3515.660101135362
-8.577675451898569e-09 -144.54288193172076 3528.839320160935
-8.569900922032038e-09 -144.67400981322095 3512.9714196153
-8.562126381556569e-09 -144.80537600602375 3486.019999724427
-8.554351830476874e-09 -144.9369811602988 3502.33043637015
-8.54657726879767e-09 -145.0688259285831 3538.2050023423726
-8.53880269652367e-09 -145.20091096579156 3511.7670614252647
-8.531028113659592e-09 -145.33323692922798 3523.070212604718
-8.523253520210143e-09 -145.46580447859608 3527.1117001488096
-8.515478916180038e-09 -145.59861427601015 3523.0258108741186
-8.507704301573985e-09 -145.73166698600642 3540.3983238260585
-8.499929676396696e-09 -145.86496327555383 3545.8736014660494
-8.492155040652879e-09 -145.99850381406543 3554.390208195547
-8.48438039434724e-09 -146.1322892734094 3540.1964836860675
-8.476605737484486e-09 -146.26632032792048 3548.5074094742067
-8.468831070069322e-09 -146.4005976544111 3548.4140418320108
-8.461056392106452e-09 -146.53512193218288 3560.3806182484573
-8.453281703600582e-09 -146.66989384303818 3584.9768346285277
-8.445507004556412e-09 -146.80491407129148 3586.705677496693
-8.437732294978641e-09 -146.940183303781 3569.6636284722226
-8.429957574871973e-09 -147.07570222988033 3554.1568321483687
-8.422182844241108e-09 -147.2114715415101 3541.1318824404766
-8.41440810309074e-09 -147.34749193314994 3547.0277708884482
-8.40663335142557e-09 -147.4837641018501 3555.523847415124
-8.398858589250293e-09 -147.6202887472435 3541.954588982584
-8.391083816569601e-09 -147.75706657155763 3540.0966917438273
-8.383309033388193e-09 -147.89409827962655 3552.3121624228397
-8.37553423971076e-09 -148.03138457890313 3546.2305031966494
-8.367759435541992e-09 -148.16892617947113 3549.5804398148152
-8.359984620886584e-09 -148.30672379405743 3569.842974950397
-8.352209795749223e-09 -148.44477813804437 3562.8085214120374
-8.344434960134598e-09 -148.58308992948224 3550.4676649305557
-8.336660114047401e-09 -148.72165988910135 3557.1980062279545
-8.328885257492313e-09 -148.86048874032514 3548.430266203704
-8.321110390474025e-09 -148.99957720928214 3537.9969273589068
-8.313335512997222e-09 -149.1389260248191 3539.506258956129
-8.305560625066582e-09 -149.27853591851363 3533.740286044974
-8.297785726686796e-09 -149.41840762468664 3551.2110063932982
-8.290010817862539e-09 -149.5585418804158 3569.8309358465613
-8.282235898598495e-09 -149.6989394255479 3568.458305776014
-8.274460968899344e-09 -149.83960100271236 3576.3148802634482
-8.266686028769765e-09 -149.98052735733398 3592.140790343916
-8.258911078214435e-09 -150.12171923764635 3600.94196084105
-8.25113611723803e-09 -150.26317739470485 3606.8516279486334
-8.243361145845227e-09 -150.4049025824002 3627.1548790233687
-8.235586164040702e-09 -150.5468955574717 3627.0069823357585
-8.227811171829127e-09 -150.68915707952067 3624.3902943121698
-8.220036169215175e-09 -150.83168791102423 3631.230330963404
-8.21226115620352e-09 -150.97448881734857 3636.927496693122
-8.204486132798828e-09 -151.11756056676305 3632.8877659281306
-8.196711099005773e-09 -151.26090393045354 3662.2937506889334
-8.188936054829021e-09 -151.40451968253663 3669.599333801808
-8.181161000273242e-09 -151.5484086000734 3669.54475308642
-8.1733859353431e-09 -151.69257146308345 3678.3569465112437
-8.165610860043264e-09 -151.837009054559 3654.155368165785
-8.157835774378396e-09 -151.9817221604791 3657.388186177249
-8.15006067835316e-09 -152.1267115698239 3693.24237695657
-8.142285571972222e-09 -152.27197807458873 3707.211337081129
-8.134510455240237e-09 -152.41752246979908 3698.433538635362
-8.12673532816187e-09 -152.56334555352444 3716.207355048501
-8.118960190741783e-09 -152.70944812689334 3710.239059744268
-8.11118504298463e-09 -152.85583099410792 3717.3219797178135
-8.10340988489507e-09 -153.0024949624585 3723.7922143683863
-8.095634716477758e-09 -153.14944084233878 3714.5718281525574
-8.087859537737354e-09 -153.29666944726029 3743.364249200838
-8.080084348678508e-09 -153.44418159386785 3748.953786375662
-8.072309149305878e-09 -153.5919781019544 3732.0101514274693
-8.064533939624112e-09 -153.74005979447628 3737.2027254188715
-8.056758719637861e-09 -153.88842749756856 3723.2685219631835
-8.048983489351781e-09 -154.03708204056014 3714.4662836199295
-8.041208248770518e-09 -154.18602425598954 3730.9006765321874
-8.03343299789872e-09 -154.3352549796203 3733.8745074129192
-8.025657736741037e-09 -154.48477505045642 3747.262542024912
-8.017882465302113e-09 -154.63458531075852 3762.6923500881835
-8.010107183586594e-09 -154.78468660605918 3741.1620921516756
-8.002331891599123e-09 -154.93507978517923 3759.903136022928
-7.994556589344348e-09 -155.08576570024337 3764.9364976025136
-7.986781276826908e-09 -155.2367452066967 3763.36879615851
-7.979005954051444e-09 -155.38801916332054 3759.009951636905
-7.971230621022598e-09 -155.53958843224885 3771.667596726191
-7.96345527774501e-09 -155.6914538789847 3767.6976893187834
-7.955679924223315e-09 -155.84361637241656 3777.0903087797624
-7.947904560462154e-09 -155.996076784835 3784.6278211805557
-7.940129186466162e-09 -156.14883599194928 3788.7538580246915
-7.932353802239975e-09 -156.3018948729042 3786.6622919422402
-7.924578407788228e-09 -156.45525431029685 3797.804956183863
-7.916803003115552e-09 -156.60891519019373 3813.412095596341
-7.909027588226582e-09 -156.7628784021476 3828.6836902006175
-7.901252163125944e-09 -156.91714483921496 3848.183645419974
-7.893476727818277e-09 -157.07171539797284 3834.067098627646
-7.885701282308204e-09 -157.2265909785367 3848.791990465168
-7.877925826600356e-09 -157.3817724845775 3835.796785438713
-7.870150360699359e-09 -157.5372608233395 3853.0438264715613
-7.86237488460984e-09 -157.69305690565784 3863.1095679012346
-7.854599398336422e-09 -157.84916164597635 3875.4649091986334
-7.846823901883733e-09 -158.00557596236538 3906.988966738316
-7.839048395256396e-09 -158.1623007765399 3892.6345486111113
-7.83127287845903e-09 -158.31933701387757 3908.421103395062
-7.823497351496261e-09 -158.47668560343692 3907.3362234071874
-7.815721814372706e-09 -158.6343474779757 3923.5866023203266
-7.807946267092986e-09 -158.7923235739692 3941.7855764991186
-7.800170709661716e-09 -158.95061483162908 3938.198268022487
-7.792395142083518e-09 -159.1092221949216 3930.8310943011465
-7.784619564363006e-09 -159.26814661158684 3942.3007605820108
-7.776843976504794e-09 -159.4273890331571 3952.545607363316
-7.7690683785135e-09 -159.58695041497631 3966.3997395833335
-7.761292770393735e-09 -159.7468317162189 3959.2116712136244
-7.753517152150112e-09 -159.90703389990907 3968.3347456459437
-7.74574152378724e-09 -160.0675579329402 3995.369991457231
-7.737965885309732e-09 -160.22840478609405 3987.530812527558
-7.730190236722197e-09 -160.3895754340607 3983.503482556217
-7.722414578029244e-09 -160.55107085545794 3993.765845458554
-7.714638909235477e-09 -160.71289203285122 4003.1228643077607
-7.706863230345503e-09 -160.87503995277356 4002.2557043650795
-7.69908754136393e-09 -161.03751560574545 4015.53161513448
-7.691311842295364e-09 -161.20031998629523 4025.8465608465613
-7.683536133144405e-09 -161.36345409297925 4017.125220458554
-7.675760413915653e-09 -161.52691892840244 4020.431857638889
-7.667984684613714e-09 -161.69071549923854 4022.312093529542
-7.660208945243187e-09 -161.85484481625107 4025.409208967152
-7.65243319580867e-09 -162.01930789431404 4028.3581004739863
-7.64465743631476e-09 -162.1841057524327 4037.1214657738096
-7.636881666766061e-09 -162.3492394137648 4053.001939346341
-7.629105887167164e-09 -162.51470990564164 4052.7768821649033
-7.621330097522664e-09 -162.68051825958946 4063.7804163910937
-7.613554297837154e-09 -162.8466655113508 4053.2066730048505
-7.605778488115234e-09 -163.01315270090598 4058.97514329806
-7.59800266836149e-09 -163.17998087249507 4065.3969287367727
-7.590226838580518e-09 -163.34715107463938 4060.6036086309527
-7.582450998776904e-09 -163.51466436016383 4066.018019042108
-7.57467514895524e-09 -163.6825217862186 4081.8162684634044
-7.566899289120113e-09 -163.8507244143016 4080.137855489418
-7.559123419276112e-09 -164.019273310281 4082.7751598324517
-7.551347539427824e-09 -164.18816954441735 4070.804949294533
-7.543571649579831e-09 -164.35741419138668 4081.747926311729
-7.535795749736722e-09 -164.52700833030283 4074.9867724867727
-7.528019839903076e-09 -164.69695304474084 4062.6653439153442
-7.52024392008348e-09 -164.8672494227596 4080.4347856040567
-7.512467990282509e-09 -165.03789855692546 4087.1554990630516
-7.504692050504748e-09 -165.20890154433528 4088.5802469135806
-7.496916100754776e-09 -165.38025948664003 4093.9267113095243
-7.489140141037171e-09 -165.5519734900686 4101.361813822752
-7.48136417135651e-09 -165.72404466545143 4091.8075190145505
-7.473588191717372e-09 -165.89647412824448 4096.754850088184
-7.465812202124329e-09 -166.0692629985534 4104.430975804674
-7.458036202581956e-09 -166.2424124011578 4119.271694499559
-7.45026019309483e-09 -166.41592346553543 4125.924444720018
-7.442484173667519e-09 -166.5897973258871 4168.252521494709
-7.4347081443045965e-09 -166.76403512116113 4169.438898533951
-7.426932105010633e-09 -166.9386379950782 4162.794725529101
-7.4191560557902e-09 -167.1136070961566 4174.804653053351
-7.411379996647861e-09 -167.28894357773723 4191.063333608907
-7.40360392758819e-09 -167.46464859800886 4199.984533454586
-7.395827848615747e-09 -167.64072332003394 4216.968074845679
-7.388051759735103e-09 -167.81716891177393 4221.167155809083
-7.38027566095082e-09 -167.9939865461153 4216.15234375
-7.3724995522674594e-09 -168.1711774008956 4229.649815365961
-7.364723433689589e-09 -168.34874265892927 4228.60584077381
-7.356947305221767e-09 -168.52668350803427 4230.352320326279
-7.3491711668685546e-09 -168.7050011410586 4233.433538635362
-7.341395018634513e-09 -168.8836967559066 4234.414338073193
-7.333618860524196e-09 -169.06277155556626 4253.432574129189
-7.325842692542167e-09 -169.2422267481357 4234.597249779542
-7.31806651469298e-09 -169.4220635468507 4237.927586254409
-7.310290326981192e-09 -169.60228317011195 4256.557298555997
-7.302514129411355e-09 -169.78288684151252 4245.557346781306
-7.294737921988024e-09 -169.96387578986554 4281.465808256173
-7.286961704715755e-09 -170.14525124923205 4269.4322503306885
-7.279185477599097e-09 -170.3270144589492 4256.3285728064375
-7.271409240642598e-09 -170.5091666636584 4290.6529706790125
-7.2636329938508115e-09 -170.6917091133335 4307.69035218254
-7.2558567372282854e-09 -170.87464306330972 4324.38922646605
-7.2480804707795676e-09 -171.05796977431228 4344.016617063492
-7.240304194509203e-09 -171.24169051248532 4357.014302248677
-7.232527908421741e-09 -171.42580654942108 4380.371782682981
-7.224751612521725e-09 -171.61031916218923 4396.409556878307
-7.2169753068136966e-09 -171.79522963336646 4410.895819554674
-7.209198991302201e-09 -171.98053925106612 4412.557594797178
-7.2014226659917795e-09 -172.1662493089681 4433.168747244268
-7.193646330886974e-09 -172.352361106349 4450.871982473545
-7.185869985992322e-09 -172.53887594811252 4451.921261849648
-7.178093631312365e-09 -172.72579514481967 4478.007881393299
-7.170317266851639e-09 -172.9131200127198 4511.494123401676
-7.1625408926146836e-09 -173.10085187378112 4520.391623952823
-7.154764508606031e-09 -173.2889920557223 4538.487344301147
-7.146988114830218e-09 -173.47754189204326 4539.234836585098
-7.139211711291781e-09 -173.66650272205686 4545.694892250882
-7.1314352979952485e-09 -173.85587589092088 4542.410748732364
-7.123658874945159e-09 -174.0456627496694 4570.164758322311
-7.115882442146036e-09 -174.23586465524548 4574.684640928131
-7.108105999602414e-09 -174.42648297053307 4593.673976245591
-7.100329547318821e-09 -174.6175190643898 4609.926594190917
-7.092553085299786e-09 -174.80897431167963 4623.011636078043
-7.084776613549835e-09 -175.00085009330596 4615.033619929453
-7.077000132073496e-09 -175.19314779624457 4618.972697585979
-7.069223640875291e-09 -175.38586881357747 4629.323812279542
-7.061447139959748e-09 -175.57901454452605 4648.476906966491
-7.053670629331388e-09 -175.77258639448524 4664.417059358466
-7.045894108994732e-09 -175.96658577505758 4685.650352733686
-7.038117578954304e-09 -176.16101410408737 4684.134045690035
-7.030341039214624e-09 -176.35587280569536 4687.82672646605
-7.0225644897802096e-09 -176.55116331031354 4713.51565944665
-7.014787930655581e-09 -176.7468870547199 4728.956645447532
-7.007011361845255e-09 -176.943045482074 4708.43891231261
-6.999234783353745e-09 -177.1396400419523 4731.7378334435625
-6.991458195185572e-09 -177.33667219038355 4763.3524167768965
-6.983681597345247e-09 -177.53414338988532 4771.058132164903
-6.975904989837282e-09 -177.73205510949978 4779.593357308201
-6.968128372666195e-09 -177.93040882483012 4804.04334766314
-6.96035174583649e-09 -178.1292060180776 4764.488260582011
-6.9525751093526835e-09 -178.3284481780779 4688.899222883599
-6.944798463219282e-09 -178.52813680033876 4602.323529817019
-6.937021807440796e-09 -178.7282733870771 4512.51525986552
-6.929245142021732e-09 -178.92885944725694 4390.868227788801
-6.921468466966596e-09 -179.12989649662708 4273.087900958995
-6.9136917822798955e-09 -179.33138605775937 4168.187968474427
-6.9059150879661344e-09 -179.53332966008725 4082.814015652558
-6.898138384029813e-09 -179.73572883994436 4054.3785135582016
-6.89036167047544e-09 -179.93858514060327 4064.9073040674607
-6.8825849473075126e-09 -180.14190011231523 4111.969693838184
-6.874808214530535e-09 -180.34567531234913 4162.129801862875
-6.867031472149004e-09 -180.54991230503157 4241.320994543651
-6.859254720167419e-09 -180.75461266178675 4283.370535714286
-6.85147795859028e-09 -180.95977796117685 4332.698378251764
-6.843701187422081e-09 -181.1654097889426 4312.217606371252
-6.835924406667319e-09 -181.371509738044 4315.805293761024
-6.82814761633049e-09 -181.57807940870163 4311.98474702381
-6.820370816416087e-09 -181.7851204084379 4293.951202876984
-6.8125940069286046e-09 -181.99263435211893 4285.608465608466
-6.8048171878725305e-09 -182.2006228619965 4271.8523685515875
-6.797040359252359e-09 -182.40908756775 4294.683125275574
-6.78926352107258e-09 -182.61803010652943 4325.590277777778
-6.781486673337683e-09 -182.82745212299804 4382.766238150353
-6.7737098160521546e-09 -183.0373552693755 4444.204695767196
-6.765932949220483e-09 -183.24774120548136 4512.301931768078
-6.758156072847153e-09 -183.45861159877884 4565.292314263669
-6.750379186936653e-09 -183.6699681244187 4607.314677028219
-6.742602291493464e-09 -183.88181246528384 4648.883067405203
-6.73482538652207e-09 -184.09414631203393 4683.678557649912
-6.727048472026953e-09 -184.30697136315013 4692.90092454806
-6.719271548012596e-09 -184.52028932498058 4690.421971450618
-6.7114946144834786e-09 -184.73410191178607 4681.390128968254
-6.7037176714440785e-09 -184.94841084578587 4712.747740299824
-6.695940718898878e-09 -185.16321785720376 4698.719790288801
-6.6881637568523495e-09 -185.37852468431504 4687.21805417769
-6.680386785308974e-09 -185.59433307349292 4689.513268849207
-6.672609804273224e-09 -185.81064477925622 4655.285941633599
-6.664832813749574e-09 -186.02746156431652 4654.795765817901
-6.6570558137425e-09 -186.24478519962614 4631.084656084657
-6.649278804256474e-09 -186.46261746442653 4608.445422729277
-6.6415017852959655e-09 -186.68096014629668 4603.414971891535
-6.633724756865447e-09 -186.89981504120195 4554.876577656526
-6.62594771896939e-09 -187.11918395354337 4497.216056272046
-6.6181706716122565e-09 -187.33906869620753 4458.165612599207
-6.610393614798522e-09 -187.55947109061574 4413.58097029321
-6.602616548532649e-09 -187.78039296677528 4350.49182925485
-6.5948394728191054e-09 -188.0018361633293 4302.065489969136
-6.587062387662353e-09 -188.22380252760826 4236.830563822752
-6.57928529306686e-09 -188.44629391568094 4179.982501102293
-6.5715081890370854e-09 -188.6693121924066 4139.868310460759
-6.563731075577493e-09 -188.89285923148674 4089.6372078924164
-6.555953952692543e-09 -189.11693691551767 4038.3663332231044
-6.5481768203866986e-09 -189.34154713604332 4013.3136987433863
-6.540399678664416e-09 -189.56669179360867 3967.607749118166
-6.532622527530152e-09 -189.79237279781307 3927.3220141644624
-6.524845366988366e-09 -190.01859206736432 3854.937117642196
-6.5170681970435125e-09 -190.2453515301332 3823.8936253031306
-6.509291017700049e-09 -190.47265312320792 3782.5298135747357
-6.501513828962428e-09 -190.70049879294956 3739.641582616843
-6.493736630835103e-09 -190.92889049504754 3686.8715381117727
-6.485959423322527e-09 -191.15783019457547 3638.4641617063494
-6.478182206429153e-09 -191.3873198660476 3609.5377431933425
-6.470404980159427e-09 -191.6173614934757 3576.0924754739863
-6.462627744517803e-09 -191.84795707042585 3516.6553164958113
-6.454850499508724e-09 -192.07910860007652 3479.267509231702
-6.447073245136643e-09 -192.31081809527612 3422.2958347111994
-6.439295981406004e-09 -192.54308757860173 3418.276995838845
-6.431518708321253e-09 -192.77591908241783 3378.1811997078926
-6.4237414258868344e-09 -193.00931464893563 3341.435805224868
-6.415964134107192e-09 -193.2432763302726 3316.283464919533
-6.408186832986767e-09 -193.47780618851297 3279.074694113757
-6.400409522530006e-09 -193.7129062957677 3251.929115685626
-6.392632202741345e-09 -193.94857873423632 3219.7827277612437
-6.384854873625224e-09 -194.18482559626776 3217.4435419422402
-6.377077535186084e-09 -194.4216489844224 3198.697778880071
-6.369300187428363e-09 -194.65905101153456 3172.3037402171517
-6.361522830356495e-09 -194.89703380077543 3170.7727244543653
-6.353745463974919e-09 -195.13559948571597 3141.7122395833335
-6.345968088288069e-09 -195.37475021039106 3131.432291666667
-6.338190703300379e-09 -195.61448812936354 3137.8234195877426
-6.3304133090162816e-09 -195.85481540778898 3132.4468660438715
-6.32263590544021e-09 -196.09573422148068 3122.152777777778
-6.314858492576594e-09 -196.3372467569757 3121.371062748016
-6.3070810704298664e-09 -196.57935521160053 3123.780691964286
-6.2993036390044534e-09 -196.82206179353818 3120.961871004189
-6.291526198304785e-09 -197.06536872189494 3099.0756241732806
-6.283748748335288e-09 -197.3092782267683 3097.4650022045857
-6.2759712891003885e-09 -197.55379254931486 3104.186904072972
-6.2681938206045116e-09 -197.79891394181917 3083.968116181658
-6.260416342852085e-09 -198.0446446677625 3067.807229662699
-6.25263885584753e-09 -198.29098700189311 3049.643735532408
-6.2448613595952665e-09 -198.53794323029604 3022.139894731041
-6.237083854099719e-09 -198.78551565046374 2993.3760127314818
-6.2293063393653086e-09 -199.03370657136753 2970.1518752755733
-6.221528815396454e-09 -199.28251831352935 2948.040381806658
-6.213751282197572e-09 -199.5319532090941 2911.3038228891096
-6.205973739773085e-09 -199.7820136019022 2894.014498594577
-6.198196188127406e-09 -200.03270184756354 2850.4167183366403
-6.190418627264952e-09 -200.284020313531 2814.264650159833
-6.18264105719014e-09 -200.53597137917504 2786.9710200341715
-6.174863477907381e-09 -200.78855743585902 2771.266448274912
-6.167085889421088e-09 -201.04178088701468 2739.3553481867284
-6.159308291735675e-09 -201.29564414821826 2705.413532021605
-6.151530684855552e-09 -201.5501496472675 2647.314143105159
-6.143753068785129e-09 -201.80529982425904 2606.151241457231
-6.1359754435288155e-09 -202.06109713166617 2588.3685722552914
-6.12819780909102e-09 -202.3175440344177 2565.3787925760585
-6.120420165476149e-09 -202.57464300997685 2524.6738935736334
-6.112642512688611e-09 -202.83239654842126 2498.7104552469136
-6.104864850732808e-09 -203.09080715252324 2487.9994247409613
-6.0970871796131466e-09 -203.34987733783083 2453.850894235009
-6.0893094993340305e-09 -203.60960963274937 2425.1810515873017
-6.081531809899861e-09 -203.87000657862376 2401.066554370591
-6.0737541113150405e-09 -204.13107072982146 2364.0851831183863
-6.0659764035839696e-09 -204.3928046538158 2331.256717096561
-6.058198686711047e-09 -204.65521093127035 2296.9070870535716
-6.050420960700673e-09 -204.91829215612358 2262.1026406801147
-6.042643225557244e-09 -205.1820509356744 2217.7520805776016
-6.034865481285158e-09 -205.44648989066832 2174.2670097552914
-6.027087727888809e-09 -205.71161165538416 2142.751494984568
-6.019309965372594e-09 -205.97741887772156 2095.2218880897267
-6.011532193740906e-09 -206.2439142192891 2044.8652360973326
-6.003754412998138e-09 -206.5111003554933 2009.9340174437832
-5.995976623148682e-09 -206.77897997562792 1977.7274856701943
-5.98819882419693e-09 -207.0475557829642 1938.1887349123679
-5.98042101614727e-09 -207.316830494842 1891.2715377673062
-5.972643199004093e-09 -207.58680684276126 1841.0956101190477
-5.964865372771788e-09 -207.85748757247435 1797.250942115851
-5.957087537454741e-09 -208.1288754440792 1783.4905220045196
-5.949309693057339e-09 -208.40097323211327 1728.922965236442
-5.9415318395839656e-09 -208.67378372564775 1685.8048115079366
-5.933753977039007e-09 -208.9473097283831 1643.511439732143
-5.925976105426848e-09 -209.221554058745 1603.4106057787699
-5.9181982247518685e-09 -209.4965195499813 1566.545500578704
-5.91042033501845e-09 -209.77220905025936 1535.769908440807
-5.902642436230977e-09 -210.04862542276447 1506.9651296571872
-5.8948645283938255e-09 -210.32577154579909 1462.9699125744048
-5.887086611511375e-09 -210.60365031288256 1444.4980434303352
-5.879308685588004e-09 -210.88226463285193 1399.175536678792
-5.871530750628089e-09 -211.16161742996343 1377.75390625
-5.863752806636007e-09 -211.44171164399455 1355.5412688078704
-5.855974853616132e-09 -211.72255023034768 1324.1276558366403
-5.848196891572837e-09 -212.0041361601535 1297.4424224261465
-5.8404189205104975e-09 -212.28647242037607 1260.383201747134
-5.832640940433485e-09 -212.5695620139183 1250.2027099178792
-5.824862951346168e-09 -212.85340795972854 1230.4832778742284
-5.81708495325292e-09 -213.13801329290774 1216.9384335041889
-5.80930694615811e-09 -213.42338106481762 1200.0814577132937
-5.801528930066105e-09 -213.70951434319005 1185.3931051587304
-5.793750904981275e-09 -213.99641621223643 1173.282679535935
-5.785972870907983e-09 -214.28408977275902 1161.0812630897267
-5.778194827850597e-09 -214.5725381422622 1152.054492876433
-5.770416775813481e-09 -214.86176445506547 1142.1290095899471
-5.762638714800997e-09 -215.1517718624167 1132.0357538993608
-5.75486064481751e-09 -215.4425635326067 1129.657626143629
-5.747082565867381e-09 -215.7341426510845 1130.304138075948
-5.739304477954971e-09 -216.0265124205738 1127.8950169477514
-5.73152638108464e-09 -216.31967606119008 1128.811168637015
-5.723748275260746e-09 -216.61363681055894 1126.5107439098326
-5.7159701604876486e-09 -216.90839792393515 1129.9349905616182
-5.708192036769704e-09 -217.20396267432295 1127.8410648837082
-5.700413904111268e-09 -217.50033435259712 1119.6155581735009
-5.692635762516696e-09 -217.7975162676251 1136.3066905726412
-5.684857611990342e-09 -218.09551174639003 1141.6664599867727
-5.67707945253656e-09 -218.39432413411512 1134.8366798252866
-5.669301284159703e-09 -218.69395679438867 1136.5300857032628
-5.66152310686412e-09 -218.9944131092904 1140.1262986386685
-5.653744920654165e-09 -219.29569647951837 1152.737251295194
-5.645966725534183e-09 -219.5978103245178 1156.0490985311949
-5.638188521508527e-09 -219.90075808260988 1146.2709693975971
-5.630410308581543e-09 -220.20454321112257 1154.6329106729497
-5.6226320867575765e-09 -220.50916918652212 1160.1956569664903
-5.614853856040974e-09 -220.8146395045454 1164.4407758763227
-5.6070756164360815e-09 -221.12095768033382 1168.142016644621
-5.599297367947241e-09 -221.42812724856816 1163.1127456046077
-5.591519110578798e-09 -221.73615176360434 1172.8601741622576
-5.583740844335093e-09 -222.04503479961087 1160.6706331983025
-5.575962569220466e-09 -222.35477995070679 1162.8783619929454
-5.5681842852392596e-09 -222.66539083110098 1162.5783833498679
-5.56040599239581e-09 -222.97687107523316 1161.4215529238318
-5.552627690694458e-09 -223.28922433791513 1167.9564353229719
-5.544849380139541e-09 -223.60245429447403 1156.0107335758378
-5.537071060735393e-09 -223.91656464089658 1158.1266103808423
-5.529292732486353e-09 -224.23155909397394 1159.8652963789684
-5.521514395396752e-09 -224.54744139144904 1162.0978698192241
-5.513736049470925e-09 -224.86421529216372 1167.2026048555997
-5.505957694713206e-09 -225.18188457620818 1164.0080742945327
-5.4981793311279255e-09 -225.5004530450713 1148.1954347856042
-5.4904009587194145e-09 -225.81992452179233 1157.5562772128528
-5.482622577492002e-09 -226.1403028511136 1152.6998422343474
-5.474844187450018e-09 -226.46159189963495 1143.292419325948
-5.467065788597789e-09 -226.7837955559692 1152.8320829199736
-5.459287380939644e-09 -227.10691773089894 1151.639686328814
-5.451508964479908e-09 -227.43096235753498 1144.7200606949957
-5.443730539222906e-09 -227.7559333914757 1150.3249352403
-5.435952105172963e-09 -228.08183481096816 1149.9896832286156
-5.4281736623344034e-09 -228.4086706170702 1143.070247051367
-5.420395210711545e-09 -228.73644483381463 1143.5874634865522
-5.412616750308715e-09 -229.06516150837365 1146.335978835979
-5.404838281130231e-09 -229.3948247112262 1150.1370115465168
-5.397059803180412e-09 -229.72543853632544 1138.8245597718255
-5.389281316463578e-09 -230.05700710126837 1140.6684716710758
-5.381502820984045e-09 -230.38953454746692 1134.4711750440918
-5.373724316746131e-09 -230.72302504032004 1134.9236920607364
-5.365945803754154e-09 -231.05748276938783 1127.9154438106261
-5.358167282012426e-09 -231.3929119485671 1120.30841807209
-5.3503887515252604e-09 -231.72931681626812 1116.6109319885363
-5.342610212296972e-09 -232.06670163559315 1109.5982142857144
-5.334831664331874e-09 -232.40507069451652 1103.7871765459656
-5.327053107634274e-09 -232.74442830606657 1099.2694985256835
-5.319274542208485e-09 -233.0847788085084 1101.5432443231923
-5.311495968058815e-09 -233.4261265655291 1095.1703472911156
-5.303717385189574e-09 -233.76847596642403 1090.5158213458994
-5.295938793605069e-09 -234.11183142628528 1084.288840319114
-5.288160193309604e-09 -234.45619738619098 1088.074096464396
-5.280381584307487e-09 -234.80157831339713 1082.165256076389
-5.272602966603023e-09 -235.14797870153052 1077.335353629299
-5.264824340200514e-09 -235.49540307078396 1064.0490141369048
-5.2570457051042644e-09 -235.84385596811248 1071.8176118827162
-5.249267061318576e-09 -236.19334196743185 1064.8299799520503
-5.2414884088477486e-09 -236.54386566981884 1057.7359164875443
-5.233709747696082e-09 -236.89543170371303 1052.005630304784
-5.225931077867877e-09 -237.2480447251203 1053.3077222497795
-5.2181523993674316e-09 -237.6017094178188 1046.9172574266977
-5.2103737121990405e-09 -237.956430493566 1035.8964826526676
-5.202595016367004e-09 -238.3122126923079 1031.9453917272929
-5.1948163118756126e-09 -238.66906078239055 1026.1741312555116
-5.1870375987291635e-09 -239.02697956077253 1023.0831817680777
-5.179258876931953e-09 -239.38597385324013 1019.2170276675486
-5.171480146488268e-09 -239.74604851462462 1015.3098045497135
-5.1637014074024045e-09 -240.10720842902026 1008.3745143022487
-5.15592265967865e-09 -240.4694585100059 998.4129266217483
-5.148143903321298e-09 -240.8328037008672 991.8623494681439
-5.140365138334633e-09 -241.19724897482212 990.837100935571
-5.132586364722949e-09 -241.56279933524695 989.3337070794754
-5.1248075824905264e-09 -241.92945981590643 975.4393239500662
-5.1170287916416556e-09 -242.29723548118355 977.22274753362
-5.10924999218062e-09 -242.66613142631365 979.4657712260253
-5.101471184111704e-09 -243.03615277761926 972.5989996693122
-5.093692367439192e-09 -243.40730469274763 964.7773153315146
-5.085913542167365e-09 -243.77959236091044 966.789412994654
-5.078134708300506e-09 -244.15302100312556 973.9249545304234
-5.070355865842894e-09 -244.52759587246123 971.5200660342263
-5.062577014798808e-09 -244.90332225428216 964.1577535962302
-5.0547981551725306e-09 -245.28020546649822 966.0584335730821
-5.047019286968336e-09 -245.65825085981544 970.0239145860892
-5.039240410190502e-09 -246.03746381798913 965.9317000454696
-5.031461524843305e-09 -246.41784975807937 959.6264519262567
-5.023682630931019e-09 -246.799414130709 964.016311349482
-5.015903728457917e-09 -247.18216242032415 969.6949103353727
-5.008124817428277e-09 -247.5661001454564 965.6073848448524
-5.000345897846367e-09 -247.95123285898887 962.8522729621363
-4.992566969716458e-09 -248.33756614842332 957.3182508680557
-4.984788033042824e-09 -248.72510563615032 959.1781374007937
-4.9770090878297314e-09 -249.1138569797224 961.8906775311399
-4.9692301340814495e-09 -249.50382587212903 957.6717854387126
-4.9614511718022455e-09 -249.8950180420746 963.7521270805777
-4.953672200996387e-09 -250.28743925425894 968.2559919945988
-4.94589322166814e-09 -250.6810953096604 972.4627287257497
-4.9381142338217685e-09 -251.07599204582192 956.2907546916337
-4.930335237461537e-09 -251.4721353371393 959.7153027515984
-4.9225562325917065e-09 -251.86953109515267 966.9409696387236
-4.914777219216543e-09 -252.26818526884026 958.8764364252646
-4.906998197340305e-09 -252.66810384491572 956.6399791253308
-4.899219166967254e-09 -253.06929284812733 953.814143966325
-4.891440128101647e-09 -253.47175834156093 954.177775710979
-4.883661080747746e-09 -253.87550642694475 956.3802255566579
-4.875882024909804e-09 -254.28054324495872 954.5916608107364
-4.868102960592082e-09 -254.68687497554464 950.0468991126544
-4.8603238877988345e-09 -255.09450783822138 945.4131574142968
-4.852544806534315e-09 -255.5034480924018 946.2606784611994
-4.844765716802777e-09 -255.91370203771328 953.3642836474869
-4.836986618608475e-09 -256.325276014321 939.487834304729
-4.8292075119556605e-09 -256.73817640325456 942.3834712921628
-4.821428396848584e-09 -257.1524096267381 941.1755521797841
-4.813649273291497e-09 -257.5679821485229 946.5866471009701
-4.805870141288645e-09 -257.98490047422365 934.2087561659503
-4.798091000844282e-09 -258.4031711516579 938.7740652901787
-4.790311851962651e-09 -258.82280077118895 938.1032813877866
-4.782532694648001e-09 -259.2437959660719 934.3803521480932
-4.774753528904575e-09 -259.66616341280326 932.1952935543432
-4.76697435473662e-09 -260.08990983147356 929.4315355627206
-4.75919517214838e-09 -260.5150419861241 932.2523156759811
-4.751415981144095e-09 -260.9415666851069 932.1829272073413
-4.743636781728009e-09 -261.36949078144755 929.8712771784061
-4.735857573904362e-09 -261.798821173213 926.6396088238537
-4.728078357677397e-09 -262.22956480388143 929.8610895819555
-4.720299133051349e-09 -262.66172866271756 929.9185164517196
-4.712519900030457e-09 -263.09531978514957 921.8884126639662
-4.704740658618961e-09 -263.53034525315155 921.7208856922399
-4.696961408821096e-09 -263.9668121956288 924.1660164861663
-4.6891821506410956e-09 -264.40472778880763 924.7522037243717
-4.681402884083199e-09 -264.8440992566278 919.5388928502535
-4.673623609151634e-09 -265.284933871141 918.36994150959
-4.665844325850638e-09 -265.72723895291057 915.9046034501764
-4.65806503418444e-09 -266.1710218714181 926.0224540481703
-4.650285734157272e-09 -266.61629004547166 922.3016260540676
-4.642506425773364e-09 -267.0630509436198 916.2392913979829
-4.634727109036946e-09 -267.51131208456894 920.304000289352
-4.626947783952244e-09 -267.961081037605 927.2014508928572
-4.619168450523488e-09 -268.41236542301976 931.4897788180666
-4.611389108754902e-09 -268.86517291254086 924.8359693631504
-4.603609758650713e-09 -269.31951122976676 914.9655102926588
-4.595830400215144e-09 -269.7753881506058 911.9525953827713
-4.58805103345242e-09 -270.23281150371974 913.7770147845018
-4.580271658366763e-09 -270.6917891709721 921.35688795194
-4.572492274962395e-09 -271.1523290878804 928.3434778714727
-4.564712883243538e-09 -271.61443924407416 927.3078738150354
-4.5569334832144095e-09 -272.0781276837563 921.447250124008
-4.54915407487923e-09 -272.54340250617025 921.7615413497575
-4.541374658242217e-09 -273.0102718660713 923.1958825920415
-4.53359523330759e-09 -273.4787439742032 910.8182758418761
-4.525815800079563e-09 -273.94882709777943 918.4178826333775
-4.518036358562352e-09 -274.4205295609694 922.3315042162699
-4.5102569087601714e-09 -274.8938597453899 920.3908618207122
-4.502477450677234e-09 -275.3688260906016 917.7648904252095
-4.4946979843177545e-09 -275.8454370946102 918.1564110380842
-4.486918509685944e-09 -276.3237013143739 906.2490397996584
-4.479139026786012e-09 -276.8036273663151 912.5920629753638
-4.4713595356221695e-09 -277.2852239268377 923.4326731633048
-4.463580036198626e-09 -277.7684997328504 919.0073293857474
-4.455800528519589e-09 -278.25346358229456 911.7140135857585
-4.448021012589266e-09 -278.74012433467846 911.0341142388669
-4.4402414884118635e-09 -279.22849091161646 921.9747445780976
-4.432461955991584e-09 -279.71857229737464 921.0986285066689
-4.4246824153326385e-09 -280.2103775394207 909.9126519097223
-4.416902866439223e-09 -280.70391574898235 915.4436125578704
-4.409123309315547e-09 -281.1991961016082 915.1812797963515
-4.401343743965807e-09 -281.6962278377379 914.3474771274251
-4.393564170394207e-09 -282.19502026327547 916.813762469687
-4.385784588604946e-09 -282.695582750171 912.5680019910163
-4.378004998602224e-09 -283.1979247370073 914.3485191385582
-4.370225400390238e-09 -283.70205572959304 913.8360692584326
-4.3624457939731855e-09 -284.20798530156253 919.3732432208996
-4.3546661793552604e-09 -284.71572309498174 923.3139958457342
-4.346886556540663e-09 -285.2252788209602 918.5431048142638
-4.339106925533584e-09 -285.73666226027143 914.5731414310517
-4.331327286338221e-09 -286.2498832639771 917.5180715732474
-4.323547638958761e-09 -286.7649517540612 911.636508625441
-4.315767983399402e-09 -287.281877724068 905.2119846781305
-4.30798831966433e-09 -287.8006712397494 907.9299544615301
-4.300208647757738e-09 -288.32134243971774 913.8527974123677
-4.292428967683813e-09 -288.8439015361065 904.9200234926147
-4.2846492794467446e-09 -289.3683588152375 904.6072737544092
-4.276869583050719e-09 -289.89472463829657 904.4719759286817
-4.2690898784999246e-09 -290.42300944201503 908.6304744336971
-4.261310165798544e-09 -290.95322373936034 904.9352876639662
-4.253530444950766e-09 -291.4853781202324 906.2996160920966
-4.245750715960769e-09 -292.01948325216995 898.3937785907187
-4.237970978832741e-09 -292.55554988106184 903.8359099426808
-4.230191233570857e-09 -293.09358883186917 897.6646808173501
-4.222411480179306e-09 -293.6336110093524 888.7587580605159
-4.214631718662264e-09 -294.1756273988095 886.4107366760362
-4.20685194902391e-09 -294.71964906681995 880.677406270668
-4.199072171268422e-09 -295.2656871619982 876.338523582176
-4.191292385399979e-09 -295.8137529157549 877.2645485422179
-4.183512591422757e-09 -296.3638576430675 881.4733477664794
-4.1757327893409304e-09 -296.9160127432586 871.6415033895503
-4.167952979158676e-09 -297.470229700783 870.45490244709
-4.160173160880164e-09 -298.026520086025 865.4654086750442
-4.152393334509571e-09 -298.584895556102 859.0565622588736
-4.144613500051068e-09 -299.1453678556801 848.8512257840058
-4.136833657508823e-09 -299.70794881779705 855.0870251529432
-4.1290538068870105e-09 -300.2726503646946 858.1746720679013
-4.121273948189797e-09 -300.8394845086614 856.5881972001764
-4.113494081421351e-09 -301.40846335288444 856.8185936122135
-4.105714206585843e-09 -301.97959909230997 868.2424802965169
-4.097934323687435e-09 -302.5529040145159 877.9643063822753
-4.090154432730296e-09 -303.1283905005915 873.8448273189484
-4.082374533718589e-09 -303.7060710260301 868.6908507977845
-4.074594626656479e-09 -304.28595816162965 868.7676280726412
-4.0668147115481285e-09 -304.86806457440485 875.4325853243497
-4.059034788397699e-09 -305.4524030285094 872.9079086061508
-4.051254857209352e-09 -306.03898638616914 866.9772118193342
-4.043474917987249e-09 -306.6278276086253 868.8113580935848
-4.035694970735547e-09 -307.2189397570898 873.5079477030976
-4.0279150154584075e-09 -307.81233599371035 874.3183008156967
-4.020135052159984e-09 -308.40802958254795 867.0051695808532
-4.012355080844436e-09 -309.00603389056454 862.0005149774031
-4.004575101515919e-09 -309.60636238862304 858.9096774415785
-3.99679511417859e-09 -310.20902865249906 857.0942615327382
-3.9890151188365975e-09 -310.81404636390454 860.089892836475
-3.9812351154941e-09 -311.4214293115218 857.642535927855
-3.973455104155245e-09 -312.03119139205285 851.9434541032849
-3.9656750848241875e-09 -312.64334661127714 856.085986586475
-3.957895057505075e-09 -313.257909085126 861.2982640611222
-3.950115022202061e-09 -313.87489304076587 863.1835808325067
-3.9423349789192904e-09 -314.49431281769756 862.2282417741403
-3.934554927660913e-09 -315.1161828688661 862.4363124517747
-3.926774868431073e-09 -315.74051776178555 860.2948331748788
-3.91899480123392e-09 -316.3673321796759 860.3068033854167
-3.911214726073595e-09 -316.99664092261474 861.1147538442461
-3.903434642954247e-09 -317.62845890870136 862.5803166680446
-3.895654551880014e-09 -318.26280117523663 860.8060946456129
-3.887874452855044e-09 -318.89968287991445 845.3548909074626
-3.880094345883471e-09 -319.539119302031 847.8871501942791
-3.872314230969443e-09 -320.18112584370436 851.9149408895503
-3.864534108117093e-09 -320.8257180311133 842.3272199142968
-3.856753977330566e-09 -321.47291151574706 844.2323693438603
-3.848973838613997e-09 -322.1227220756734 839.688938147597
-3.841193691971522e-09 -322.7751656168205 839.9465990823413
-3.8334135374072784e-09 -323.43025817427434 836.1758665054564
-3.825633374925402e-09 -324.0880159135925 835.1135103202162
-3.817853204530026e-09 -324.7484551321343 838.3177806712963
-3.810073026225283e-09 -325.41159226040634 835.4994204351301
-3.802292840015308e-09 -326.077443863425 832.7547631103947
-3.794512645904231e-09 -326.74602664209607 835.3557606853506
-3.786732443896181e-09 -327.4173574346111 826.354911575452
-3.778952233995291e-09 -328.09145321786025 827.2215462067351
-3.771172016205688e-09 -328.7683311088641 821.0206499049273
-3.763391790531503e-09 -329.44800836622215 821.8746081693673
-3.7556115569768575e-09 -330.13050239158014 824.7902801890433
-3.747831315545884e-09 -330.8158307311137 819.2430391933973
-3.740051066242704e-09 -331.504011077034 821.0378818411045
-3.732270809071443e-09 -332.19506126910886 817.82875020668
-3.7244905440362234e-09 -332.8889992962044 814.0198162960207
-3.716710271141171e-09 -333.5858432978462 811.2184038111773
-3.7089299903904045e-09 -334.28561156580037 807.7181075699956
-3.7011497017880478e-09 -334.9883225456726 792.7211862392527
-3.6933694053382174e-09 -335.6939948385306 791.0428766052139
-3.6855891010450348e-09 -336.4026472025441 786.6446509521054
-3.6778087889126177e-09 -337.1142985546474 773.7244190572642
-3.670028468945085e-09 -337.82896797222264 772.1381293402778
-3.66224814114655e-09 -338.5466746948047 758.4120955963405
-3.65446780552113e-09 -339.2674381258072 750.5677668926368
-3.646687462072941e-09 -339.99127783427116 751.3042793072091
-3.6389071108060937e-09 -340.71821355663667 745.7804189745922
-3.631126751724703e-09 -341.44826519853586 747.0412696690366
-3.623346384832883e-09 -342.18145283661 750.1738264026676
-3.6155660101347394e-09 -342.9177967203508 745.8567269138558
-3.607785627634389e-09 -343.65731727396286 748.279174589396
-3.6000052373359355e-09 -344.40003509825397 749.3948584931659
-3.5922248392434915e-09 -345.1459709725464 751.782024188437
-3.5844444333611613e-09 -345.89514585661607 752.1501598324515
-3.576664019693055e-09 -346.64758089265433 743.1231872450949
-3.568883598243275e-09 -347.40329740725826 746.8214440724207
-3.5611031690159283e-09 -348.1623169134443 744.0188216490301
-3.553322732015119e-09 -348.92466111269033 747.850826202877
-3.54554228724495e-09 -349.69035189700384 750.7001668940146
-3.537761834709522e-09 -350.4594113510174 733.7131076388889
-3.5299813744129407e-09 -351.2318617541115 724.7524749917328
-3.522200906359301e-09 -352.0077255825672 727.375656208664
-3.5144204305527064e-09 -352.7870255117447 726.7503978587963
-3.5066399469972543e-09 -353.56978441829324 722.0974822944224
-3.498859455697044e-09 -354.35602538238925 730.4190736262677
-3.491078956656169e-09 -355.1457716900055 730.2844948743386
-3.483298449878729e-09 -355.93904683520856 725.5688002921077
-3.475517935368818e-09 -356.73587452249006 723.7172756834216
-3.4677374131305297e-09 -357.53627866912694 714.8331533495922
-3.459956883167959e-09 -358.3402834075745 722.8352563175155
-3.4521763454851966e-09 -359.1479130878921 729.1046799217372
-3.4443958000863354e-09 -359.95919228020114 729.9560589933312
-3.436615246975466e-09 -360.77414577717656 730.2017109650574
-3.4288346861566774e-09 -361.59279859657283 724.5564907820768
-3.4210541176340604e-09 -362.4151759837833 733.8074225639331
-3.413273541411702e-09 -363.24130341443595 737.234252714396
-3.4054929574936878e-09 -364.0712065970239 730.6048874627977
-3.3977123658841104e-09 -364.90491147557105 734.6956380208334
-3.389931766587048e-09 -365.74244423233796 729.0553566261575
-3.3821511596065873e-09 -366.5838312905604 727.0198998291447
-3.374370544946814e-09 -367.4290993172288 734.9048583553792
-3.366589922611811e-09 -368.2782752259061 737.7836294022818
-3.358809292605657e-09 -369.13138617958407 736.8289835827271
-3.3510286549324376e-09 -369.9884595935786 736.1725725446429
-3.343248009596228e-09 -370.84952313846827 728.8955241746584
-3.3354673566011125e-09 -371.7146047430698 732.1408032614088
-3.3276866959511638e-09 -372.58373259746025 742.402640852348
-3.3199060276504665e-09 -373.4569351560363 734.6486527915565
-3.3121253517030912e-09 -374.3342411406226 729.1097306616513
-3.3043446681131168e-09 -375.21567954361814 730.5167298762677
-3.2965639768846186e-09 -376.1012796311914 736.1021162298832
-3.2887832780216685e-09 -376.9910709465197 740.1059621982474
-3.2810025715283413e-09 -377.8850833130731 740.1569992146165
-3.273221857408709e-09 -378.7833468379477 737.5198757164903
-3.2654411356668408e-09 -379.68589191524484 723.6700191867835
-3.257660406306812e-09 -380.5927492294984 721.0918037643298
-3.2498796693326885e-09 -381.5039497591541 733.0536437665345
-3.2420989247485403e-09 -382.4195247800952 737.6662050815697
-3.2343181725584332e-09 -383.33950586922185 734.311454544202
-3.226537412766438e-09 -384.26392490808036 730.273299713404
-3.2187566453766182e-09 -385.1928140865473 730.552227148093
-3.2109758703930415e-09 -386.12620590656473 725.2791470320768
-3.2031950878197683e-09 -387.0641331859321 729.1304417093805
-3.195414297660865e-09 -388.00662906215143 737.8028592441028
-3.1876334999203933e-09 -388.95372699633054 727.2186182415675
-3.179852694602416e-09 -389.9054607771429 724.8899601796737
-3.1720718817109915e-09 -390.8618645248458 732.9544503348214
-3.1642910612501836e-09 -391.82297269535746 740.3076516341491
-3.156510233224049e-09 -392.7888200843956 730.6700260761133
-3.1487293976366457e-09 -393.7594418316758 726.2049523947311
-3.1409485544920316e-09 -394.7348734251737 731.9465155492175
-3.1331677037942638e-09 -395.71515070544956 733.0643825093696
-3.125386845547396e-09 -396.7003098700386 723.4680800126764
-3.1176059797554865e-09 -397.6903874779054 721.4232537271275
-3.109825106422585e-09 -398.6854204539681 717.7195930817351
-3.1020442255527484e-09 -399.68544609368644 718.2835019496804
-3.094263337150025e-09 -400.6905020677239 719.6419615299824
-3.0864824412184697e-09 -401.7006264266756 717.0193271536045
-3.078701537762129e-09 -402.71585760587254 713.2497915977734
-3.070920626785056e-09 -403.73623443025417 713.93257154569
-3.063139708291298e-09 -404.76179611931957 717.0947480916557
-3.0553587822849016e-09 -405.79258229215174 710.7116979097774
-3.047577848769915e-09 -406.82863297251885 711.5294613577491
-3.0397969077503846e-09 -407.8699885940554 711.4820240162038
-3.0320159592303546e-09 -408.916690005522 697.4366095541226
-3.0242350032138696e-09 -409.96877847614627 699.5681595844356
-3.0164540397049716e-09 -411.02629570104733 704.9242345954586
-3.008673068707705e-09 -412.08928380674314 701.4550307608577
-3.0008920902261106e-09 -413.15778535674536 689.6587758005402
-2.9931111042642308e-09 -414.2318433572393 693.2151081280314
-2.9853301108261015e-09 -415.3115012628553 682.0272154362324
-2.9775491099157677e-09 -416.39680298252694 682.8239492049714
-2.9697681015372597e-09 -417.48779288544694 684.4293525063382
-2.9619870856946218e-09 -418.5845158071094 695.998332782187
-2.954206062391887e-09 -419.6870170554556 700.3628437775574
-2.9464250316330925e-09 -420.79534241711104 705.4724530147707
-2.9386439934222707e-09 -421.9095381637249 711.3587825176368
-2.9308629477634588e-09 -423.02965105840843 719.6766880580358
-2.923081894660687e-09 -424.1557283622791 726.0637211337082
-2.915300834117986e-09 -425.28781784110595 736.5215170993166
-2.9075197661393904e-09 -426.42596777206387 736.7349571483686
-2.8997386907289297e-09 -427.57022695059663 731.858543113426
-2.891957607890631e-09 -428.7206446973904 731.657344542273
-2.8841765176285266e-09 -429.87727086545897 728.7259476273149
-2.876395419946641e-09 -431.0401558473467 739.4760750799163
-2.868614314849003e-09 -432.20935058244544 734.4503864914021
-2.860833202339637e-09 -433.3849065644341 724.5591474798832
-2.85305208242257e-09 -434.56687584883684 739.2133117352845
-2.845270955101823e-09 -435.7553110607086 727.7874099220128
-2.8374898203814232e-09 -436.9502654024434 731.4326748856372
-2.8297086782653903e-09 -438.15179266171555 733.8060877562831
-2.8219275287577484e-09 -439.3599472195482 734.4848245287699
-2.8141463718625146e-09 -440.5747840585198 744.9846841586751
-2.8063652075837116e-09 -441.796358771103 747.8506195229828
-2.7985840359253586e-09 -443.024727568146 748.3810893063824
-2.7908028568914737e-09 -444.25994728749424 742.9993644593254
-2.7830216704860716e-09 -445.50207540275767 750.5174489500662
-2.7752404767131715e-09 -446.75117003222323 743.1359497285605
-2.767459275576787e-09 -448.0072899479215 744.9896014178241
-2.7596780670809346e-09 -449.27049458484277 743.3418502673061
-2.7518968512296274e-09 -450.5408440503128 746.082808883102
-2.744115628026878e-09 -451.818399133526 750.0989307760142
-2.7363343974766996e-09 -453.103221315242 753.3233093584656
-2.7285531595831e-09 -454.3953727776489 748.1104419849538
-2.7207719143500927e-09 -455.69491641439333 744.9527133625442
-2.7129906617816885e-09 -457.0019158407863 747.7206824570106
-2.7052094018818907e-09 -458.3164354041846 748.1350411981923
-2.6974281346547132e-09 -459.6385401945478 749.5922636270944
-2.689646860104157e-09 -460.96829605518593 749.1346872588736
-2.6818655782342346e-09 -462.3057695936863 742.4518995604608
-2.674084289048946e-09 -463.6510281930386 749.0965892650463
-2.666302992552297e-09 -465.0041400229483 758.2350053736773
-2.658521688748292e-09 -466.3651740513531 749.3335477637236
-2.6507403776409325e-09 -467.7342000561409 743.3775499131945
-2.642959059234218e-09 -469.11128863707455 742.0236674313824
-2.635177733532156e-09 -470.4965112279267 741.144881744654
-2.627396400538738e-09 -471.8899401088352 743.097541714892
-2.61961506025797e-09 -473.29164841887086 762.3348799878748
-2.611833712693848e-09 -474.70171016883774 754.8687324322091
-2.6040523578503674e-09 -476.12020025429825 748.7328886270944
-2.596270995731525e-09 -477.5471944688334 749.9454924837412
-2.5884896263413196e-09 -478.98276951754264 751.354308759094
-2.580708249683744e-09 -480.427003030789 750.2449544270834
-2.5729268657627913e-09 -481.87997357819205 758.4227266933973
-2.565145474582457e-09 -483.3417606828752 753.8039176173943
-2.55736407614673e-09 -484.81244483597646 746.2774238384591
-2.549582670459605e-09 -486.29210751141954 757.765674086475
-2.5418012575250705e-09 -487.7808311809624 756.4031498015873
-2.5340198373471156e-09 -489.27869932951836 759.5298506048832
-2.5262384099297297e-09 -490.78579647076225 755.4778266920194
-2.518456975276904e-09 -492.3022081630257 763.8109102871473
-2.510675533392619e-09 -493.82802102549033 763.8641002190808
-2.5028940842808646e-09 -495.36332275467726 770.8507504202491
-2.495112627945626e-09 -496.90820214125154 760.9469556051588
-2.4873311643908882e-09 -498.4627490871381 769.9528683724648
-2.479549693620634e-09 -500.0270546229624 779.3183395681768
-2.4717682156388474e-09 -501.60121092581807 780.085246844687
-2.4639867304495065e-09 -503.1853113373745 781.8686187582673
-2.456205238056596e-09 -504.7794503823243 772.2516525779872
-2.4484237384640946e-09 -506.3837237871872 786.4168767912258
-2.4406422316759827e-09 -507.9982284994709 794.5146553268298
-2.4328607176962364e-09 -509.6230627072007 788.9038516520613
-2.4250791965288377e-09 -511.2583258588235 800.0542577780534
-2.4172976681777568e-09 -512.904118683501 804.1253479111552
-2.4095161326469764e-09 -514.5605432117878 806.7823686549273
-2.401734589940466e-09 -516.2277027967223 812.9262514467594
-2.3939530400622026e-09 -517.9057021353182 811.9321771315587
-2.3861714830161584e-09 -519.594647290485 810.5212639164463
-2.3783899188063074e-09 -521.294645713374 814.7543221932871
-2.3706083474366192e-09 -523.0058062661668 820.0834556189375
-2.362826768911065e-09 -524.7282392453126 837.9025263172399
-2.3550451832336145e-09 -526.4620564052275 833.5925788139331
-2.347263590408239e-09 -528.2073709824637 825.8806242766204
-2.3394819904389027e-09 -529.9642977203648 826.8357781842483
-2.3317003833295775e-09 -531.7329528942086 831.4347589079035
-2.3239187690842243e-09 -533.5134543368627 835.5590691137567
-2.316137147706816e-09 -535.3059214649484 831.6204048170194
-2.30835551920131e-09 -537.1104753055453 834.3896398258378
-2.300573883571673e-09 -538.9272385234254 834.182262387015
-2.2927922408218684e-09 -540.7563354488516 825.105544532628
-2.28501059095586e-09 -542.5978921059385 838.8277805335098
-2.2772289339776034e-09 -544.4520362416 838.6400721312831
-2.2694472698910656e-09 -546.3188973550848 846.9170378293101
-2.2616655987001994e-09 -548.1986067281314 841.1567055569335
-2.2538839204089723e-09 -550.0912974557369 849.4240218874008
-2.246102235021334e-09 -551.9971044775788 851.8305595169203
-2.2383205425412487e-09 -553.9161646100766 852.562705818728
-2.230538842972663e-09 -555.8486165791418 843.1630721588405
-2.2227571363195425e-09 -557.7946010535967 844.0984192432761
-2.2149754225858344e-09 -559.7542606793183 837.0574854290675
-2.207193701775495e-09 -561.7277401140868 841.2148902529763
-2.1994119738924785e-09 -563.7151860631844 839.309013137952
-2.1916302389407357e-09 -565.7167473157507 846.3639710441469
-2.1838484969242145e-09 -567.7325747819127 779.3810453869048
-2.176066747846868e-09 -569.7628215307132 714.1844153025794
-2.168284991712646e-09 -571.8076428288563 837.6750018945658
-2.1605032285254983e-09 -573.8671961802911 841.1435383253418
-2.1527214582893664e-09 -575.9416413666539 849.3800421282518
-2.144939681008205e-09 -578.0311404885849 855.8151971726192
-2.1371578966859537e-09 -580.1358580079607 855.468147183642
-2.12937610532656e-09 -582.2559607910379 862.8253141534392
-2.1215943069339677e-09 -584.3916181525572 877.0174455054013
-2.113812501512122e-09 -586.5430019008166 873.5859908923061
-2.106030689064962e-09 -588.7102863837473 864.0952673748899
-2.098248869596432e-09 -590.89364853601 866.3929578993057
-2.0904670431104722e-09 -593.0932679271491 861.5331643725199
-2.0826852096110236e-09 -595.3093268108221 865.7526808104608
-2.0749033691020217e-09 -597.542010175141 885.2831988191689
-2.0671215215874104e-09 -599.7915057941436 900.4026511863426
-2.05933966707112e-09 -602.0580042804448 894.0232092909503
-2.0515578055570924e-09 -604.3416991390696 896.8968822337964
-2.043775937049262e-09 -606.6427868225312 899.9373630745702
-2.035994061551564e-09 -608.9614667871632 910.8826221822642
-2.02821217906793e-09 -611.2979415507538 908.8099414751433
-2.020430289602298e-09 -613.6524167515056 915.2811578552139
-2.0126483931585934e-09 -616.0251012083743 922.3804399870481
-2.0048664897407548e-09 -618.416206982798 913.4443548831571
-1.997084579352707e-09 -620.8259494418863 905.092571063437
-1.989302661998384e-09 -623.2545473230767 922.080978043706
-1.981520737681712e-09 -625.7022228003287 932.2350708223105
-1.9737388064066204e-09 -628.1692015518734 941.6648625234238
-1.9659568681770366e-09 -630.6557128295783 936.4420142333554
-1.9581749229968833e-09 -633.1619895299659 943.6097806092924
-1.950392970870092e-09 -635.6882682669263 902.740928474978
-1.9426110118005843e-09 -638.2347894461891 893.9048118524031
-1.9348290457922837e-09 -640.8017973415824 952.5977768132717
-1.9270470728491135e-09 -643.389540173144 945.0151005497686
-1.9192650929749935e-09 -645.9982701871338 951.8268909487986
-1.9114831061738505e-09 -648.6282437379962 947.3605470472334
-1.903701112449602e-09 -651.279721372342 951.9675280051257
-1.8959191118061656e-09 -653.9529679149904 957.7287989486883
-1.8881371042474616e-09 -656.6482525571402 971.3641131365741
-1.8803550897774083e-09 -659.3658489467347 981.3941333912038
-1.872573068399925e-09 -662.1060352810764 972.5681526951059
-1.8647910401189223e-09 -664.8690944017656 977.1750862888559
-1.8570090049383198e-09 -667.6553138920161 984.8282791487545
-1.8492269628620306e-09 -670.4649861764416 973.4453021660054
-1.8414449138939699e-09 -673.2984086233623 966.0811080798061
-1.8336628580380477e-09 -676.1558836497239 992.4494753775354
-1.825880795298175e-09 -679.037718828694 982.849220127866
-1.8180987256782676e-09 -681.9442270000237 993.954638930225
-1.8103166491822364e-09 -684.8757263832605 1004.2694554673722
-1.8025345658139845e-09 -687.8325406938919 992.2795328345459
-1.7947524755774238e-09 -690.8149992625035 991.3923593887787
-1.7869703784764635e-09 -693.8234371570611 985.034377755732
-1.779188274515011e-09 -696.8581953083986 990.9391878858025
-1.7714061636969663e-09 -699.9196206390154 987.9307295111332
-1.7636240460262405e-09 -703.0080661952752 999.7398330715389
-1.755841921506737e-09 -706.1238912831352 998.5738742835098
-1.7480597901423596e-09 -709.2674616074908 986.9808631641315
-1.7402776519370055e-09 -712.4391494152648 987.5595238095239
-1.7324955068945855e-09 -715.639333642343 993.9228188381835
-1.7247133550189942e-09 -718.8684000645081 994.0106664048722
-1.7169311963141346e-09 -722.1267414524567 999.4400008267196
-1.7091490307839036e-09 -725.4147577310675 982.7301897321429
-1.7013668584322005e-09 -728.7328561430317 982.1372509507275
-1.693584679262926e-09 -732.0814514169982 985.4750149842924
-1.6858024932799736e-09 -735.4609659403824 978.5020185736332
-1.6780203004872374e-09 -738.871829936973 995.885459724978
-1.6702381008886182e-09 -742.3144816495087 993.2162061149692
-1.6624558944880063e-09 -745.7893675273916 977.9816674933863
-1.654673681289296e-09 -749.2969424196854 971.779216786541
-1.6468914612963796e-09 -752.8376697735933 984.6917369378308
-1.6391092345131485e-09 -756.4120218385901 978.730365410053
-1.6313270009434939e-09 -760.0204798763949 972.2319103422619
-1.6235447605913068e-09 -763.6635343769857 969.0713829296187
-1.6157625134604746e-09 -767.3416852808573 966.7828724371694
-1.607980259554888e-09 -771.0554422077298 972.2632567928792
-1.6001979988784338e-09 -774.805324691938 979.2955918623237
-1.592415731434995e-09 -778.5918624247194 979.8847845706571
-1.5846334572284621e-09 -782.4155955036371 972.9462046682099
-1.576851176262721e-09 -786.2770746894017 963.6785705674052
-1.5690688885416498e-09 -790.1768616703305 956.4459626805005
-1.5612865940691384e-09 -794.1155293347061 959.2402920731372
-1.5535042928490643e-09 -798.0936620513447 962.512706507661
-1.5457219848853124e-09 -802.1118559586164 959.1195264274692
-1.5379396701817605e-09 -806.1707192622611 953.2672861896496
-1.5301573487422913e-09 -810.2708725422775 957.3046745825067
-1.5223750205707826e-09 -814.412949069239 965.189491016314
-1.5145926856711163e-09 -818.5975951303503 963.340407813878
-1.5068103440471618e-09 -822.8254703656245 948.2225615217152
-1.4990279957028016e-09 -827.0972481145085 937.0811072186399
-1.4912456406419128e-09 -831.4136157733875 960.4223331404322
-1.4834632788683666e-09 -835.7752751643342 966.5521530877977
-1.4756809103860366e-09 -840.1829429155202 954.4265364927801
-1.4678985351987982e-09 -844.6373508537373 951.6304072627315
-1.460116153310527e-09 -849.1392464094695 966.4888401468805
-1.4523337647250896e-09 -853.6893930349974 962.934001942791
-1.444551369446357e-09 -858.2885706360029 945.1068104469798
-1.4367689674782023e-09 -862.9375760172134 934.660041714892
-1.4289865588244906e-09 -867.6372233426115 936.178828917273
-1.4212041434890944e-09 -872.3883446107532 939.2546778549383
-1.4134217214758772e-09 -877.191790145808 946.2799858079807
-1.4056392927887065e-09 -882.0484291048951 944.7196559468696
-1.3978568574314487e-09 -886.9591500023789 937.6820074818122
-1.3900744154079726e-09 -891.9248612517723 937.2125341021826
-1.3822919667221346e-09 -896.9464917259588 943.5513806216932
-1.3745095113778039e-09 -902.0249913364229 941.2332201760913
-1.3667270493788382e-09 -907.1613316323024 936.6845315600199
-1.3589445807291053e-09 -912.3565064199972 921.5206128747797
-1.3511621054324592e-09 -917.6115324042224 916.7745062072862
-1.343379623492766e-09 -922.9274498513122 911.0870027626213
-1.3355971349138789e-09 -928.3053232757504 907.1730926890433
-1.3278146396996592e-09 -933.7462421508144 903.4808338844798
-1.3200321378539658e-09 -939.2513216443805 905.0258435984348
-1.3122496293806515e-09 -944.8217033809095 898.6644904996143
-1.3044671142835727e-09 -950.4585562307018 909.7484232046407
-1.2966845925665891e-09 -956.1630771275817 904.3165483424273
-1.288902064233549e-09 -961.9364919162198 902.0818305982694
-1.281119529288311e-09 -967.7800562303136 887.1500220458554
-1.2733369877347205e-09 -973.6950564030076 888.5150953827713
-1.2655544395766347e-09 -979.6828104108727 888.2057429453264
-1.2577718848178994e-09 -985.7446688529686 874.1928977899031
-1.2499893234623704e-09 -991.8820159664496 871.3397249090609
-1.2422067555138923e-09 -998.0962706803832 873.0636074597663
-1.2344241809763171e-09 -1004.3888877094033 867.7010521728947
-1.2266415998534878e-09 -1010.761358689028 855.1497352775023
-1.2188590121492553e-09 -1017.2152133544463 858.7336033950618
-1.211076417867463e-09 -1023.7520207647867 852.5343562265764
-1.2032938170119545e-09 -1030.373390574878 844.2420273230821
-1.1955112095865761e-09 -1037.0809743566924 835.8983944416888
-1.1877285955951712e-09 -1043.876466972751 837.3174887359459
-1.1799459750415789e-09 -1050.761608003879 834.3364541997355
-1.1721633479296445e-09 -1057.7381832338372 828.8834549300045
-1.1643807142632071e-09 -1064.8080261935095 828.9545226727845
-1.1565980740461079e-09 -1071.9730197674253 835.699744922564
-1.148815427282184e-09 -1079.2350978655961 820.6962528935186
-1.141032773975275e-09 -1086.5962471637652 825.3301754367835
-1.1332501141292193e-09 -1094.058508915377 854.1282500413361
-1.1254674477478517e-09 -1101.6239808387306 835.0008826953815
-1.117684774835008e-09 -1109.2948190829738 807.905505952381
-1.1099020953945242e-09 -1117.073240276821 824.2900416459987
-1.1021194094302324e-09 -1124.9615236640839 829.4024582851081
-1.0943367169459675e-09 -1132.9620133303185 825.8779891079696
-1.0865540179455628e-09 -1141.0771205251863 812.1216293953925
-1.0787713124328489e-09 -1149.309326085339 811.0755018876764
-1.070988600411656e-09 -1157.6611829629524 819.7384293705909
-1.0632058818858154e-09 -1166.1353188653156 790.6272605613426
-1.0554231568591519e-09 -1174.7344390112273 633.0600637607474
-1.0476404253355012e-09 -1183.4613290102295 443.9407246369324
