string
20201021_7degreeper_secondprocessedoffset angle 0.0820892565915547 in rad by: offset_angle in degree:_6.1offset 0th. order in px_-131
nm eV  counts
8.19970925759875e-09 151.20559658178377 1922.6585579254852
8.207488573518473e-09 151.06227915963893 2900.5061590608466
8.215267795452524e-09 150.91923488832538 3881.736662257496
8.223046923397902e-09 150.77646298776935 3987.009204144621
8.23082595735161e-09 150.63396268086464 3946.884782848325
8.238604897310647e-09 150.4917331934585 3909.789599867725
8.24638374327201e-09 150.3497737543376 3899.746059303351
8.254162495232698e-09 150.20808359521413 3901.574625220459
8.26194115318971e-09 150.06666195071182 3879.899966931217
8.269719717140041e-09 149.92550805835234 3887.895998677249
8.27749818708069e-09 149.7846211585414 3838.122588734568
8.285276563008648e-09 149.6440004945554 3844.1827188051147
8.293054844920916e-09 149.5036453125275 3819.398837081129
8.300833032814484e-09 149.36355486143455 3795.6393298059966
8.308611126686346e-09 149.22372839308346 3806.170497134039
8.316389126533495e-09 149.08416516209786 3791.0725308641977
8.324167032352926e-09 148.944864425905 3774.955908289242
8.331944844141629e-09 148.80582544472244 3752.2297315917112
8.339722561896592e-09 148.6670474815452 3732.1048280423283
8.347500185614806e-09 148.5285298021324 3700.894992835097
8.355277715293261e-09 148.3902716749945 3674.408895502646
8.363055150928949e-09 148.2522723713804 3696.249724426808
8.370832492518855e-09 148.1145311652647 3711.2109375000005
8.378609740059966e-09 147.9770473333349 3728.3679177689596
8.38638689354927e-09 147.83982015497867 3708.514316027337
8.394163952983754e-09 147.7028489122714 3684.722980048501
8.4019409183604e-09 147.5661328899637 3689.128637566138
8.409717789676195e-09 147.4296713754687 3660.023561507937
8.41749456692812e-09 147.29346365885 3668.046668320106
8.425271250113166e-09 147.15750903280903 3663.6087687389772
8.433047839228308e-09 147.02180679267317 3664.5353147045857
8.440824334270529e-09 146.88635623638336 3682.788180665785
8.448600735236814e-09 146.75115666448187 3670.3243496472664
8.45637704212414e-09 146.61620738010058 3672.273065476191
8.46415325492949e-09 146.4815076889487 3649.9626598324517
8.47192937364984e-09 146.3470568993012 3618.0101548721345
8.479705398282168e-09 146.21285432198664 3625.704778439154
8.487481328823457e-09 146.07889927037547 3625.4806685405647
8.49525716527068e-09 145.94519106036856 3627.287464175485
8.503032907620812e-09 145.81172901038528 3614.057608575838
8.510808555870834e-09 145.678512441352 3602.174548059965
8.518584110017715e-09 145.5455406766907 3622.629726080247
8.526359570058433e-09 145.41281304230728 3566.6502011684306
8.534134935989964e-09 145.28032886658033 3619.6438905423283
8.541910207809276e-09 145.1480874803499 3632.0248429232806
8.549685385513344e-09 145.01608821690593 3611.4403521825398
8.557460469099138e-09 144.88433041197737 3627.3312114197533
8.565235458563631e-09 144.7528134037208 3668.700327932099
8.573010353903792e-09 144.62153653270954 3641.80576223545
8.580785155116591e-09 144.4904991419224 3630.749627976191
8.588559862198998e-09 144.359700576733 3629.937789351852
8.59633447514798e-09 144.22914018489857 3585.5185598544977
8.604108993960503e-09 144.09881731654943 3600.5102926587306
8.611883418633536e-09 143.96873132417792 3643.110670194004
8.619657749164046e-09 143.83888156262782 3627.872988315697
8.627431985548995e-09 143.70926738908378 3655.7021604938273
8.63520612778535e-09 143.57988816306042 3648.1002673059966
8.642980175870076e-09 143.45074324639202 3654.4363150352738
8.650754129800135e-09 143.32183200322206 3652.754009589947
8.65852798957249e-09 143.19315379999261 3677.434069113757
8.666301755184102e-09 143.06470800543408 3659.8762676366846
8.674075426631933e-09 142.9364939905548 3645.38848930776
8.681849003912944e-09 142.80851112863084 3638.3723958333335
8.689622487024095e-09 142.6807587951958 3629.6517443783073
8.697395875962347e-09 142.55323636803053 3619.4748952821874
8.705169170724656e-09 142.42594322715323 3621.380415013228
8.712942371307978e-09 142.29887875480927 3650.6651647927692
8.720715477709275e-09 142.17204233546116 3603.5506227954147
8.7284884899255e-09 142.04543335577873 3627.823454034392
8.736261407953611e-09 141.91905120462917 3612.7927276234573
8.744034231790564e-09 141.79289527306724 3611.956362985009
8.751806961433309e-09 141.6669649543255 3657.4729938271607
8.759579596878801e-09 141.54125964380447 3624.775821208113
8.767352138123996e-09 141.41577873906306 3621.0472470238096
8.775124585165845e-09 141.29052163980896 3596.622850529101
8.7828969380013e-09 141.16548774788902 3606.1720127865965
8.790669196627311e-09 141.04067646727972 3616.511450066138
8.798441361040826e-09 140.91608720407785 3629.127604166667
8.8062134312388e-09 140.79171936649072 3646.8105158730164
8.813985407218179e-09 140.66757236482724 3621.765390762787
8.821757288975909e-09 140.54364561148836 3647.1455439814818
8.82952907650894e-09 140.41993852095777 3662.6703042328045
8.83730076981422e-09 140.29645050979278 3651.5332892416227
8.845072368888696e-09 140.17318099661512 3668.7843777557323
8.852843873729308e-09 140.05012940210187 3680.7320601851857
8.860615284333003e-09 139.92729514897627 3666.4900242504414
8.868386600696727e-09 139.8046776619987 3670.532958553792
8.876157822817423e-09 139.68227636795785 3679.5406883818346
8.883928950692033e-09 139.56009069566167 3696.5095899470903
8.891699984317497e-09 139.43812007592845 3730.975253527337
8.89947092369076e-09 139.31636394157812 3718.788580246914
8.90724176880876e-09 139.19482172742335 3709.0649801587306
8.915012519668437e-09 139.07349287026082 3717.2050677910056
8.922783176266733e-09 138.95237680886254 3719.89631558642
8.930553738600581e-09 138.83147298396727 3728.2630621693124
8.938324206666923e-09 138.71078083827172 3745.3127755731925
8.946094580462697e-09 138.59029981642215 3752.3786100088187
8.953864859984837e-09 138.47002936500584 3741.1561673280426
8.961635045230278e-09 138.34996893254265 3706.4652915564375
8.969405136195959e-09 138.23011796947634 3709.257674713404
8.97717513287881e-09 138.11047592816658 3702.8264164462084
8.984945035275765e-09 137.99104226288026 3737.24895282187
8.992714843383759e-09 137.87181642978345 3714.1747271825398
9.000484557199723e-09 137.7527978869329 3714.619708994709
9.00825417672059e-09 137.63398609426812 3686.10050154321
9.01602370194329e-09 137.51538051360293 3652.3383074294534
9.023793132864751e-09 137.39698060861755 3698.342013888889
9.031562469481906e-09 137.27878584485035 3713.967151675485
9.039331711791682e-09 137.16079568968996 3670.9666418650795
9.047100859791007e-09 137.04300961236717 3716.3500330687834
9.05486991347681e-09 136.925427083947 3699.5278742283954
9.062638872846014e-09 136.8080475773208 3690.9161430776016
9.070407737895548e-09 136.69087056719832 3755.6284446649033
9.078176508622337e-09 136.57389553009992 3754.1364225088187
9.085945185023306e-09 136.45712194434884 3759.86648478836
9.093713767095376e-09 136.3405492900633 3792.1912202380954
9.101482254835473e-09 136.2241770491489 3788.577353395062
9.109250648240518e-09 136.10800470529088 3791.117173721341
9.117018947307435e-09 135.9920317439465 3824.5727237654323
9.124787152033142e-09 135.87625765233753 3821.8773423721345
9.132555262414561e-09 135.76068191944256 3817.6450203924164
9.140323278448611e-09 135.6453040359895 3858.6917162698414
9.148091200132213e-09 135.53012349444828 3836.9047619047624
9.155859027462283e-09 135.41513978902313 3839.0272266313937
9.16362676043574e-09 135.30035241564536 3855.666060405644
9.171394399049502e-09 135.185760871966 3855.5125661375664
9.179161943300479e-09 135.07136465734845 3837.497450947972
9.186929393185592e-09 134.95716327286107 3845.6134948192243
9.194696748701757e-09 134.84315622127 3849.729800485009
9.202464009845887e-09 134.72934300703207 3837.9817019400357
9.210231176614891e-09 134.61572313628758 3834.8023451278664
9.217998249005688e-09 134.50229611685288 3868.8224757495595
9.225765227015183e-09 134.38906145821372 3867.739748677249
9.233532110640295e-09 134.27601867151768 3850.5065035273374
9.241298899877929e-09 134.16316726956768 3851.7106205908294
9.249065594724998e-09 134.0505067668145 3833.9592978395062
9.256832195178408e-09 133.9380366793501 3811.1512070105823
9.264598701235072e-09 133.82575652490053 3809.188161375662
9.272365112891894e-09 133.71366582281925 3766.3390101410937
9.28013143014578e-09 133.60176409408007 3764.543788580247
9.287897652993643e-09 133.4900508612703 3780.638227513228
9.295663781432382e-09 133.37852564858423 3776.7429315476193
9.303429815458904e-09 133.26718798181608 3770.3877314814818
9.311195755070114e-09 133.15603738835347 3761.665219907408
9.318961600262916e-09 133.04507339717063 3726.560226521164
9.32672735103421e-09 132.9342955388218 3709.057746362434
9.334493007380902e-09 132.82370334543458 3746.1494846781306
9.342258569299891e-09 132.71329635070336 3732.9989252645505
9.35002403678808e-09 132.60307408988274 3696.134741512346
9.357789409842367e-09 132.49303609978114 3681.9953565917112
9.365554688459652e-09 132.38318191875408 3686.7755869709
9.373319872636832e-09 132.27351108669797 3710.485215498237
9.381084962370807e-09 132.16402314504344 3691.1516892636687
9.388849957658475e-09 132.0547176367492 3679.000082671958
9.39661485849673e-09 131.94559410629546 3656.5264688051147
9.404379664882472e-09 131.83665209967774 3689.7576333774255
9.412144376812589e-09 131.72789116440066 3628.774732694004
9.419908994283982e-09 131.61931084947133 3640.6188684964727
9.427673517293541e-09 131.51091070539354 3656.232776675485
9.435437945838164e-09 131.4026902841612 3633.76563877866
9.443202279914737e-09 131.29464913925247 3637.1611827601414
9.450966519520154e-09 131.1867868256234 3632.9150132275136
9.458730664651309e-09 131.07910289970187 3607.4828455687834
9.466494715305087e-09 130.97159691938165 3624.8830880731925
9.474258671478381e-09 130.86426844401612 3593.1903108465613
9.48202253316808e-09 130.7571170344124 3586.117449294533
9.489786300371069e-09 130.65014225282545 3557.6368909832454
9.497549973084238e-09 130.5433436629518 3562.443851962081
9.505313551304473e-09 130.43672082992393 3520.3746417548505
9.51307703502866e-09 130.3302733203042 3521.2528935185187
9.520840424253685e-09 130.22400070207905 3526.8848517416227
9.528603718976431e-09 130.1179025446531 3500.960303681658
9.536366919193783e-09 130.01197841884343 3512.466655643739
9.544130024902624e-09 129.90622789687362 3523.8570601851857
9.551893036099835e-09 129.80065055236824 3503.997740299824
9.559655952782301e-09 129.69524596034685 3501.9556051587306
9.5674187749469e-09 129.59001369721852 3506.9060708774255
9.575181502590513e-09 129.48495334077603 3495.7275821208113
9.58294413571002e-09 129.3800644701903 3425.5874531525574
9.590706674302298e-09 129.27534666600468 3425.8875523589068
9.59846911836423e-09 129.1707995101294 3446.9828869047624
9.60623146789269e-09 129.06642258583608 3418.8189621913584
9.613993722884554e-09 128.96221547775212 3390.0034446649033
9.6217558833367e-09 128.85817777185522 3367.167658730159
9.629517949246004e-09 128.7543090554678 3338.897982804233
9.637279920609336e-09 128.65060891725173 3340.622726521164
9.645041797423577e-09 128.54707694720267 3324.453607253087
9.652803579685593e-09 128.44371273664495 3281.684992283951
9.660565267392262e-09 128.34051587822592 3278.4184854497357
9.668326860540455e-09 128.23748596591074 3261.271425815697
9.676088359127039e-09 128.1346225949771 3246.58985063933
9.683849763148891e-09 128.03192536200973 3238.7526179453266
9.691611072602873e-09 127.9293938648954 3232.550154320988
9.69937228748586e-09 127.8270277028174 3224.6571180555557
9.70713340779472e-09 127.72482647625046 3225.7839368386244
9.714894433526316e-09 127.62278978695562 3214.4414820326283
9.72265536467752e-09 127.52091723797487 3203.696469907408
9.730416201245195e-09 127.41920843362615 3221.7626350308647
9.738176943226207e-09 127.31766297949822 3216.7801339285716
9.74593759061742e-09 127.21628048244547 3198.408220348325
9.7536981434157e-09 127.11506055058287 3208.7038414903
9.761458601617908e-09 127.01400279328105 3196.4339451058204
9.76921896522091e-09 126.91310682116111 3169.6535356040567
9.776979234221564e-09 126.81237224608974 3164.8040674603176
9.784739408616733e-09 126.71179868117414 3166.824363425926
9.792499488403278e-09 126.61138574075714 3169.589671516755
9.800259473578056e-09 126.51113304041229 3166.037050815697
9.808019364137932e-09 126.41104019693881 3162.779982363316
9.815779160079757e-09 126.311106828357 3161.9532627865965
9.823538861400392e-09 126.21133255390299 3131.342523699295
9.831298468096696e-09 126.11171699402422 3141.2398037918874
9.83905798016552e-09 126.01225977037456 3138.996638007055
9.846817397603726e-09 125.91296050580935 3157.9343033509704
9.854576720408162e-09 125.81381882438092 3158.3863122795415
9.862335948575687e-09 125.71483435133354 3120.4759149029983
9.87009508210315e-09 125.61600671309895 3152.6245590828926
9.877854120987409e-09 125.51733553729152 3128.3641975308647
9.885613065225313e-09 125.4188204527036 3097.4208416005295
9.893371914813712e-09 125.32046108930092 3081.021205357143
9.901130669749458e-09 125.2222570782179 3071.489955357143
9.9088893300294e-09 125.12420805175303 3089.791391093475
9.916647895650386e-09 125.02631364336438 3075.0671020723107
9.924406366609269e-09 124.92857348766479 3034.1246417548505
9.932164742902891e-09 124.83098722041774 3046.923225308642
9.9399230245281e-09 124.7335544785324 3030.6390542328045
9.947681211481745e-09 124.63627490005936 3036.6938106261027
9.955439303760669e-09 124.53914812418613 3054.9942818562613
9.96319730136172e-09 124.44217379123256 3028.781690917108
9.970955204281738e-09 124.34535154264661 2999.6810929232806
9.978713012517568e-09 124.24868102099971 3044.334628527337
9.98647072606605e-09 124.15216186998255 3028.3597194664903
9.994228344924033e-09 124.05579373440045 3006.3811728395062
1.000198586908835e-08 123.95957626016944 3020.7368138227516
1.0009743298555844e-08 123.8635090943114 3013.831638558201
1.0017500633323357e-08 123.7675918849501 3007.992518187831
1.0025257873387729e-08 123.67182428130677 2999.5785796957675
1.0033015018745795e-08 123.57620593369592 3005.2921075837744
1.0040772069394392e-08 123.480736493521 2976.0790068342153
1.0048529025330358e-08 123.38541561327013 3014.716917438272
1.005628588655053e-08 123.29024294651197 3033.6906828703704
1.0064042653051743e-08 123.19521814789151 3010.785796957672
1.0071799324830832e-08 123.10034087312587 3027.3211529982364
1.007955590188463e-08 123.00561077900012 2994.3902254188715
1.0087312384209972e-08 122.9110275233632 2987.562899581129
1.009506877180369e-08 122.81659076512376 3011.9979745370374
1.0102825064662614e-08 122.7223001642461 2978.5434578924164
1.0110581262783575e-08 122.62815538174604 2977.6520475088187
1.0118337366163406e-08 122.53415607968685 2968.4606481481483
1.0126093374798936e-08 122.44030192117528 2957.6977926587306
1.0133849288686993e-08 122.34659257035747 2966.9560185185187
1.0141605107824406e-08 122.25302769241499 2962.9945849867727
1.0149360832208e-08 122.15960695356083 2945.164723875662
1.0157116461834606e-08 122.06633002103538 2922.4495701058204
1.0164871996701049e-08 121.9731965631026 2917.1311452821874
1.0172627436804152e-08 121.88020624904601 2877.9154954806
1.0180382782140741e-08 121.78735874916475 2863.8365988756614
1.0188138032707639e-08 121.69465373476974 2838.951857363316
1.0195893188501673e-08 121.60209087817975 2831.6466876102295
1.0203648249519659e-08 121.50966985271768 2850.802675815697
1.0211403215758423e-08 121.41739033270645 2856.739211309524
1.0219158087214788e-08 121.32525199346543 2831.902281746032
1.0226912863885569e-08 121.23325451130657 2826.8769979056437
1.0234667545767588e-08 121.1413975635305 2821.6343557098767
1.0242422132857666e-08 121.04968082842284 2833.7781084656085
1.0250176625152618e-08 120.9581039852505 2783.479524911817
1.0257931022649263e-08 120.86666671425782 2812.466173390653
1.0265685325344417e-08 120.77536869666297 2791.3100060626102
1.0273439533234898e-08 120.68420961465408 2789.058021935626
1.0281193646317515e-08 120.59318915138584 2766.9235697751324
1.0288947664589091e-08 120.50230699097543 2730.836915784833
1.0296701588046436e-08 120.41156281849923 2737.5450562169312
1.0304455416686363e-08 120.32095631998905 2747.3934909611994
1.0312209150505683e-08 120.23048718242839 2722.33203813933
1.031996278950121e-08 120.14015509374903 2733.5124559082897
1.0327716333669755e-08 120.04995974282733 2736.6422095458556
1.0335469783008126e-08 119.9599008194807 2732.970954585538
1.0343223137513134e-08 119.86997801446397 2722.464588844797
1.0350976397181587e-08 119.78019101946599 2734.9945574294534
1.0358729562010293e-08 119.690539527106 2710.507674713404
1.0366482631996059e-08 119.60102323093012 2716.656194885362
1.0374235607135693e-08 119.51164182540793 2687.8004436728397
1.0381988487426004e-08 119.42239500592889 2700.70953207672
1.0389741272863788e-08 119.33328246879907 2689.266561948854
1.0397493963445859e-08 119.24430391123741 2689.0095899470903
1.0405246559169012e-08 119.15545903137264 2663.5021908068784
1.0412999060030059e-08 119.06674752823952 2662.2205687830688
1.0420751466025793e-08 118.97816910177576 2652.0718281525574
1.0428503777153023e-08 118.88972345281834 2648.2712604717817
1.0436255993408544e-08 118.80141028310044 2643.7050815696653
1.0444008114789162e-08 118.71322929524779 2646.177248677249
1.045176014129167e-08 118.62518019277563 2630.021632495591
1.0459512072912873e-08 118.53726268008508 2618.995535714286
1.0467263909649563e-08 118.44947646246014 2642.780120149912
1.0475015651498542e-08 118.36182124606412 2634.1044560185187
1.0482767298456604e-08 118.2742967379366 2627.205687830688
1.0490518850520542e-08 118.18690264599002 2607.6873208774255
1.0498270307687157e-08 118.09963867900638 2641.9780643738977
1.0506021669953239e-08 118.01250454663423 2630.0557346781306
1.0513772937315583e-08 117.92549995938523 2638.4866898148152
1.0521524109770979e-08 117.83862462863111 2671.43608079806
1.0529275187316225e-08 117.75187826660022 2682.5201168430335
1.0537026169948107e-08 117.66526058637476 2669.7208443562613
1.0544777057663418e-08 117.57877130188723 2632.768546075838
1.0552527850458946e-08 117.49241012791752 2643.6713927469136
1.0560278548331483e-08 117.40617678008964 2666.891741071429
1.0568029151277815e-08 117.32007097486867 2659.100046847443
1.0575779659294729e-08 117.23409242955769 2598.527888007055
1.0583530072379016e-08 117.14824086229453 2581.7837852733687
1.0591280390527459e-08 117.06251599204889 2584.9052717151676
1.0599030613736844e-08 116.97691753861912 2580.856688161376
1.0606780742003957e-08 116.89144522262926 2555.9609926146386
1.0614530775325578e-08 116.80609876552596 2541.3142774470903
1.0622280713698496e-08 116.72087788957545 2549.7534308862437
1.063003055711949e-08 116.63578231786052 2541.108493165785
1.063778030558534e-08 116.55081177427762 2544.3929811507937
1.0645529959092834e-08 116.46596598353365 2518.54297563933
1.0653279517638746e-08 116.3812446711433 2519.66442074515
1.066102898121986e-08 116.2966475634258 2540.1345486111113
1.066877834983295e-08 116.21217438750217 2534.9318645282187
1.0676527623474799e-08 116.12782487129215 2509.280340608466
1.0684276802142182e-08 116.0435987435114 2511.149553571429
1.0692025885831874e-08 115.9594957336685 2525.33489032187
1.0699774874540657e-08 115.87551557206207 2527.1033812830688
1.07075237682653e-08 115.79165798977799 2549.758391203704
1.071527256700258e-08 115.70792271868635 2525.453524581129
1.0723021270749272e-08 115.62430949143872 2546.1160714285716
1.0730769879502148e-08 115.54081804146531 2544.5923583553795
1.073851839325798e-08 115.45744810297208 2530.443328373016
1.074626681201354e-08 115.37419941093793 2556.535976080247
1.0754015135765597e-08 115.29107170111193 2536.051242835097
1.0761763364510924e-08 115.20806471001046 2519.125606261023
1.076951149824629e-08 115.12517817491448 2518.3675733024693
1.0777259536968465e-08 115.04241183386677 2559.4534005731925
1.078500748067421e-08 114.95976542566918 2573.5701884920636
1.0792755329360299e-08 114.87723868987972 2540.2426421957675
1.0800503083023498e-08 114.79483136681003 2553.6898561507937
1.080825074166057e-08 114.71254319752265 2561.4375964506175
1.0815998305268282e-08 114.63037392382812 2559.2683531746034
1.0823745773843399e-08 114.54832328828243 2547.670993165785
1.083149314738268e-08 114.46639103418438 2550.120838844797
1.0839240425882892e-08 114.38457690557271 2563.008432539683
1.0846987609340799e-08 114.30288064722359 2546.5098655202823
1.0854734697753157e-08 114.22130200464795 2551.4953979276897
1.086248169111673e-08 114.1398407240888 2548.938285383598
1.0870228589428275e-08 114.05849655251863 2575.1888365299824
1.0877975392684554e-08 113.97726923763672 2553.980792548501
1.0885722100882327e-08 113.89615852786659 2560.092661485891
1.0893468714018345e-08 113.81516417235349 2571.1950920414465
1.090121523208937e-08 113.73428592096161 2559.8011739417993
1.090896165509216e-08 113.65352352427166 2549.6285273368608
1.0916707983023465e-08 113.57287673357831 2570.3618276014113
1.0924454215880043e-08 113.49234530088754 2566.660397376543
1.0932200353658648e-08 113.41192897891412 2564.926077491182
1.0939946396356031e-08 113.3316275210792 2586.617270171958
1.0947692343968949e-08 113.2514406815076 2588.4873098544977
1.0955438196494147e-08 113.17136821502554 2577.4604552469136
1.0963183953928384e-08 113.0914098771578 2558.9652915564375
1.0970929616268404e-08 113.01156542412564 2564.5008680555557
1.0978675183510958e-08 112.93183461284401 2557.4408895502647
1.0986420655652798e-08 112.85221720091917 2567.609815917108
1.0994166032690668e-08 112.77271294664634 2566.3503086419755
1.1001911314621317e-08 112.69332160900711 2567.825934193122
1.1009656501441495e-08 112.61404294766706 2553.1389853395062
1.101740159314794e-08 112.53487672297342 2575.6783923059966
1.1025146589737402e-08 112.45582269595248 2579.3703152557323
1.1032891491206627e-08 112.37688062830729 2586.372905643739
1.1040636297552357e-08 112.29805028241533 2611.234912367725
1.1048381008771334e-08 112.219331421326 2605.770502645503
1.1056125624860301e-08 112.14072380875831 2591.992807539683
1.1063870145815998e-08 112.06222720909852 2608.504326499118
1.1071614571635169e-08 111.98384138739775 2626.321924603175
1.107935890231455e-08 111.90556610936967 2626.2518601190477
1.1087103137850883e-08 111.82740114138818 2629.500110229277
1.1094847278240904e-08 111.74934625048505 2632.72975914903
1.1102591323481355e-08 111.67140120434755 2619.605585868607
1.1110335273568968e-08 111.59356577131632 2625.0460207231044
1.1118079128500484e-08 111.5158397203829 2633.7880979938273
1.1125822888272635e-08 111.43822282118755 2617.983424272487
1.1133566552882156e-08 111.36071484401694 2629.9441964285716
1.1141310122325782e-08 111.28331555980184 2609.015239197531
1.1149053596600248e-08 111.20602474011491 2631.5228174603176
1.1156796975702283e-08 111.12884215716855 2635.212604717813
1.1164540259628621e-08 111.05176758381242 2609.7592179232806
1.1172283448375994e-08 110.97480079353144 2630.196070326279
1.118002654194113e-08 110.89794156044348 2623.4310240299824
1.1187769540320757e-08 110.82118965929716 2614.3179563492067
1.119551244351161e-08 110.74454486546958 2619.81819058642
1.1203255251510413e-08 110.66800695496427 2628.636946097884
1.1210997964313891e-08 110.59157570440895 2632.051711309524
1.1218740581918776e-08 110.51525089105326 2644.163290895062
1.1226483104321791e-08 110.43903229276673 2613.928089175485
1.1234225531519662e-08 110.36291968803657 2642.610849316579
1.1241967863509111e-08 110.28691285596554 2619.504863866843
1.1249710100286863e-08 110.21101157626977 2616.7211612654323
1.1257452241849644e-08 110.13521562927664 2617.429866622575
1.1265194288194173e-08 110.05952479592278 2616.5695271164022
1.127293623931717e-08 109.98393885775181 2623.451071979718
1.128067809521536e-08 109.90845759691227 2642.3130924823636
1.128841985588546e-08 109.83308079615556 2652.1610449735454
1.1296161521324188e-08 109.7578082388339 2668.41442074515
1.1303903091528266e-08 109.68263970889811 2631.489817570547
1.1311644566494409e-08 109.60757499089576 2636.017554012346
1.1319385946219335e-08 109.53261386996886 2650.0082671957675
1.132712723069976e-08 109.457756131852 2684.7796103395062
1.1334868419932397e-08 109.38300156287028 2685.867986662258
1.1342609513913966e-08 109.30834994993715 2677.9324432319227
1.1350350512641178e-08 109.23380108055258 2667.1038635361556
1.1358091416110745e-08 109.15935474280089 2680.226038910935
1.1365832224319381e-08 109.08501072534877 2702.6421268738977
1.1373572937263798e-08 109.01076881744339 2704.953703703704
1.1381313554940706e-08 108.93662880891024 2711.4969824735454
1.1389054077346816e-08 108.8625904901513 2728.9493772045857
1.1396794504478836e-08 108.78865365214297 2713.314387676367
1.1404534836333477e-08 108.7148180864341 2720.8473186728397
1.1412275072907448e-08 108.64108358514409 2723.817377645503
1.1420015214197449e-08 108.56744994096098 2745.4036458333335
1.1427755260200193e-08 108.49391694713934 2753.9429701278664
1.1435495210912389e-08 108.42048439749841 2753.426890432099
1.144323506633073e-08 108.34715208642037 2729.6856398809527
1.1450974826451934e-08 108.27391980884805 2757.5821208112875
1.1458714491272694e-08 108.20078736028337 2768.4313684964727
1.1466454060789719e-08 108.12775453678518 2760.663786926808
1.1474193534999709e-08 108.05482113496754 2793.986579585538
1.1481932913899364e-08 107.98198695199773 2776.3872354497357
1.1489672197485385e-08 107.90925178559442 2759.8706872795415
1.1497411385754473e-08 107.83661543402576 2792.1201223544977
1.1505150478703326e-08 107.76407769610756 2786.846271494709
1.1512889476328643e-08 107.69163837120139 2779.2502342372136
1.1520628378627124e-08 107.61929725921273 2803.2454943783073
1.1528367185595459e-08 107.54705416058923 2833.4152474647267
1.1536105897230347e-08 107.47490887631871 2848.3951995149914
1.1543844513528487e-08 107.40286120792742 2826.161747685185
1.155158303448657e-08 107.33091095747824 2835.5323385141096
1.155932146010129e-08 107.25905792756889 2867.896274250441
1.1567059790369339e-08 107.18730192132999 2852.673404431217
1.1574798025287414e-08 107.11564274242339 2872.9256227954147
1.15825361648522e-08 107.04408019504038 2893.8123484347443
1.1590274209060392e-08 106.97261408389981 2896.156856261023
1.1598012157908681e-08 106.90124421424636 2902.0721726190477
1.1605750011393749e-08 106.82997039184892 2929.06215553351
1.1613487769512294e-08 106.75879242299845 2949.351782958554
1.1621225432261e-08 106.6877101145067 2944.042934303351
1.1628962999636551e-08 106.61672327370412 2965.426105048501
1.1636700471635633e-08 106.54583170843827 2970.8484209656085
1.164443784825494e-08 106.47503522707193 2967.6909033289244
1.1652175129491146e-08 106.40433363848167 2992.512400793651
1.1659912315340945e-08 106.33372675205581 2993.0472883597886
1.166764940580101e-08 106.26321437769293 2984.532007826279
1.1675386400868031e-08 106.19279632580003 3020.3297233245153
1.1683123300538687e-08 106.12247240729091 3020.6967179232806
1.1690860104809659e-08 106.05224243358445 3001.973517416226
1.1698596813677628e-08 105.98210621660287 3017.2834683641977
1.1706333427139273e-08 105.91206356877022 3025.4529045414465
1.1714069945191271e-08 105.84211430301049 3026.6767250881835
1.1721806367830303e-08 105.7722582327461 3039.078069885362
1.1729542695053044e-08 105.70249517189617 3032.875330687831
1.1737278926856173e-08 105.63282493487489 3021.3523754409175
1.1745015063236363e-08 105.56324733658991 3001.352719907408
1.175275110419029e-08 105.49376219244063 3032.252879739859
1.1760487049714627e-08 105.4243693183166 3034.70100308642
1.1768222899806047e-08 105.35506853059591 3008.7263007054676
1.1775958654461228e-08 105.28585964614355 3006.329158399471
1.1783694313676838e-08 105.21674248230983 3008.517967372134
1.1791429877449545e-08 105.14771685692871 3012.756972001764
1.1799165345776025e-08 105.07878258831626 2991.049038249559
1.1806900718652944e-08 105.00993949526907 2945.4086061507937
1.1814635996076972e-08 104.94118739706256 2947.405340608466
1.182237117804478e-08 104.87252611344954 2937.062183090829
1.183010626455303e-08 104.8039554646586 2938.78837356702
1.183784125559839e-08 104.73547527139245 2942.926242835097
1.184557615117753e-08 104.66708535482638 2933.812003968254
1.185331095128711e-08 104.5987855366069 2915.9007109788363
1.1861045655923798e-08 104.53057563884988 2915.877562830688
1.1868780265084258e-08 104.46245548413923 2909.9139522707233
1.1876514778765147e-08 104.39442489552529 2916.711516203704
1.1884249196963133e-08 104.3264836965233 2922.255979938272
1.1891983519674876e-08 104.25863171111183 2896.229883156967
1.1899717746897035e-08 104.1908687637314 2902.5039269179897
1.1907451878626272e-08 104.12319467928275 2902.8886959876545
1.1915185914859243e-08 104.05560928312556 2895.551077491182
1.192291985559261e-08 103.98811240107678 2919.9568039021165
1.1930653700823028e-08 103.9207038594092 2916.034846230159
1.1938387450547155e-08 103.85338348485 2913.116870590829
1.1946121104761646e-08 103.78615110457916 2923.5007440476193
1.1953854663463157e-08 103.71900654622809 2907.0284253747795
1.196158812664834e-08 103.65194963787809 2908.7712880291006
1.1969321494313852e-08 103.5849802080589 2936.817198522928
1.1977054766456347e-08 103.51809808574723 2945.1117449294534
1.198478794307247e-08 103.45130310036535 2943.9250578703704
1.1992521024158882e-08 103.38459508177957 2950.3448109567903
1.2000254009712228e-08 103.31797386029884 2951.6756227954147
1.200798689972916e-08 103.25143926667334 2965.07778053351
1.2015719694206324e-08 103.18499113209296 2953.528852513228
1.2023452393140373e-08 103.11862928818596 2955.3769841269846
1.203118499652795e-08 103.05235356701749 2954.950190145503
1.2038917504365707e-08 102.98616380108818 2945.4978229717817
1.2046649916650285e-08 102.92005982333279 2926.774966931217
1.2054382233378334e-08 102.85404146711873 2906.3906801146386
1.2062114454546492e-08 102.7881085662447 2905.2259011243386
1.2069846580151411e-08 102.72226095493926 2904.9189125881835
1.2077578610189727e-08 102.65649846785949 2908.460372574956
1.2085310544658088e-08 102.59082094008957 2884.6555335097005
1.2093042383553133e-08 102.52522820713943 2864.0431409832454
1.2100774126871503e-08 102.45972010494334 2847.232831790124
1.2108505774609836e-08 102.3942964698586 2835.569816468254
1.2116237326764774e-08 102.32895713866408 2805.5159419091715
1.2123968783332954e-08 102.26370194855897 2757.8348214285716
1.2131700144311014e-08 102.19853073716138 2734.5030726410937
1.2139431409695593e-08 102.13344334250696 2726.8614280202823
1.2147162579483324e-08 102.06843960304768 2700.1416446208113
1.2154893653670843e-08 102.00351935765029 2685.306712962963
1.2162624632254787e-08 101.93868244559516 2671.9246720679016
1.217035551523179e-08 101.87392870657493 2666.633666776896
1.2178086302598481e-08 101.80925798069315 2641.0987792107585
1.2185816994351497e-08 101.74467010846294 2610.190145502646
1.2193547590487464e-08 101.68016493080574 2598.441909171076
1.220127809100302e-08 101.61574228904996 2563.622134038801
1.2209008495894788e-08 101.55140202492974 2536.5744874338625
1.2216738805159406e-08 101.48714398058351 2509.518366953263
1.2224469018793492e-08 101.42296799855295 2487.275958994709
1.2232199136793684e-08 101.35887392178141 2444.595389660494
1.22399291591566e-08 101.29486159361288 2428.896122685185
1.2247659085878873e-08 101.23093085779055 2387.483878968254
1.2255388916957124e-08 101.1670815584556 2349.2284639550267
1.226311865238798e-08 101.10331354014598 2307.358424272487
1.2270848292168068e-08 101.03962664779499 2290.86364638448
1.2278577836294005e-08 100.97602072673027 2243.045152667549
1.2286307284762414e-08 100.91249562267234 2190.611841380071
1.229403663756992e-08 100.84905118173339 2140.4862488977074
1.2301765894713146e-08 100.7856872504161 2129.0907462522046
1.2309495056188705e-08 100.72240367561244 2090.1557677469136
1.2317224121993223e-08 100.65920030460225 2069.750675154321
1.2324953092123314e-08 100.59607698505222 2021.667080026455
1.2332681966575598e-08 100.53303356501456 1981.9199184303352
1.2340410745346692e-08 100.47006989292578 1981.0668816137568
1.234813942843321e-08 100.4071858176055 1958.4417024911818
1.2355868015831771e-08 100.34438118825526 1920.0012400793653
1.2363596507538988e-08 100.28165585445726 1890.687899581129
1.2371324903551473e-08 100.2190096661732 1870.0502232142858
1.2379053203865843e-08 100.15644247374308 1845.2259011243389
1.2386781408478712e-08 100.09395412788399 1837.5760237544093
1.2394509517386682e-08 100.03154447968899 1837.0848145392417
1.2402237530586375e-08 99.96921338062576 1826.9389329805997
1.2409965448074393e-08 99.90696068253565 1842.334346064815
1.2417693269847352e-08 99.84478623763232 1850.7142857142858
1.2425420995901855e-08 99.78268989850069 1860.2136725639332
1.2433148626234512e-08 99.72067151809568 1849.0932608575838
1.2440876160841932e-08 99.65873094974113 1860.0161210317463
1.2448603599720716e-08 99.59686804712861 1881.2158978174605
1.2456330942867476e-08 99.53508266431623 1893.6145213293653
1.2464058190278813e-08 99.47337465572758 1886.021239803792
1.2471785341951332e-08 99.41174387615054 1889.5625964506173
1.2479512397881633e-08 99.3501901807361 1885.8344356261025
1.2487239358066322e-08 99.28871342499731 1893.1542107583775
1.2494966222502e-08 99.22731346480803 1919.5727237654323
1.2502692991185268e-08 99.16599015640199 1928.5669505070548
1.2510419664112725e-08 99.10474335637146 1931.9066909171077
1.2518146241280972e-08 99.04357292166627 1930.5873842592594
1.2525872722686606e-08 98.98247870959266 1956.6524057539684
1.2533599108326223e-08 98.92146057781218 1972.3933531746034
1.2541325398196426e-08 98.86051838434051 2003.533881723986
1.2549051592293807e-08 98.7996519875465 2020.7275821208113
1.255677769061496e-08 98.73886124615095 2051.5859926146386
1.2564503693156481e-08 98.6781460192256 2063.3298886684306
1.2572229599914968e-08 98.61750616619187 2087.9241071428573
1.2579955410887009e-08 98.55694154682011 2105.2334793871255
1.2587681126069197e-08 98.4964520212282 2149.018614969136
1.2595406745458123e-08 98.43603744988059 2184.919601521164
1.2603132269050382e-08 98.37569769358723 2203.9182374338625
1.2610857696842561e-08 98.31543261350252 2219.7030009920636
1.2618583028831251e-08 98.25524207112421 2255.245466820988
1.2626308265013035e-08 98.19512592829243 2291.7086915784835
1.2634033405384506e-08 98.1350840471884 2300.614872685185
1.2641758449942253e-08 98.07511629033364 2342.338858575838
1.2649483398682855e-08 98.01522252058884 2378.2988177910056
1.2657208251602905e-08 97.95540260115268 2405.4508377425045
1.266493300869898e-08 97.89565639556103 2444.3777557319227
1.2672657669967668e-08 97.83598376768569 2484.772238756614
1.2680382235405553e-08 97.77638458173345 2515.762855489418
1.2688106705009219e-08 97.71685870224509 2541.0091490299824
1.2695831078775241e-08 97.65740599409433 2584.0486524470903
1.2703555356700202e-08 97.59802632248679 2635.338817239859
1.2711279538780686e-08 97.53871955295892 2691.716476521164
1.2719003625013266e-08 97.47948555137717 2737.6736800044096
1.2726727615394527e-08 97.42032418393669 2788.7503444664903
1.2734451509921044e-08 97.36123531716063 2820.6048142636687
1.274217530858939e-08 97.30221881789899 2870.541225749559
1.2749899011396143e-08 97.24327455332754 2952.7427110890653
1.2757622618337882e-08 97.1844023909469 2991.636973655203
1.2765346129411178e-08 97.12560219858167 3034.051683752205
1.2773069544612605e-08 97.06687384437924 3082.0025903880073
1.278079286393874e-08 97.0082171968089 3125.8595127865965
1.2788516087386148e-08 96.94963212466087 3176.7664930555557
1.2796239214951405e-08 96.8911184970453 3210.1945546737215
1.2803962246631077e-08 96.83267618339129 3274.6554646164022
1.2811685182421745e-08 96.77430505344589 3337.5750936948857
1.2819408022319963e-08 96.71600497727326 3393.4296461640215
1.282713076632231e-08 96.65777582525352 3434.7094080687834
1.2834853414425353e-08 96.59961746808193 3442.8937940917112
1.2842575966625651e-08 96.54152977676792 3505.916349757496
1.2850298422919775e-08 96.48351262263404 3544.8615244709
1.2858020783304294e-08 96.42556587731505 3606.2652254188715
1.2865743047775768e-08 96.36768941275712 3623.8449349647267
1.2873465216330755e-08 96.3098831012167 3637.6966214726635
1.2881187288965827e-08 96.25214681525958 3710.0370645943567
1.2888909265677545e-08 96.1944804277601 3744.9920083774255
1.2896631146462463e-08 96.13688381190015 3729.078207671958
1.290435293131715e-08 96.07935684116812 3778.488894400353
1.2912074620238159e-08 96.02189938935823 3825.3596230158732
1.2919796213222056e-08 95.96451133056931 3858.696952160494
1.2927517710265393e-08 95.90719253920413 3853.4226190476193
1.2935239111364727e-08 95.84994288996837 3882.9297563932982
1.2942960416516619e-08 95.79276225786968 3929.4706238977074
1.2950681625717618e-08 95.73565051821686 3945.4176311728397
1.2958402738964288e-08 95.6786075466188 3962.247850529101
1.296612375625318e-08 95.62163321898382 4001.6913304673726
1.2973844677580842e-08 95.56472741151859 3989.6097883597886
1.2981565502943834e-08 95.50789000072719 4005.7439098324517
1.2989286232338704e-08 95.45112086341041 4064.3845072751324
1.2997006865762e-08 95.39441987666473 4060.3669257054676
1.3004727403210278e-08 95.33778691788137 4083.94000771605
1.3012447844680086e-08 95.28122186474563 4101.597360008818
1.3020168190167968e-08 95.22472459523578 4115.379050925926
1.3027888439670482e-08 95.16829498762226 4133.244185405644
1.3035608593184163e-08 95.11193292046693 4122.616016313933
1.3043328650705568e-08 95.05563827262193 4103.69708994709
1.3051048612231236e-08 94.99941092322912 4120.552110890653
1.3058768477757713e-08 94.943250751719 4153.312527557319
1.306648824728154e-08 94.88715763780993 4152.706542107584
1.3074207920799271e-08 94.8311314615072 4185.915867504409
1.3081927498307436e-08 94.77517210310235 4264.897348985891
1.3089646979802582e-08 94.7192794431721 4297.421048280424
1.3097366365281249e-08 94.66345336257763 4361.035741843034
1.310508565473998e-08 94.6076937424637 4364.328290343916
1.3112804848175314e-08 94.55200046425782 4395.904706790124
1.312052394558378e-08 94.49637340966945 4423.1872795414465
1.3128242946961928e-08 94.44081246068899 4419.777888007055
1.3135961852306293e-08 94.38531749958715 4449.485642636685
1.3143680661613402e-08 94.32988840891409 4471.49291776896
1.3151399374879798e-08 94.27452507149843 4486.1098710317465
1.3159117992102015e-08 94.21922737044659 4487.9165288800705
1.3166836513276585e-08 94.16399518914191 4551.936177248677
1.317455493840004e-08 94.10882841124383 4559.993248456791
1.3182273267468915e-08 94.05372692068705 4574.8518794091715
1.3189991500479742e-08 93.99869060168078 4618.439842372134
1.3197709637429048e-08 93.94371933870787 4661.495260141094
1.3205427678313361e-08 93.88881301652404 4672.432484567901
1.3213145623129218e-08 93.83397152015702 4690.6230709876545
1.3220863471873139e-08 93.77919473490584 4751.552992724868
1.322858122454166e-08 93.72448254633989 4764.697007275133
1.32362988811313e-08 93.66983484029832 4744.742890211641
1.3244016441638586e-08 93.61525150288908 4711.304150132276
1.3251733906060044e-08 93.56073242048818 4772.344163359789
1.32594512743922e-08 93.50627747973888 4810.952656525574
1.3267168546631577e-08 93.45188656755099 4813.383074294533
1.32748857227747e-08 93.39755957109996 4849.109071869489
1.3282602802818083e-08 93.34329637782628 4872.556768077602
1.3290319786758256e-08 93.28909687543447 4901.499118165785
1.3298036674591731e-08 93.2349609518925 4953.895916005291
1.3305753466315036e-08 93.18088849543089 4947.303791887126
1.3313470161924684e-08 93.12687939454206 4952.755594135803
1.3321186761417195e-08 93.07293353797945 4957.4039627425045
1.3328903264789084e-08 93.01905081475685 5001.351410934744
1.333661967203687e-08 92.96523111414756 5018.4091159612
1.3344335983157067e-08 92.91147432568366 5045.436232363316
1.3352052198146193e-08 92.85778033915525 5043.0689208553795
1.3359768317000758e-08 92.80414904460982 5117.621941137567
1.3367484339717274e-08 92.75058033235125 5159.613921957673
1.3375200266292258e-08 92.69707409293926 5182.95138888889
1.3382916096722219e-08 92.64363021718862 5184.645750661376
1.3390631831003665e-08 92.59024859616835 5195.882798721341
1.3398347469133114e-08 92.53692912120104 5227.705715388008
1.3406063011107068e-08 92.48367168386214 5220.050154320988
1.3413778456922039e-08 92.43047617597911 5187.606646825398
1.3421493806574533e-08 92.37734248963082 5176.790399029983
1.342920906006106e-08 92.32427051714669 5192.903714726632
1.3436924217378117e-08 92.27126015110613 5186.818369708995
1.3444639278522219e-08 92.21831128433763 5174.201113315697
1.3452354243489868e-08 92.16542380991814 5158.7063216490305
1.3460069112277567e-08 92.11259762117237 5175.944389329807
1.3467783884881814e-08 92.05983261167206 5182.977706128748
1.3475498561299121e-08 92.00712867523515 5207.01099537037
1.3483213141525978e-08 91.95448570592528 5230.271164021165
1.3490927625558895e-08 91.90190359805084 5260.150187389771
1.3498642013394368e-08 91.84938224616447 5315.601300705468
1.3506356305028899e-08 91.79692154506223 5336.538111772487
1.3514070500458976e-08 91.74452138978303 5357.547536375661
1.3521784599681105e-08 91.69218167560771 5430.05649250441
1.3529498602691783e-08 91.63990229805853 5392.700066137567
1.3537212509487501e-08 91.58768315289844 5394.468143738977
1.3544926320064756e-08 91.53552413613032 5398.490823412699
1.3552640034420042e-08 91.48342514399637 5430.560102513228
1.3560353652549855e-08 91.43138607297735 5462.947393077602
1.3568067174450685e-08 91.37940681979197 5480.768986992945
1.357578060011902e-08 91.32748728139616 5498.101025132276
1.3583493929551357e-08 91.27562735498233 5507.853835978836
1.3591207162744185e-08 91.22382693797887 5485.779045414462
1.3598920299693989e-08 91.17208592804931 5527.346919091711
1.3606633340397259e-08 91.12040422309167 5536.593777557319
1.3614346284850486e-08 91.06878172123785 5555.6150793650795
1.3622059133050157e-08 91.0172183208529 5563.075947971782
1.3629771884992755e-08 90.96571392053444 5562.303240740741
1.3637484540674763e-08 90.9142684191119 5572.91156856261
1.3645197100092673e-08 90.86288171564586 5535.137235449736
1.3652909563242961e-08 90.81155370942749 5536.009149029983
1.3660621930122115e-08 90.76028429997778 5535.463651895944
1.3668334200726615e-08 90.70907338704696 5539.006007495591
1.3676046375052944e-08 90.6579208706138 5613.452794312169
1.368375845309758e-08 90.60682665088498 5597.708057760142
1.3691470434857005e-08 90.55579062829445 5572.644675925926
1.3699182320327697e-08 90.50481270350275 5583.57280643739
1.3706894109506131e-08 90.45389277739643 5547.797894620811
1.3714605802388791e-08 90.40303075108731 5592.819802689594
1.3722317398972148e-08 90.35222652591195 5594.319196428572
1.373002889925268e-08 90.30148000343091 5611.258956128749
1.3737740303226858e-08 90.2507910854282 5604.8261133156975
1.3745451610891163e-08 90.20015967391059 5593.944692460318
1.3753162822242063e-08 90.14958567110699 5628.01173941799
1.376087393727603e-08 90.09906897946784 5658.743799603175
1.376858495598954e-08 90.04860950166449 5658.33595127866
1.3776295878379063e-08 89.99820714058849 5623.336089065257
1.3784006704441062e-08 89.94786179935116 5647.775297619048
1.3791717434172019e-08 89.89757338128265 5660.186425264551
1.3799428067568391e-08 89.84734178993173 5675.361414241623
1.380713860462665e-08 89.79716692906482 5676.056960978836
1.381484904534326e-08 89.74704870266557 5663.916859567902
1.3822559389714695e-08 89.6969870149341 5699.497216710759
1.383026963773741e-08 89.64698177028664 5721.848544973545
1.3837979789407881e-08 89.59703287335459 5743.57638888889
1.3845689844722558e-08 89.54714022898428 5727.455770502646
1.3853399803677918e-08 89.49730374223594 5745.108713624339
1.386110966627041e-08 89.44752331838357 5744.314098324516
1.38688194324965e-08 89.39779886291394 5741.20136133157
1.3876529102352655e-08 89.34813028152617 5749.5334545855385
1.3884238675835325e-08 89.2985174801312 5763.522238756615
1.3891948152940972e-08 89.24896036485104 5775.06889329806
1.3899657533666056e-08 89.19945884201826 5764.549162257496
1.3907366818007035e-08 89.1500128181754 5753.872216710759
1.3915076005960361e-08 89.1006222000744 5778.432677469136
1.3922785097522494e-08 89.05128689467594 5803.125413359789
1.3930494092689884e-08 89.00200680914895 5827.402584876544
1.3938202991458989e-08 88.95278185086995 5825.48473324515
1.394591179382626e-08 88.9036119274225 5831.842069003528
1.395362049978815e-08 88.85449694659664 5868.000578703704
1.3961329109341108e-08 88.8054368163883 5888.494819223986
1.3969037622481589e-08 88.75643144499867 5887.74539792769
1.3976746039206042e-08 88.70748074083376 5898.005401234568
1.3984454359510914e-08 88.65858461250369 5898.386518959436
1.3992162583392656e-08 88.60974296882219 5888.420965608466
1.3999870710847711e-08 88.56095571880608 5928.077325837743
1.4007578741872533e-08 88.51222277167456 5918.528852513228
1.4015286676463559e-08 88.4635440368488 5931.743689373898
1.402299451461724e-08 88.4149194239513 5948.30894510582
1.4030702256330018e-08 88.36634884280534 5940.027419532628
1.403840990159834e-08 88.31783220343442 5974.833278218695
1.4046117450418643e-08 88.26936941606174 5959.635967813052
1.405382490278737e-08 88.2209603911096 5926.729359567902
1.4061532258700965e-08 88.17260503919888 5940.970293209877
1.4069239518155867e-08 88.12430327114846 5934.487433862434
1.4076946681148516e-08 88.07605499797472 5933.436948853616
1.408465374767535e-08 88.02786013089093 5919.901895943563
1.40923607177328e-08 87.97971858130678 5927.415261243386
1.4100067591317319e-08 87.93163026082773 5956.651510141094
1.4107774368425329e-08 87.88359508125463 5948.253968253969
1.4115481049053265e-08 87.83561295458304 5920.3206294091715
1.4123187633197572e-08 87.78768379300269 5933.384727733686
1.4130894120854678e-08 87.73980750889704 5933.555858686067
1.4138600512021012e-08 87.69198401484277 5935.718281525574
1.4146306806693011e-08 87.64421322360906 5926.534529320988
1.4154013004867104e-08 87.59649504815724 5955.8695712081135
1.4161719106539727e-08 87.54882940164015 5944.393876763669
1.4169425111707303e-08 87.50121619740176 5979.051339285715
1.4177131020366263e-08 87.45365534897648 6005.570160934744
1.418483683251303e-08 87.40614677008872 5995.0282462522055
1.4192542548144042e-08 87.35869037465231 6019.824184303351
1.4200248167255712e-08 87.31128607677014 5997.063905423281
1.4207953689844483e-08 87.26393379073333 5969.0123456790125
1.4215659115906764e-08 87.21663343102114 6000.317598104057
1.4223364445438985e-08 87.16938491230007 6008.7216159612
1.4231069678437568e-08 87.12218814942355 6022.308476631394
1.4238774814898938e-08 87.07504305743137 6022.203207671958
1.4246479854819512e-08 87.0279495515492 6000.0883212081135
1.4254184798195715e-08 86.98090754718802 5996.345072751324
1.4261889645023964e-08 86.93391695994372 6015.502783289242
1.426959439530068e-08 86.88697770559645 6070.665784832452
1.4277299049022279e-08 86.84008970011031 6071.893738977073
1.4285003606185182e-08 86.79325285963263 6070.446566358025
1.4292708066785799e-08 86.74646710049365 6077.968336640212
1.4300412430820553e-08 86.69973233920588 6113.991677689595
1.4308116698285854e-08 86.65304849246375 6122.581431878308
1.4315820869178119e-08 86.60641547714299 6143.365575396826
1.432352494349376e-08 86.5598332103002 6164.9240795855385
1.4331228921229191e-08 86.51330160917233 6196.7428626543215
1.4338932802380821e-08 86.46682059117623 6184.718364197532
1.4346636586945063e-08 86.42039007390814 6164.993799603175
1.4354340274918325e-08 86.37400997514314 6195.243193342152
1.4362043866297016e-08 86.3276802128348 6199.517746913581
1.436974736107755e-08 86.28140070511455 6221.103119488536
1.4377450759256329e-08 86.23517137029131 6241.915647045856
1.438515406082976e-08 86.18899212685098 6217.19852292769
1.4392857265794253e-08 86.14286289345587 6200.713872354498
1.4400560374146207e-08 86.09678358894442 6250.322833994709
1.4408263385882032e-08 86.0507541323305 6266.039186507937
1.4415966300998128e-08 86.00477444280308 6259.9160879629635
1.4423669119490898e-08 85.95884443972577 6279.829144620811
1.4431371841356746e-08 85.91296404263618 6289.977816358025
1.4439074466592071e-08 85.86713317124567 6298.556547619048
1.4446776995193274e-08 85.82135174543873 6288.307153880071
1.4454479427156752e-08 85.77561968527259 6299.797040343916
1.446218176247891e-08 85.72993691097668 6314.9379960317465
1.4469884001156141e-08 85.68430334295225 6314.804205246914
1.4477586143184836e-08 85.63871890177191 6318.478973765433
1.4485288188561404e-08 85.59318350817902 6269.270419973545
1.4492990137282234e-08 85.54769708308744 6305.77697861552
1.4500691989343716e-08 85.50225954758095 6329.021715167549
1.450839374474225e-08 85.45687082291279 6305.4008212081135
1.451609540347423e-08 85.41153083050523 6287.859898589066
1.4523796965536039e-08 85.36623949194919 6309.70210537919
1.4531498430924077e-08 85.32099672900361 6317.6463293650795
1.453919979963473e-08 85.27580246359521 6309.6414792768965
1.4546901071664388e-08 85.23065661781789 6301.576829805997
1.4554602247009443e-08 85.18555911393227 6339.658840388008
1.4562303325666275e-08 85.14050987436545 6329.214754188713
1.4570004307631278e-08 85.0955088217103 6278.955302028219
1.4577705192900842e-08 85.05055587872512 6310.118083112875
1.4585405981471341e-08 85.00565096833336 6297.832341269842
1.459310667333917e-08 84.96079401362286 6280.234788359789
1.4600807268500703e-08 84.91598493784575 6298.186039462082
1.4608507766952327e-08 84.87122366441771 6268.016148589066
1.4616208168690433e-08 84.82651011691772 6264.002425044092
1.4623908473711388e-08 84.78184421908763 6280.484182098766
1.4631608682011579e-08 84.7372258948316 6283.747795414462
1.463930879358739e-08 84.69265506821574 6261.507523148149
1.464700880843519e-08 84.64813166346778 6237.265487213404
1.4654708726551365e-08 84.60365560497642 6261.043457892417
1.466240854793229e-08 84.5592268172911 6295.151840828925
1.4670108272574342e-08 84.51484522512146 6267.926449514992
1.4677807900473893e-08 84.47051075333698 6261.6910548941805
1.468550743162732e-08 84.42622332696651 6220.513392857143
1.4693206866030997e-08 84.38198287119786 6196.721367945327
1.4700906203681296e-08 84.33778931137742 6236.0619212962965
1.4708605444574587e-08 84.29364257300968 6251.671351410935
1.4716304588707248e-08 84.24954258175681 6242.521219135803
1.4724003636075647e-08 84.2054892634383 6273.769152336861
1.4731702586676147e-08 84.16148254403056 6295.083360890653
1.4739401440505128e-08 84.11752234966634 6292.333691578484
1.4747100197558949e-08 84.07360860663456 6295.787863756615
1.4754798857833983e-08 84.02974124137971 6282.6563877865965
1.4762497421326592e-08 83.9859201805015 6283.933393959436
1.4770195888033144e-08 83.94214535075449 6281.839588844798
1.4777894257950002e-08 83.89841667904761 6279.268077601411
1.4785592531073533e-08 83.85473409244382 6299.05933090829
1.4793290707400097e-08 83.81109751815964 6298.881310626103
1.4800988786926057e-08 83.76750688356483 6300.713872354498
1.4808686769647774e-08 83.72396211618191 6333.70811287478
1.4816384655561611e-08 83.68046314368574 6332.061011904762
1.4824082444663929e-08 83.63700989390324 6344.975336199295
1.4831780136951084e-08 83.5936022948129 6356.640211640212
1.4839477732419428e-08 83.5502402745444 6366.655092592593
1.4847175231065329e-08 83.50692376137815 6407.503169091711
1.4854872632885131e-08 83.46365268374508 6368.361028439154
1.4862569937875208e-08 83.42042697022595 6356.84840718695
1.4870267146031897e-08 83.37724654955132 6381.335978835979
1.4877964257351563e-08 83.33411135060084 6399.7234623015875
1.488566127183055e-08 83.29102130240305 6387.254050925926
1.489335818946522e-08 83.24797633413488 6402.387566137567
1.490105501025192e-08 83.20497637512133 6427.409336419753
1.4908751734187e-08 83.16202135483512 6412.12466931217
1.4916448361266808e-08 83.11911120289619 6413.899222883599
1.4924144891487696e-08 83.07624584907137 6432.354359567902
1.493184132484601e-08 83.03342522327405 6419.907820767196
1.4939537661338104e-08 82.99064925556365 6426.644483024692
1.4947233900960312e-08 82.94791787614554 6423.398919753087
1.495493004370899e-08 82.90523101537022 6390.812940917108
1.496262608958048e-08 82.86258860373333 6393.920166446209
1.4970322038571122e-08 82.8199905718751 6394.988977072311
1.497801789067726e-08 82.77743685058002 6413.01242835097
1.498571364589524e-08 82.73492737077632 6347.445712081129
1.4993409304221407e-08 82.69246206353586 6269.091159611993
1.5001104865652094e-08 82.65004086007359 6379.351714065257
1.500880033018364e-08 82.6076636917472 6397.034970238095
1.5016495697812393e-08 82.56533049005667 6402.566550925926
1.5024190968534676e-08 82.52304118664416 6406.829805996473
1.5031886142346843e-08 82.48079571329329 6400.046020723104
1.5039581219245217e-08 82.4385940019291 6398.377976190477
1.5047276199226144e-08 82.39643598461743 6404.351714065257
1.5054971082285954e-08 82.3543215935647 6394.211171737214
1.506266586842098e-08 82.31225076111757 6385.549906305115
1.5070360557627555e-08 82.27022341976243 6401.904072971782
1.5078055149902017e-08 82.22823950212513 6415.673776455027
1.5085749645240685e-08 82.18629894097076 6401.920607363316
1.5093444043639903e-08 82.1444016692029 6402.814842372134
1.510113834509599e-08 82.10254761986377 6422.964203042328
1.5108832549605285e-08 82.06073672613341 6425.165481701941
1.5116526657164107e-08 82.01896892132967 6431.261298500883
1.5124220667768788e-08 81.97724413890762 6368.306051587302
1.5131914581415656e-08 81.93556231245933 6355.256007495591
1.513960839810103e-08 81.8939233757135 6320.747216710759
1.5147302117821238e-08 81.85232726253506 6343.000165343916
1.515499574057261e-08 81.81077390692482 6392.422288359789
1.5162689266351457e-08 81.76926324301922 6430.454695767196
1.517038269515411e-08 81.72779520508988 6429.80255180776
1.5178076026976887e-08 81.68636972754322 6497.409749779542
1.518576926181611e-08 81.64498674492029 6517.839368386244
1.5193462399668103e-08 81.60364619189622 6527.43648037919
1.520115544052917e-08 81.56234800328006 6566.315999779542
1.5208848384395647e-08 81.52109211401425 6563.791611552028
1.5216541231263836e-08 81.47987845917447 6529.1466876102295
1.5224233981130068e-08 81.43870697396909 6555.249255952382
1.5231926633990645e-08 81.39757759373907 6592.977706128749
1.5239619189841885e-08 81.35649025395746 6554.266975308642
1.5247311648680113e-08 81.315444890229 6565.007991622576
1.5255004010501625e-08 81.27444143829007 6619.359705687832
1.526269627530274e-08 81.23347983400802 6622.504546957673
1.527038844307977e-08 81.19256001338103 6625.803158068784
1.5278080513829028e-08 81.15168191253774 6617.359595458554
1.5285772487546823e-08 81.11084546773688 6609.402832892417
1.5293464364229457e-08 81.07005061536705 6641.723434744268
1.5301156143873244e-08 81.02929729194621 6642.861827601411
1.530884782647449e-08 80.98858543412149 6605.943975970018
1.53165394120295e-08 80.94791497866885 6617.375027557319
1.532423090053458e-08 80.90728586249264 6653.684551366843
1.5331922291986034e-08 80.86669802262547 6681.331983024692
1.533961358638017e-08 80.82615139622766 6683.263475529101
1.5347304783713286e-08 80.78564592058711 6694.278687169312
1.535499588398168e-08 80.74518153311891 6697.76813271605
1.536268688718166e-08 80.7047581713649 6685.403301366843
1.5370377793309524e-08 80.66437577299352 6683.891644620811
1.537806860236157e-08 80.62403427579943 6677.621252204586
1.53857593143341e-08 80.58373361770316 6658.463266093475
1.539344992922341e-08 80.54347373675081 6675.17085537919
1.54011404470258e-08 80.50325457111374 6701.139770723104
1.5408830867737557e-08 80.46307605908828 6714.895144400353
1.5416521191354984e-08 80.42293813909535 6709.2650462962965
1.542421141787437e-08 80.38284074968018 6726.361055996473
1.5431901547292016e-08 80.34278382951202 6780.9879298941805
1.543959157960421e-08 80.30276731738375 6759.853532848325
1.544728151480724e-08 80.26279115221173 6765.767195767196
1.5454971352897404e-08 80.22285527303526 6744.872685185186
1.546266109387099e-08 80.18295961901646 6707.116539902999
1.5470350737724283e-08 80.14310412943989 6689.61116622575
1.5478040284453576e-08 80.10328874371221 6716.9934964726635
1.5485729734055157e-08 80.06351340136196 6743.130235890653
1.549341908652531e-08 80.02377804203915 6735.867366622576
1.550110834186032e-08 79.98408260551506 6756.289406966491
1.5508797500056477e-08 79.94442703168181 6805.16906415344
1.5516486561110058e-08 79.90481126055224 6803.763778659612
1.552417552501735e-08 79.86523523225937 6856.828565917108
1.553186439177464e-08 79.8256988870563 6854.080963403881
1.5539553161378205e-08 79.78620216531584 6812.628830467373
1.5547241833824326e-08 79.74674500753018 6804.444995590829
1.555493040910928e-08 79.70732735431064 6821.59019510582
1.5562618887229348e-08 79.66794914638731 6804.485780423281
1.5570307268180814e-08 79.62861032460881 6801.19957010582
1.5577995551959948e-08 79.58931082994201 6807.663277116402
1.5585683738563026e-08 79.55005060347168 6766.35265101411
1.559337182798633e-08 79.51082958640016 6764.979332010583
1.5601059820226135e-08 79.4716477200472 6799.604965828925
1.5608747715278706e-08 79.4325049458496 6766.176421957673
1.561643551314032e-08 79.39340120536083 6760.056216931217
1.5624123213807257e-08 79.35433644025085 6772.378610008819
1.563181081727578e-08 79.31531059230582 6754.780092592593
1.563949832354216e-08 79.27632360342777 6753.382247574957
1.5647185732602664e-08 79.23737541563432 6765.560102513228
1.5654873044453572e-08 79.19846597105831 6755.975115740741
1.5662560259091144e-08 79.15959521194775 6757.962687389771
1.567024737651165e-08 79.12076308066524 6795.329447751324
1.5677934396711347e-08 79.08196951968797 6792.681051587302
1.5685621319686517e-08 79.04321447160712 6802.016093474427
1.5693308145433412e-08 79.00449787912788 6818.80291005291
1.5700994873948297e-08 78.96581968506904 6810.995232583775
1.5708681505227435e-08 78.92717983236261 6788.754960317461
1.5716368039267096e-08 78.88857826405369 6838.643077601411
1.5724054476063532e-08 78.85001492330018 6822.834132495591
1.573174081561301e-08 78.81148975337236 6811.352513227514
1.5739427057911785e-08 78.7730026976528 6828.3257550705475
1.5747113202956114e-08 78.73455369963595 6835.593998015874
1.5754799250742256e-08 78.69614270292792 6847.174548059966
1.5762485201266475e-08 78.65776965124613 6854.533316798942
1.5770171054525016e-08 78.61943448841922 6878.986441798942
1.5777856810514142e-08 78.5811371583865 6882.920524691359
1.5785542469230103e-08 78.54287760519796 6884.241347001765
1.5793228030669155e-08 78.50465577301378 6872.10441468254
1.5800913494827548e-08 78.4664716061042 6849.166942239859
1.5808598861701537e-08 78.42832504884912 6894.352540784833
1.581628413128737e-08 78.390216045738 6874.792217813052
1.58239693035813e-08 78.3521445413694 6828.801945546737
1.583165437857957e-08 78.31411048045088 6852.15415564374
1.5839339356278435e-08 78.27611380779861 6836.180831128749
1.5847024236674142e-08 78.23815446833717 6859.517884700177
1.5854709019762938e-08 78.20023240709924 6892.832616843034
1.586239370554106e-08 78.16234756922546 6871.070601851852
1.5870078294004763e-08 78.12449989996391 6884.116374559084
1.5877762785150284e-08 78.08668934467012 6905.480048500883
1.5885447178973873e-08 78.04891584880663 6928.224206349207
1.5893131475471765e-08 78.01117935794282 6917.332313712523
1.590081567464021e-08 77.9734798177546 6929.238453483245
1.5908499776475443e-08 77.93581717402417 6968.306602733686
1.59161837809737e-08 77.89819137263977 6951.9896384479725
1.5923867688131225e-08 77.86060235959536 6938.571152998237
1.593155149794426e-08 77.82305008099044 6931.0900297619055
1.5939235210409036e-08 77.78553448302978 6940.794890873017
1.5946918825521785e-08 77.74805551202313 6939.914710097002
1.595460234327875e-08 77.71061311438494 6929.857666446209
1.5962285763676163e-08 77.6732072366342 6853.883239638449
1.5969969086710263e-08 77.63583782539405 6784.7136794532635
1.5977652312377278e-08 77.59850482739171 6906.096781305115
1.5985335440673435e-08 77.56120818945804 6924.893766534392
1.5993018471594972e-08 77.52394785852741 6914.979332010583
1.6000701405138118e-08 77.48672378163738 6969.977265211641
1.6008384241299103e-08 77.44953590592847 6960.375881834216
1.6016066980074153e-08 77.41238417864396 6941.244764109348
1.6023749621459495e-08 77.37526854712958 6936.701664462082
1.6031432165451358e-08 77.33818895883324 6941.17862654321
1.603911461204597e-08 77.30114536130486 6981.66763117284
1.6046796961239547e-08 77.26413770219611 6948.387759038801
1.6054479213028326e-08 77.22716592926002 6944.728422619048
1.6062161367408525e-08 77.19022999035097 6951.570491622576
1.606984342437636e-08 77.15332983342432 6955.381255511465
1.607752538392806e-08 77.11646540653611 6965.8734292328045
1.6085207246059843e-08 77.0796366578429 7000.621693121694
1.609288901076793e-08 77.04284353560149 6915.310708774251
1.6100570678048546e-08 77.00608598816872 5879.497216710759
1.6108252247897895e-08 76.96936396400125 3921.98688271605
