string
20201022_p12_degreeper_secondprocessedoffset angle 0.15740126818607691 in rad by: offset_angle in degree:_10.15offset 0th. order in px_-145
nm eV  counts
1.5675213258300565e-08 79.09569775300221 378.2197602710066
1.5682922343012097e-08 79.05681753533874 567.7565118929516
1.5690631288589223e-08 79.01797622343283 723.2435284588373
1.5698340095029747e-08 78.97917375894671 733.7049929925674
1.5706048762331476e-08 78.94041008365917 732.5798227277022
1.5713757290492212e-08 78.90168513946533 736.1375341513921
1.572146567950976e-08 78.86299886837625 739.5260042674478
1.5729173929381924e-08 78.82435121251875 744.9843439980159
1.573688204010651e-08 78.78574211413502 743.4242109748992
1.5744590011681304e-08 78.74717151558248 746.7677085301714
1.5752297844104116e-08 78.7086393593333 745.9527081955467
1.5760005537372735e-08 78.67014558797432 747.5978506275196
1.576771309148496e-08 78.63169014420654 748.1235507802659
1.577542050643858e-08 78.59327297084508 754.6867175689721
1.578312778223139e-08 78.55489401081867 759.7342957727072
1.5790834918861185e-08 78.51655320716951 758.2570290847821
1.579854191632575e-08 78.47825050305296 755.7362626763669
1.5806248774622872e-08 78.43998584173723 758.4237336427627
1.5813955493750335e-08 78.40175916660314 759.6667016054107
1.582166207370593e-08 78.36357042114378 765.3134841899723
1.5829368514487445e-08 78.32541954896426 768.3477812421265
1.5837074816092652e-08 78.28730649378154 762.0803536981923
1.584478097851933e-08 78.24923119942397 759.9177241787919
1.5852487001765268e-08 78.2111936098311 768.165556008283
1.586019288582824e-08 78.17319366905343 762.5821626393614
1.586789863070602e-08 78.1352313212521 764.767295662478
1.5875604236396386e-08 78.09730651069864 770.8616337159864
1.5883309702897106e-08 78.05941918177469 769.698473718191
1.5891015030205964e-08 78.02156927897165 775.5256238780235
1.589872021832072e-08 77.98375674689059 776.5591808193185
1.5906425267239143e-08 77.94598153024184 779.0498679217058
1.5914130176959008e-08 77.90824357384469 780.8618207120812
1.5921834947478073e-08 77.87054282262724 776.137999181154
1.5929539578794113e-08 77.83287922162607 775.0782012747229
1.5937244070904884e-08 77.79525271598597 777.0228228733623
1.5944948423808152e-08 77.75766325095967 781.1751498921328
1.595265263750167e-08 77.72011077190763 780.8657771557697
1.596035671198321e-08 77.68259522429767 787.2748468600404
1.5968060647250523e-08 77.64511655370484 777.3826943972034
1.5975764443301358e-08 77.60767470581105 777.2851095009763
1.5983468100133484e-08 77.5702696264048 784.5323965813178
1.5991171617744648e-08 77.53290126138101 784.4562719474364
1.59988749961326e-08 77.49556955674076 791.9095795146762
1.6006578235295092e-08 77.45827445859088 785.6263015912384
1.6014281335229876e-08 77.42101591314382 787.9367761282755
1.6021984295934695e-08 77.38379386671744 787.9219763715672
1.60296871174073e-08 77.34660826573456 794.9014653604498
1.6037389799645436e-08 77.3094590567229 794.2506869646007
1.604509234264684e-08 77.27234618631475 799.1945241638323
1.6052794746409263e-08 77.23526960124659 799.3804967009953
1.6060497010930437e-08 77.19822924835913 804.5164674666163
1.6068199136208105e-08 77.16122507459673 803.6925503708428
1.6075901122240006e-08 77.12425702700736 808.754903726537
1.6083602969023876e-08 77.08732505274229 815.4237159273432
1.6091304676557448e-08 77.05042909905578 816.7171113236961
1.6099006244838463e-08 77.01356911330491 802.6732814074704
1.610670767386464e-08 76.97674504294936 790.7569380472097
1.6114408963633715e-08 76.93995683555102 823.0008788816453
1.6122110114143423e-08 76.9032044387738 815.7489218198854
1.6129811125391484e-08 76.8664878003835 822.637570074326
1.613751199737563e-08 76.82980686824736 828.2880950412573
1.6145212730093582e-08 76.79316159033402 829.8622503110041
1.6152913323543062e-08 76.75655191471313 829.5847677902179
1.61606137777218e-08 76.71997778955509 836.0248050319666
1.6168314092627507e-08 76.68343916313096 841.24840315177
1.6176014268257912e-08 76.64693598381204 837.6578000992064
1.6183714304610722e-08 76.61046820006979 840.0475289942366
1.619141420168366e-08 76.57403576047544 848.9651980583901
1.6199113959474435e-08 76.53763861369983 851.0869738520408
1.620681357798077e-08 76.50127670851312 849.0940777352608
1.621451305720037e-08 76.46494999378464 849.514949353584
1.6222212397130943e-08 76.42865841848258 852.6625832624717
1.6229911597770208e-08 76.39240193167372 853.9547336585098
1.6237610659115863e-08 76.35618048252326 857.7041529864262
1.6245309581165617e-08 76.3199940202946 856.15128082483
1.6253008363917177e-08 76.28384249434897 858.9829430035903
1.6260707007368242e-08 76.24772585414537 854.5288559578925
1.626840551151652e-08 76.21164404924019 860.1992172737151
1.6276103876359705e-08 76.17559702928709 860.0232760928446
1.62838021018955e-08 76.13958474403664 861.7748857355442
1.6291500188121604e-08 76.1036071433362 868.9861219372009
1.6299198135035706e-08 76.06766417712967 865.3950390920257
1.630689594263551e-08 76.03175579545717 872.4933173500882
1.6314593610918702e-08 75.99588194845491 874.1149573255228
1.6322291139882977e-08 75.96004258635492 874.7926360937894
1.6329988529526023e-08 75.92423765948479 876.1123634928509
1.6337685779845532e-08 75.88846711826751 879.5667571137252
1.6345382890839193e-08 75.85273091322117 879.9974509479719
1.635307986250469e-08 75.81702899495878 883.2888750118103
1.63607766948397e-08 75.78136131418803 877.4715593702759
1.636847338784192e-08 75.74572782171103 879.823121378181
1.6376169941509025e-08 75.71012846842416 885.3291401919564
1.638386635583869e-08 75.67456320531778 890.791443747638
1.63915626308286e-08 75.639031983476 887.79758460097
1.6399258766476438e-08 75.60353475407646 891.827665383283
1.6406954762779865e-08 75.56807146839023 900.1674057933359
1.6414650619736565e-08 75.53264207778139 905.7158825625158
1.6422346337344216e-08 75.49724653370687 911.169675335412
1.643004191560048e-08 75.46188478771637 906.7891417272929
1.6437737354503035e-08 75.42655679145196 910.4276108591586
1.644543265404954e-08 75.39126249664793 914.1187981268897
1.645312781423767e-08 75.35600185513057 906.103269577507
1.646082283506509e-08 75.32077481881797 908.4386268975184
1.6468517716529464e-08 75.28558133971973 913.2862816712334
1.6476212458628454e-08 75.25042136993684 915.5564757731797
1.6483907061359726e-08 75.2152948616614 917.6024566365899
1.649160152472093e-08 75.18020176717646 919.7871024856703
1.6499295848709734e-08 75.14514203885565 924.5340278761968
1.6506990033323792e-08 75.11011562916319 920.0957690657282
1.6514684078560762e-08 75.0751224906535 923.3235381826343
1.6522377984418295e-08 75.0401625759711 931.5429933547493
1.653007175089405e-08 75.00523583785025 933.1831853111615
1.6537765377985667e-08 74.97034222911498 933.950319566484
1.6545458865690807e-08 74.93548170267857 938.2748060161565
1.6553152214007117e-08 74.9006542115436 941.8559436216617
1.6560845422932238e-08 74.86585970880162 934.9550815696649
1.6568538492463823e-08 74.83109814763293 938.5555806524
1.657623142259951e-08 74.79636948130641 948.1459361811854
1.6583924213336948e-08 74.7616736631793 943.9659042146952
1.6591616864673772e-08 74.727010646697 948.4592727426619
1.6599309376607628e-08 74.6923803853928 951.8927424847254
1.660700174913615e-08 74.65778283288779 951.6936752999811
1.661469398225698e-08 74.62321794289052 963.2846872834782
1.6622386075967747e-08 74.58868566919695 958.1366946373457
1.663007803026609e-08 74.55418596569004 962.096132723923
1.6637769845149645e-08 74.51971878633971 967.1258060515873
1.6645461520616032e-08 74.48528408520265 969.6822714907723
1.6653153056662894e-08 74.45088181642191 970.6705089443185
1.666084445328785e-08 74.41651193422696 972.8422963514109
1.666853571048853e-08 74.38217439293332 972.8878422028534
1.667622682826256e-08 74.34786914694236 981.1782623929201
1.6683917806607568e-08 74.31359615074118 985.1477564405392
1.669160864552117e-08 74.27935535890238 990.6463298571745
1.6699299345000985e-08 74.24514672608387 996.1314666202129
1.6706989905044647e-08 74.21097020702851 1001.2706925941674
1.671468032564976e-08 74.17682575656423 998.0869807413707
1.6722370606813945e-08 74.14271332960352 1003.3852444334216
1.6730060748534822e-08 74.10863288114341 1008.5417429413895
1.6737750750809998e-08 74.07458436626523 1009.5442609914337
1.6745440613637092e-08 74.04056774013438 1007.8323954002898
1.6753130337013713e-08 74.00658295800015 1019.1213594812925
1.6760819920937467e-08 73.9726299751956 1023.317684712774
1.6768509365405965e-08 73.93870874713721 1023.4852332136559
1.6776198670416815e-08 73.90481922932484 1028.9905458711262
1.6783887835967617e-08 73.87096137734143 1031.0155610276518
1.6791576862055986e-08 73.8371351468528 1028.2010139125096
1.679926574867951e-08 73.80334049360764 1029.4284661202444
1.6806954495835807e-08 73.769577373437 1031.805368559461
1.6814643103522462e-08 73.73584574225443 1031.9601471954522
1.6822331571737078e-08 73.70214555605553 1033.5682299540188
1.683001990047725e-08 73.6684767709179 1033.1779346576593
1.6837708089740578e-08 73.63483934300092 1030.3160135582011
1.6845396139524654e-08 73.60123322854552 1034.5999316972159
1.6853084049827066e-08 73.56765838387406 1039.7129806783826
1.686077182064541e-08 73.53411476539006 1035.5042005228017
1.6868459451977274e-08 73.50060232957809 1046.5318769290125
1.6876146943820248e-08 73.46712103300351 1053.571881298816
1.688383429617191e-08 73.43367083231237 1076.0959595064878
1.6891521509029856e-08 73.4002516842311 1105.7622452916353
1.6899208582391662e-08 73.36686354556645 1151.5522841080876
1.6906895516254918e-08 73.3335063732052 1218.9612071680524
1.6914582310617194e-08 73.30018012411409 1287.4119543650795
1.692226896547608e-08 73.26688475533952 1358.865730898841
1.6929955480829147e-08 73.2336202240074 1432.706251771542
1.6937641856673976e-08 73.20038648732302 1490.2891648557572
1.6945328093008138e-08 73.1671835025708 1534.0804220993955
1.6953014189829203e-08 73.13401122711414 1581.7483249086672
1.6960700147134754e-08 73.10086961839522 1619.625500952696
1.6968385964922355e-08 73.06775863393486 1665.4480918524819
1.6976071643189574e-08 73.03467823133225 1750.5389129031244
1.6983757181933982e-08 73.00162836826489 1914.9533346324642
1.6991442581153148e-08 72.96860900248828 2210.93856292517
1.6999127840844627e-08 72.9356200918359 2694.2086571318346
1.700681296100599e-08 72.90266159421883 3349.7848560720586
1.7014497941634797e-08 72.86973346762574 4167.987213403881
1.702218278272861e-08 72.83683567012261 5068.178254519401
1.7029867484284988e-08 72.80396815985266 5967.550459419879
1.7037552046301487e-08 72.77113089503602 6822.902745299509
1.7045236468775658e-08 72.73832383396973 7561.334217135929
1.7052920751705065e-08 72.70554693502734 8136.642849269338
1.706060489508726e-08 72.67280015665898 8582.977031958617
1.706828889891979e-08 72.64008345739103 8897.801078475371
1.707597276320021e-08 72.60739679582598 9073.72797874937
1.7083656487926062e-08 72.57474013064225 9197.364998661502
1.70913400730949e-08 72.54211342059405 9305.618947231671
1.7099023518704267e-08 72.50951662451116 9357.805113654258
1.7106706824751714e-08 72.47694970129878 9387.646974009513
1.7114389991234773e-08 72.44441260993737 9422.33132952255
1.7122073018150992e-08 72.41190530948246 9430.35304862686
1.712975590549791e-08 72.3794277590645 9430.983786454397
1.713743865327307e-08 72.34697991788859 9435.771053791888
1.7145121261474003e-08 72.31456174523449 9455.375438948728
1.7152803730098247e-08 72.2821732004563 9431.998633944318
1.7160486059143337e-08 72.24981424298235 9447.315139597506
1.7168168248606806e-08 72.21748483231502 9459.372716679265
1.7175850298486185e-08 72.18518492803058 9465.469709585224
1.7183532208779007e-08 72.15291448977896 9473.750152549446
1.7191213979482794e-08 72.12067347728375 9505.06002574641
1.719889561059508e-08 72.0884618503418 9538.065274431532
1.7206577102113386e-08 72.05627956882323 9565.31541320232
1.7214258454035237e-08 72.02412659267121 9584.945977812422
1.722193966635816e-08 71.99200288190173 9609.34595163297
1.7229620739079674e-08 71.95990839660357 9632.812790336042
1.7237301672197294e-08 71.92784309693802 9663.552851985702
1.7244982465708542e-08 71.89580694313877 9686.205849237844
1.725266311961094e-08 71.86379989551165 9687.14382164903
1.7260343633901995e-08 71.83182191443468 9701.869882212144
1.7268024008579227e-08 71.79987296035765 9716.790733654574
1.7275704243640147e-08 71.76795299380215 9728.144314728206
1.7283384339082267e-08 71.7360619753613 9729.931072255291
1.729106429490309e-08 71.70419986569966 9716.533594340515
1.7298744111100136e-08 71.67236662555297 9713.660669997165
1.7306423787670902e-08 71.64056221572812 9696.81535316673
1.7314103324612898e-08 71.60878659710288 9691.964969726318
1.7321782721923628e-08 71.57703973062576 9679.99615181721
1.732946197960059e-08 71.54532157731595 9659.437210648148
1.7337141097641293e-08 71.51363209826296 9653.843202790376
1.734482007604323e-08 71.48197125462671 9673.328284438776
1.73524989148039e-08 71.45033900763715 9663.132573341838
1.73601776139208e-08 71.41873531859423 9661.490363795981
1.7367856173391427e-08 71.38716014886771 9654.20665922619
1.7375534593213274e-08 71.35561345989696 9654.208051855001
1.738321287338383e-08 71.32409521319092 9660.474010495402
1.7390891013900593e-08 71.29260537032776 9650.520415052595
1.7398569014761045e-08 71.26114389295496 9665.39524085097
1.740624687596268e-08 71.2297107427889 9680.140812980286
1.7413924597502975e-08 71.1983058816149 9660.903176374717
1.7421602179379427e-08 71.16692927128696 9638.394594238158
1.7429279621589513e-08 71.13558087372766 9633.022565507685
1.7436956924130715e-08 71.10426065092801 9614.16013164525
1.7444634087000512e-08 71.07296856494723 9597.166664698287
1.7452311110196392e-08 71.04170457791263 9596.530316987906
1.7459987993715818e-08 71.01046865201953 9582.587277966742
1.746766473755628e-08 70.97926074953095 9574.560318050831
1.7475341341715248e-08 70.94808083277765 9572.866935547368
1.7483017806190194e-08 70.91692886415781 9575.878296052219
1.749069413097859e-08 70.885804806137 9595.707288123584
1.7498370316077906e-08 70.85470862124795 9591.677807697153
1.750604636148561e-08 70.82364027209043 9581.444308626229
1.7513722267199178e-08 70.79259972133107 9571.882617630386
1.7521398033216066e-08 70.76158693170333 9582.460893211452
1.7529073659533742e-08 70.73060186600716 9612.14209439563
1.753674914614967e-08 70.69964448710901 9568.80611851222
1.7544424493061314e-08 70.66871475794161 9591.951299327602
1.7552099700266125e-08 70.63781264150384 9562.010818216177
1.7559774767761573e-08 70.60693810086056 9545.149464010141
1.756744969554511e-08 70.57609109914247 9547.22619834971
1.757512448361419e-08 70.54527159954604 9539.227706128748
1.7582799131966272e-08 70.51447956533322 9538.159658249875
1.7590473640598805e-08 70.48371495983143 9521.956540139205
1.7598148009509246e-08 70.4529777464333 9517.394795012913
1.7605822238695034e-08 70.42226788859666 9508.529034588373
1.7613496328153633e-08 70.39158534984423 9473.589572113568
1.7621170277882473e-08 70.36093009376364 9452.272278124214
1.7628844087879015e-08 70.33030208400714 9433.07532301115
1.7636517758140693e-08 70.29970128429157 9416.80792253244
1.7644191288664954e-08 70.26912765839816 9390.844228316328
1.765186467944924e-08 70.23858117017238 9363.485075743261
1.765953793049099e-08 70.20806178352386 9345.932406816893
1.766721104178764e-08 70.17756946242615 9330.63816846183
1.767488401333663e-08 70.14710417091668 9324.966045445957
1.768255684513539e-08 70.11666587309655 9339.82070027085
1.7690229537181362e-08 70.08625453313039 9345.550501740048
1.7697902089471974e-08 70.05587011524628 9348.27840569098
1.7705574502004657e-08 70.02551258373555 9340.94782415281
1.7713246774776845e-08 69.99518190295264 9353.314899455154
1.7720918907785956e-08 69.96487803731503 9337.08914989607
1.7728590901029426e-08 69.93460095130301 9320.150959978899
1.7736262754504678e-08 69.90435060945958 9339.773518203578
1.7743934468209134e-08 69.87412697639036 9349.09909218317
1.7751606042140216e-08 69.84393001676334 9346.165300610986
1.7759277476295344e-08 69.81375969530886 9362.12639656557
1.7766948770671944e-08 69.78361597681939 9353.739892368985
1.7774619925267428e-08 69.75349882614947 9338.922725340137
1.778229094007922e-08 69.72340820821543 9315.906591513922
1.778996181510472e-08 69.69334408799551 9307.464470742001
1.779763255034135e-08 69.66330643052942 9297.68008708113
1.7805303145786523e-08 69.63329520091843 9294.136668556312
1.781297360143765e-08 69.60331036432508 9278.088949121317
1.782064391729214e-08 69.57335188597322 9291.37256117725
1.78283140933474e-08 69.54341973114772 9301.457314696712
1.7835984129600835e-08 69.51351386519437 9299.281403533636
1.784365402604985e-08 69.48363425351984 9302.393244913706
1.7851323782691847e-08 69.4537808615914 9322.200535596183
1.7858993399524235e-08 69.4239536549369 9337.051243819287
1.7866662876544404e-08 69.3941525991446 9327.906145675863
1.787433221374976e-08 69.36437765986307 9342.212872417485
1.7882001411137694e-08 69.33462880280092 9346.272075381079
1.7889670468705613e-08 69.30490599372688 9340.054991614701
1.78973393864509e-08 69.27520919846953 9332.36823172556
1.790500816437096e-08 69.24553838291716 9334.34807256236
1.791267680246317e-08 69.21589351301776 9324.208917942178
1.7920345300724928e-08 69.18627455477876 9322.678768266567
1.7928013659153622e-08 69.15668147426696 9303.531760794596
1.7935681877746643e-08 69.12711423760837 9273.806910785148
1.7943349956501367e-08 69.09757281098815 9299.788566468254
1.7951017895415187e-08 69.0680571606504 9312.883612646448
1.7958685694485484e-08 69.03856725289806 9301.572986544155
1.7966353353709637e-08 69.00910305409282 9292.559386022927
1.7974020873085026e-08 68.97966453065492 9262.731461797683
1.7981688252609033e-08 68.95025164906309 9227.585550713342
1.798935549227903e-08 68.92086437585439 9197.107190098262
1.7997022592092398e-08 68.89150267762408 9140.311756936571
1.8004689552046505e-08 68.8621665210255 9086.829446767133
1.8012356372138728e-08 68.83285587276994 9103.073753228144
1.8020023052366435e-08 68.80357069962656 9077.883312468506
1.8027689592726996e-08 68.77431096842217 9065.886947082074
1.803535599321778e-08 68.74507664604117 9049.936514825838
1.8043022253836155e-08 68.71586769942544 9035.731681272046
1.8050688374579486e-08 68.68668409557417 9036.249886818154
1.8058354355445136e-08 68.65752580154376 9002.6704420194
1.8066020196430465e-08 68.62839278444767 9000.98579420194
1.8073685897532836e-08 68.59928501145636 8976.619991457232
1.8081351458749604e-08 68.5702024497971 8975.389335711137
1.8089016880078137e-08 68.54114506675383 8975.47446322279
1.8096682161515784e-08 68.51211282966716 8957.9030307146
1.8104347303059898e-08 68.48310570593412 8946.889674272486
1.8112012304707835e-08 68.45412366300809 8943.516884763165
1.8119677166456952e-08 68.42516666839866 8945.374046319917
1.812734188830459e-08 68.39623468967153 8937.027692153251
1.8135006470248107e-08 68.3673276944484 8933.160868803541
1.8142670912284848e-08 68.3384456504068 8941.55791859568
1.815033521441215e-08 68.30958852528003 8940.746365386432
1.815799937662737e-08 68.28075628685698 8927.868205152432
1.8165663398927845e-08 68.25194890298204 8928.033923059966
1.8173327281310923e-08 68.22316634155499 8937.23653726537
1.8180991023773935e-08 68.1944085705309 8922.479829026519
1.8188654626314227e-08 68.1656755579199 8912.510068263417
1.819631808892913e-08 68.13696727178724 8880.232637904699
1.8203981411615984e-08 68.10828368025302 8867.289653998174
1.8211644594372125e-08 68.07962475149213 8840.10015609253
1.821930763719488e-08 68.05099045373414 8820.566903265937
1.8226970540081586e-08 68.02238075526317 8808.75606753118
1.823463330302957e-08 67.99379562441776 8767.566649344924
1.824229592603616e-08 67.9652350295908 8715.822507243638
1.8249958409098687e-08 67.93669893922934 8687.264001086547
1.8257620752214473e-08 67.90818732183456 8653.999467553225
1.826528295538084e-08 67.87970014596158 8619.198721734065
1.827294501859512e-08 67.85123738021936 8587.154642817775
1.8280606941854623e-08 67.82279899327067 8591.40701274723
1.8288268725156673e-08 67.79438495383181 8579.282038336169
1.8295930368498588e-08 67.76599523067266 8585.495652832893
1.8303591871877686e-08 67.73762979261646 8579.157922138764
1.8311253235291283e-08 67.70928860853974 8568.924851190477
1.8318914458736685e-08 67.6809716473722 8583.353819247606
1.8326575542211217e-08 67.6526788780966 8589.81679303666
1.8334236485712177e-08 67.62441026974862 8591.583040044721
1.8341897289236886e-08 67.59616579141677 8604.603607646763
1.8349557952782645e-08 67.56794541224231 8586.477520116843
1.8357218476346762e-08 67.53974910141905 8534.037983827791
1.8364878859926536e-08 67.51157682819336 8631.873676264488
1.837253910351928e-08 67.4834285618639 8671.608545327854
1.8380199207122294e-08 67.45530427178166 8631.80012282691
1.838785917073287e-08 67.4272039273498 8619.037014400668
1.8395518994348322e-08 67.39912749802343 8587.24722064752
1.8403178677965935e-08 67.37107495330973 8541.907576688083
1.8410838221583008e-08 67.3430462627676 8522.986588443247
1.8418497625196838e-08 67.31504139600769 8503.018382700302
1.842615688880472e-08 67.28706032269224 8470.689001873898
1.843381601240394e-08 67.25910301253504 8470.681310429265
1.844147499599179e-08 67.2311694353012 8468.785022400165
1.844913383956556e-08 67.20325956080713 8491.198438287352
1.8456792543122536e-08 67.17537335892041 8527.919122220648
1.8464451106660004e-08 67.14751079955968 8553.8050703499
1.847210953017525e-08 67.11967185269455 8572.548909320672
1.847976781366555e-08 67.09185648834546 8582.262121283698
1.8487425957128197e-08 67.06406467658351 8584.799225245655
1.8495083960560463e-08 67.0362963875306 8587.252879739859
1.850274182395963e-08 67.00855159135898 8573.320115662005
1.851039954732297e-08 66.98083025829142 8574.106355505166
1.8518057130647764e-08 66.95313235860098 8558.655576814059
1.8525714573931282e-08 66.92545786261088 8532.436637849585
1.85333718771708e-08 66.89780674069449 8518.305303602923
1.854102904036358e-08 66.87017896327515 8505.572877299068
1.8548686063506906e-08 66.84257450082606 8520.791032848325
1.8556342946598035e-08 66.81499332387024 8509.773990614765
1.8563999689634237e-08 66.78743540298038 8540.15489181784
1.8571656292612778e-08 66.75990070877872 8590.211128432855
1.857931275553092e-08 66.73238921193696 8636.034895439658
1.8586969078385927e-08 66.70490088317621 8694.64453026581
1.8594625261175057e-08 66.6774356932668 8738.993862591333
1.8602281303895573e-08 66.64999361302823 8765.350253527336
1.8609937206544725e-08 66.62257461332905 8790.614173910306
1.861759296911978e-08 66.59517866508673 8805.871362433863
1.8625248591617986e-08 66.56780573926764 8794.750921201814
1.8632904074036597e-08 66.54045580688687 8766.788942428824
1.8640559416372865e-08 66.51312883900812 8738.588159800958
1.8648214618624043e-08 66.48582480674368 8714.810523746537
1.8655869680787375e-08 66.45854368125424 8694.923941798943
1.8663524602860114e-08 66.43128543374885 8669.738677878559
1.86711793848395e-08 66.4040500354848 8656.97483623079
1.8678834026722782e-08 66.37683745776746 8676.950467687075
1.86864885285072e-08 66.34964767195034 8709.606993260268
1.8694142890189995e-08 66.32248064943477 8727.557712899976
1.8701797111768415e-08 66.29533636166994 8735.047398589066
1.8709451193239685e-08 66.26821478015285 8728.155352418746
1.871710513460105e-08 66.24111587642804 8715.416312358277
1.8724758935849748e-08 66.21403962208761 8702.485355253213
1.873241259698301e-08 66.18698598877114 8699.078561980348
1.8740066117998064e-08 66.15995494816548 8665.643187830688
1.874771949889215e-08 66.13294647200476 8635.85829239103
1.875537273966249e-08 66.10596053207023 8631.439358150668
1.8763025840306313e-08 66.07899710019018 8617.909147455279
1.877067880082085e-08 66.05205614823986 8615.804280045351
1.8778331621203323e-08 66.02513764814132 8604.718088624339
1.878598430145096e-08 65.99824157186342 8617.79336734694
1.8793636841560978e-08 65.97136789142162 8603.758739606954
1.8801289241530598e-08 65.94451657887797 8527.850647203326
1.8808941501357042e-08 65.91768760634092 8456.740008503402
1.8816593621037524e-08 65.89088094596534 8369.45952223482
1.8824245600569265e-08 65.86409656995234 8265.27592750063
1.8831897439949478e-08 65.83733445054916 8234.865047871
1.8839549139175375e-08 65.8105945600492 8261.16047808012
1.884720069824417e-08 65.78387687079173 8299.717970521542
1.885485211715307e-08 65.75718135516199 8370.824081947594
1.8862503395899287e-08 65.73050798559095 8480.582246787604
1.8870154534480025e-08 65.70385673455529 8583.482930209122
1.8877805532892497e-08 65.67722757457726 8649.902092781558
1.8885456391133898e-08 65.6506204782247 8713.259755291007
1.8893107109201433e-08 65.62403541811072 8741.832561728395
1.8900757687092315e-08 65.59747236689384 8737.634361615017
1.8908408124803728e-08 65.5709312972778 8741.873110355255
1.8916058422332878e-08 65.5444121820114 8754.91866654069
1.8923708579676964e-08 65.51791499388852 8743.04158005795
1.8931358596833176e-08 65.49143970574802 8734.519321617536
1.8939008473798713e-08 65.4649862904735 8705.625984189974
1.8946658210570764e-08 65.43855472099342 8716.713356638953
1.895430780714652e-08 65.41214497028085 8717.124196900982
1.8961957263523177e-08 65.38575701135342 8707.80860260771
1.8969606579697915e-08 65.35939081727327 8694.653289556563
1.8977255755667924e-08 65.3330463611469 8693.323058390024
1.8984904791430386e-08 65.30672361612515 8700.416745401864
1.8992553686982492e-08 65.280422555403 8712.579994960948
1.9000202442321415e-08 65.25414315221961 8690.405998047368
1.9007851057444348e-08 65.2278853798581 8684.161548878812
1.9015499532348457e-08 65.20164921164556 8673.86652809272
1.9023147867030927e-08 65.17543462095293 8648.138660556815
1.903079606148893e-08 65.14924158119489 8648.373094608214
1.9038444115719647e-08 65.12307006582974 8639.896620685311
1.904609202972024e-08 65.09692004835944 8610.150305492567
1.9053739803487896e-08 65.07079150232933 8584.681712962964
1.9061387437019776e-08 65.04468440132824 8601.17972883598
1.9069034930313042e-08 65.01859871898829 8620.10511148904
1.9076682283364877e-08 64.99253442898471 8609.783281368103
1.908432949617244e-08 64.96649150503598 8613.849285084405
1.9091976568732893e-08 64.94046992090358 8614.02490394306
1.90996235010434e-08 64.91446965039194 8622.861748866213
1.910727029310112e-08 64.88849066734835 8616.933460884355
1.911491694490322e-08 64.86253294566286 8633.477615583271
1.9122563456446853e-08 64.83659645926825 8597.878834404133
1.9130209827729173e-08 64.81068118213987 8566.460104875285
1.913785605874734e-08 64.7847870882956 8542.272848954397
1.914550214949851e-08 64.75891415179571 8510.13251133787
1.915314809997983e-08 64.73306234674288 8483.981087805492
1.9160793910188454e-08 64.70723164728199 8479.540383282943
1.916843958012153e-08 64.68142202760009 8453.602135298564
1.917608510977621e-08 64.65563346192634 8440.785698538675
1.9183730499149632e-08 64.62986592453191 8407.411659108087
1.919137574823895e-08 64.60411938972982 8384.013211766189
1.9199020857041305e-08 64.57839383187493 8332.52271510456
1.920666582555383e-08 64.55268922536393 8305.788572373394
1.9214310653773677e-08 64.52700554463505 8259.667028848577
1.9221955341697985e-08 64.50134276416814 8249.540304547745
1.922959988932388e-08 64.47570085848456 8235.592836671705
1.923724429664851e-08 64.45007980214703 8219.65592718569
1.9244888563669005e-08 64.42447956975963 8215.523116654069
1.92525326903825e-08 64.39890013596761 8221.57568814563
1.926017667678612e-08 64.37334147545747 8230.475796800201
1.9267820522877005e-08 64.34780356295666 8213.999315003779
1.927546422865227e-08 64.32228637323374 8211.862677941548
1.9283107794109057e-08 64.29678988109806 8182.664162887378
1.9290751219244487e-08 64.27131406139985 8148.651581002772
1.9298394504055673e-08 64.24585888903007 8127.502362055934
1.9306037648539755e-08 64.22042433892031 8094.361851221971
1.931368065269384e-08 64.19501038604277 8071.175949546486
1.9321323516515058e-08 64.16961700541007 8079.402281746032
1.932896624000052e-08 64.14424417207535 8091.382235764677
1.9336608823147343e-08 64.11889186113194 8095.025313366088
1.934425126595265e-08 64.09356004771351 8105.002322688335
1.9351893568413545e-08 64.06824870699388 8099.093206727136
1.9359535730527142e-08 64.04295781418693 8060.3982426303855
1.9367177752290553e-08 64.01768734454654 7999.724072499371
1.9374819633700892e-08 63.99243727336652 7921.219017699673
1.938246137475526e-08 63.96720757598051 7845.281399596876
1.9390102975450768e-08 63.94199822776193 7777.174784265559
1.9397744435784516e-08 63.91680920412387 7701.737567712271
1.9405385755753607e-08 63.89164048051902 7662.172540312422
1.9413026935355152e-08 63.86649203243956 7633.095572719829
1.9420667974586238e-08 63.84136383541718 7603.6916178508445
1.9428308873443973e-08 63.816255865022846 7580.839573097758
1.943594963192545e-08 63.79116809686688 7580.769833396322
1.9443590250027768e-08 63.76610050659876 7576.856300390527
1.9451230727748018e-08 63.74105306990712 7540.990252582515
1.9458871065083293e-08 63.71602576251961 7506.46201420383
1.9466511262030686e-08 63.691018560202856 7460.180638227514
1.9474151318587287e-08 63.666031438762396 7418.795410525322
1.9481791234750177e-08 63.64106437404258 7364.796823822122
1.948943101051646e-08 63.616117341926405 7372.14386101663
1.94970706458832e-08 63.59119031833567 7390.952184114387
1.9504710140847496e-08 63.56628327923064 7430.791643046107
1.951234949540642e-08 63.54139620061012 7505.946987591334
1.9519988709557063e-08 63.51652905851134 7581.763196019148
1.9527627783296495e-08 63.49168182900987 7647.927768329554
1.9535266716621804e-08 63.466854488219546 7699.6865945452255
1.9542905509530057e-08 63.44204701229242 7732.1172682035785
1.955054416201833e-08 63.41725937741865 7727.752385676493
1.95581826740837e-08 63.392491559826425 7728.369039745528
1.9565821045723233e-08 63.367743535781926 7699.735961514236
1.9573459276934004e-08 63.343015281589196 7633.113425925926
1.9581097367713086e-08 63.31830677359008 7577.578439940791
1.9588735318057536e-08 63.29361798816423 7499.359351379441
1.9596373127964426e-08 63.26894890172889 7454.615043934241
1.960401079743082e-08 63.24429949073892 7439.586030013857
1.9611648326453784e-08 63.2196697316867 7399.200345647519
1.9619285715030373e-08 63.195059601102045 7375.311574861426
1.9626922963157646e-08 63.17046907555215 7342.06996803351
1.9634560070832666e-08 63.14589813164146 7330.021750598388
1.9642197038052487e-08 63.12134674601167 7333.918749212648
1.964983386481417e-08 63.09681489534159 7356.455046138826
1.965747055111476e-08 63.072302556347154 7375.002421107332
1.9665107096951317e-08 63.04780970578122 7409.5293406714545
1.9672743502320886e-08 63.02333632043362 7446.803567491812
1.9680379767220517e-08 62.99888237713102 7488.858516786345
1.968801589164726e-08 62.97444785273683 7537.2407643613005
1.969565187559816e-08 62.95003272415122 7572.815098261527
1.970328771907027e-08 62.925636968310904 7569.417753212397
1.9710923422060615e-08 62.901260562189286 7526.87076798312
1.9718558984566253e-08 62.87690348279611 7521.3769998740245
1.9726194406584222e-08 62.85256570717762 7488.164190444697
1.9733829688111552e-08 62.828247212416386 7446.119968820862
1.9741464829145286e-08 62.80394797563124 7417.835156053163
1.9749099829682465e-08 62.779667973977176 7379.188122008063
1.9756734689720113e-08 62.75540718464539 7350.2860646573445
1.9764369409255267e-08 62.731165584863064 7340.565692712271
1.9772003988284963e-08 62.706943151893384 7312.570822310406
1.9779638426806223e-08 62.68273986303546 7288.677799823634
1.9787272724816083e-08 62.65855569562421 7262.802874622072
1.979490688231156e-08 62.63439062703038 7194.932405832704
1.980254089928969e-08 62.61024463466035 7093.425748771731
1.981017477574749e-08 62.58611769595616 6985.6437192932735
1.9817808511681987e-08 62.562009788395414 6887.964439247922
1.9825442107090193e-08 62.53792088949121 6779.0250023620565
1.9833075561969138e-08 62.51385097679202 6660.708734882843
1.984070887631583e-08 62.489800027881735 6580.184496252205
1.9848342050127294e-08 62.46576802037946 6530.392672115143
1.9855975083400543e-08 62.441754931939535 6515.922067901235
1.9863607976132583e-08 62.417760740251474 6541.243661816578
1.9871240728320433e-08 62.39378542303981 6608.568161060721
1.98788733399611e-08 62.36982895806411 6671.475261400857
1.9886505811051592e-08 62.34589132311887 6709.6474041005295
1.9894138141588923e-08 62.321972496033425 6730.610059996221
1.990177033157009e-08 62.29807245467197 6734.980453987151
1.9909402380992103e-08 62.27419117693336 6710.957105064248
1.9917034289851958e-08 62.250328640751164 6691.704321775007
1.9924666058146662e-08 62.22648482409351 6681.3960734756865
1.9932297685873218e-08 62.202659704963054 6684.669902683296
1.9939929173028617e-08 62.17885326139694 6739.201251102293
1.9947560519609857e-08 62.15506547146667 6785.907816830436
1.9955191725613934e-08 62.131296313278085 6856.173863063745
1.9962822791037843e-08 62.10754576497127 6926.64314452633
1.9970453715878576e-08 62.08381380472051 6965.447845804989
1.9978084500133124e-08 62.06010041073421 6961.573503243891
1.9985715143798474e-08 62.036405561254824 6912.306035840263
1.999334564687161e-08 62.01272923455882 6834.3439389644755
2.000097600934953e-08 61.98907140895653 6748.267943751575
2.000860623122921e-08 61.96543206279221 6638.956069696397
2.0016236312507632e-08 61.94181117444387 6510.054012345679
2.0023866253181776e-08 61.91820872232327 6415.500244079113
2.0031496053248632e-08 61.89462468487577 6355.0091726505425
2.0039125712705174e-08 61.87105904058039 6349.099584278156
2.0046755231548373e-08 61.84751176794966 6355.476761306375
2.0054384609775212e-08 61.82398284552954 6380.036966175359
2.006201384738266e-08 61.800472251899436 6395.0000196838
2.0069642944367696e-08 61.77697996567204 6394.648565444697
2.0077271900727288e-08 61.75350596549334 6368.186059145881
2.00849007164584e-08 61.730050230042536 6331.685307224742
2.009252939155801e-08 61.70661273803193 6292.31607457798
2.0100157926023073e-08 61.683193468206944 6272.279659549005
2.0107786319850565e-08 61.65979239934595 6252.083175862938
2.0115414573037444e-08 61.63640951026033 6252.284363977073
2.012304268558067e-08 61.61304477979432 6283.926977040816
2.0130670657477205e-08 61.58969818682497 6293.1877913202325
2.0138298488724015e-08 61.56636971026206 6245.092887849584
2.014592617931805e-08 61.54305932904812 6175.476269211388
2.0153553729256265e-08 61.51976702215827 6074.925949546486
2.016118113853562e-08 61.4964927686002 5964.632129472159
2.016880840715306e-08 61.47323654741411 5858.497260015118
2.017643553510554e-08 61.449998337672625 5750.286281179138
2.0184062522390018e-08 61.42677811848074 5643.46379755606
2.0191689369003435e-08 61.40357586897579 5535.689976221971
2.0199316074942735e-08 61.38039156832736 5455.132905013857
2.0206942640204867e-08 61.35722519573719 5385.261971686823
2.0214569064786775e-08 61.334076730439186 5338.09021872638
2.0222195348685404e-08 61.31094615169928 5307.840785619804
2.0229821491897687e-08 61.28783343881544 5308.061618165785
2.0237447494420574e-08 61.264738571117554 5364.973781179138
2.024507335625099e-08 61.241661527967416 5451.8418721655335
2.0252699077385882e-08 61.21860228875859 5565.303780076846
2.0260324657822183e-08 61.19556083291644 5664.19995197153
2.0267950097556822e-08 61.17253713989802 5778.84556484631
2.027557539658673e-08 61.149531189192004 5861.542028848577
2.0283200554908844e-08 61.126542960318645 5918.588533793147
2.029082557252009e-08 61.103572432829694 5949.138007054674
2.029845044941739e-08 61.0806195863084 5968.097600151172
2.0306075185597678e-08 61.05768440036935 5978.936563051147
2.031369978105787e-08 61.03476685465849 6002.003436791383
2.0321324235794896e-08 61.01186692885304 6015.943956286219
2.032894854980567e-08 60.988984602661425 6041.835986709499
2.033657272308712e-08 60.96611985582321 6056.139062106325
2.034419675563616e-08 60.94327266810907 6082.703215545478
2.0351820647449702e-08 60.920443019320714 6052.914343978332
2.0359444398524667e-08 60.8976308892908 6008.163895187705
2.0367068008857964e-08 60.87483625788293 5958.566566672966
2.0374691478446514e-08 60.852059104991525 5891.716210789872
2.0382314807287218e-08 60.82929941054183 5837.947176555808
2.038993799537699e-08 60.806557154489816 5801.899840954901
2.0397561042712732e-08 60.783832316822135 5804.495346749812
2.0405183949291356e-08 60.76112487755605 5818.456101190476
2.0412806715109766e-08 60.73843481673938 5844.875185027715
2.042042934016486e-08 60.71576211445047 5867.814094387755
2.0428051824453546e-08 60.69310675079807 5917.603910777274
2.0435674167972722e-08 60.67046870592135 5984.16087962963
2.044329637071928e-08 60.64784795998981 5999.625771604939
2.0450918432690124e-08 60.62524449320318 5949.799481135047
2.045854035388215e-08 60.60265828579143 5887.06819649156
2.0466162134292248e-08 60.580089318014686 5835.636613441673
2.047378377391731e-08 60.557537570163156 5788.201569979844
2.0481405272754227e-08 60.53500302255711 5750.437826751071
2.0489026630799892e-08 60.512485655546776 5716.303480883094
2.049664784805119e-08 60.48998544951231 5680.648384353742
2.0504268924505008e-08 60.46750238486376 5623.627586451247
2.051188986015823e-08 60.44503644204095 5527.600328325775
2.0519510655007736e-08 60.42258760151349 5459.556169690099
2.0527131309050418e-08 60.40015584378065 5403.686854371378
2.0534751822283146e-08 60.377741149371396 5369.585459183674
2.05423721947028e-08 60.35534349884424 5368.027781714538
2.0549992426306265e-08 60.33296287278721 5385.820440444697
2.055761251709041e-08 60.31059925181786 5428.520762471656
2.0565232467052105e-08 60.28825261658313 5453.135432413706
2.057285227618823e-08 60.2659229477593 5468.3968923217435
2.0580471944495653e-08 60.24361022605199 5447.671918304359
2.0588091471971243e-08 60.22131443219606 5389.114937641723
2.059571085861187e-08 60.19903554695555 5308.789643172084
2.0603330104414402e-08 60.17677355112366 5199.205404383976
2.06109492093757e-08 60.15452842552266 5112.853481670446
2.061856817349263e-08 60.13230015100387 5058.060299351222
2.062618699676205e-08 60.11008870844756 5052.305248488285
2.0633805679180824e-08 60.08789407876293 5108.003511589822
2.064142422074581e-08 60.065716242888044 5173.396715167549
2.0649042621453868e-08 60.04355518178978 5265.740937578736
2.065666088130185e-08 60.02141087646376 5360.789910871757
2.066427900028661e-08 59.999283307934334 5457.727505353993
2.0671896978405003e-08 59.97717245725447 5522.705715388008
2.067951481565388e-08 59.95507830550573 5549.466549351222
2.068713251203009e-08 59.93300083379825 5555.949152809272
2.069475006753049e-08 59.9109400232706 5522.867476851852
2.070236748215191e-08 59.88889585508985 5504.60831207483
2.0709984755891206e-08 59.86686831045138 5502.669989292013
2.0717601888745216e-08 59.84485737057894 5521.713396006551
2.0725218880710787e-08 59.82286301672453 5532.91763117284
2.073283573178476e-08 59.800885230168376 5551.162525195264
2.074045244196397e-08 59.77892399221887 5569.680551618796
2.0748069011245256e-08 59.75697928421251 5568.01705404384
2.0755685439625455e-08 59.735051087513874 5577.807146006551
2.0763301727101405e-08 59.713139383515504 5544.256720049131
2.077091787366993e-08 59.69124415363795 5506.587833049887
2.077853387932787e-08 59.66936537932964 5462.771085285966
2.0786149744072045e-08 59.64750304206685 5449.4140723419005
2.0793765467899295e-08 59.62565712335363 5454.942503621819
2.080138105080644e-08 59.60382760472182 5470.876657375914
2.0808996492790305e-08 59.58201446773094 5493.305461073319
2.081661179384772e-08 59.56021769396811 5518.582294028723
2.0824226953975503e-08 59.53843726504811 5539.299099269338
2.0831841973170476e-08 59.516673162613195 5529.422713529857
2.083945685142945e-08 59.49492536833316 5474.535600119678
2.0847071588749256e-08 59.47319386390519 5405.365567523306
2.0854686185126703e-08 59.45147863105386 5301.906690917108
2.0862300640558603e-08 59.42977965153113 5213.017506771227
2.0869914955041774e-08 59.40809690711615 5149.98720553036
2.087752912857303e-08 59.38643037961538 5112.276529824893
2.088514316114917e-08 59.36478005086244 5108.48830388637
2.089275705276702e-08 59.343145902718035 5117.490020313681
2.0900370803423367e-08 59.321527917070014 5144.341340702948
2.090798441311503e-08 59.29992607583321 5183.956719261779
2.0915597881838812e-08 59.27834036094944 5223.121141975309
2.0923211209591513e-08 59.25677075438747 5245.363874716553
2.093082439636993e-08 59.23521723814292 5277.086030013857
2.0938437442170864e-08 59.213679794238246 5311.048536312674
2.094605034699112e-08 59.192158404722655 5321.345623897708
2.0953663110827487e-08 59.17065305167214 5343.056382275133
2.0961275733676758e-08 59.149163717189325 5353.014337679517
2.0968888215535734e-08 59.12769038340346 5378.558693153188
2.0976500556401202e-08 59.1062330324704 5393.647565507685
2.0984112756269956e-08 59.08479164657249 5402.928024218947
2.0991724815138777e-08 59.06336620791862 5407.480650825145
2.099933673300446e-08 59.04195669874403 5433.186531557068
2.1006948509863787e-08 59.020563101310415 5441.094163359789
2.1014560145713538e-08 58.999185397905755 5458.3396715167555
2.1022171640550504e-08 58.977823570844315 5472.727839978585
2.102978299437146e-08 58.95647760246662 5477.914383345931
2.103739420717319e-08 58.93514747513936 5462.995086923659
2.104500527895247e-08 58.91383317125537 5457.240016376922
2.105261620970607e-08 58.89253467323359 5443.705022518267
2.106022699943077e-08 58.871251963518986 5412.482461734694
2.1067837648123348e-08 58.849985024582494 5366.774474836231
2.1075448155780575e-08 58.828733838921025 5312.44283824641
2.1083058522399212e-08 58.80749838905739 5243.285757590073
2.1090668747976034e-08 58.78627865754024 5160.407434964727
2.109827883250781e-08 58.765074626944006 5111.645723104057
2.1105888775991303e-08 58.743886279868896 5084.6608284517515
2.1113498578423274e-08 58.722713598940835 5077.023711104813
2.1121108239800492e-08 58.70155656681137 5091.12038218065
2.1128717760119716e-08 58.680415166157694 5099.505759479718
2.1136327139377703e-08 58.65928937968254 5120.5707317649285
2.1143936377571213e-08 58.63817919011417 5105.5184909612
2.1151545474697004e-08 58.61708458020632 5084.2766400541705
2.1159154430751823e-08 58.59600553273813 5058.4023053665915
2.1166763245732435e-08 58.57494203051412 5041.316905234316
2.1174371919635583e-08 58.55389405636417 5032.112012629126
2.1181980452458025e-08 58.53286159314339 5027.199605536659
2.1189588844196503e-08 58.51184462373217 5043.062799193752
2.1197197094847763e-08 58.49084313103609 5063.320971907282
2.1204805204408556e-08 58.46985709798582 5102.866098985891
2.121241317287563e-08 58.44888650753718 5135.076884920635
2.1220021000245716e-08 58.42793134267104 5163.302075459814
2.1227628686515562e-08 58.40699158639325 5175.187606292518
2.1235236231681908e-08 58.38606722173462 5174.221308893928
2.124284363574149e-08 58.36515823175089 5188.62963356639
2.1250450898691048e-08 58.34426459952265 5199.920182193248
2.1258058020527307e-08 58.32338630815535 5209.243413800706
2.1265665001247017e-08 58.302523340779146 5214.851485733182
2.1273271840846892e-08 58.28167568054901 5209.197983591585
2.128087853932367e-08 58.26084331064454 5218.073369394054
2.1288485096674088e-08 58.24002621426997 5238.031600371631
2.129609151289486e-08 58.219224374654175 5246.683771888385
2.130369778798272e-08 58.19843777505055 5268.468285462333
2.131130392193439e-08 58.177666398737 5297.280820893172
2.131890991474659e-08 58.1569102290159 5296.948479623331
2.132651576641604e-08 58.13616924921403 5291.624799225246
2.133412147693947e-08 58.115443442682526 5290.694838120434
2.1341727046313587e-08 58.0947327927969 5270.232544406652
2.1349332474535112e-08 58.07403728295689 5226.490673815823
2.1356937761600758e-08 58.053356896586514 5172.517971308895
2.136454290750724e-08 58.03269161713396 5128.953707640464
2.137214791225127e-08 58.01204142807159 5096.66942239859
2.1379752775829558e-08 57.991406312895826 5085.80575633031
2.138735749823881e-08 57.97078625512721 5076.428906053162
2.139496207947574e-08 57.95018123831026 5087.412013416478
2.140256651953705e-08 57.929591246013466 5105.261302437642
2.141017081841944e-08 57.9090162618293 5122.8629298941805
2.1417774976119615e-08 57.88845626937406 5138.031108276644
2.142537899263428e-08 57.86791125228791 5169.959372637944
2.143298286796013e-08 57.84738119423485 5194.889672304107
2.1440586602093866e-08 57.826866078902555 5205.5116803665915
2.144819019503218e-08 57.8063658900025 5205.50038186571
2.1455793646771774e-08 57.78588061126978 5208.416339915596
2.1463396957309334e-08 57.76541022646314 5195.879590262031
2.1471000126641554e-08 57.74495471936489 5177.92009164777
2.147860315476513e-08 57.72451407378089 5172.610544217688
2.1486206041676748e-08 57.704088273540506 5153.051441641472
2.1493808787373087e-08 57.68367730249658 5123.930697278912
2.1501411391850842e-08 57.663281144525314 5101.810850497607
2.1509013855106695e-08 57.642899783526325 5101.738197593852
2.1516616177137327e-08 57.62253320342255 5084.1031076782565
2.1524218357939413e-08 57.60218138816023 5072.062468505921
2.1531820397509647e-08 57.58184432170879 5063.1192129629635
2.1539422295844697e-08 57.56152198806093 5066.452939972285
2.154702405294124e-08 57.541214371232485 5072.246177406148
2.155462566879595e-08 57.52092145526239 5084.001913265306
2.1562227143405508e-08 57.500643224212666 5098.437755889393
2.1569828476766575e-08 57.48037966216841 5092.608910462333
2.1577429668875826e-08 57.46013075323766 5078.354139109348
2.158503071972993e-08 57.43989648155141 5052.012511022928
2.1592631629325556e-08 57.41967683126361 5017.1827365205345
2.160023239765937e-08 57.399471786551025 5013.6671115205345
2.1607833024728022e-08 57.37928133161332 5008.72124196901
2.1615433510528196e-08 57.35910545067285 4992.371405738221
2.162303385505654e-08 57.33894412797479 4983.271211262283
2.1630634058309714e-08 57.31879734778702 4967.462128369867
2.1638234120284386e-08 57.298665094400015 4960.519731040565
2.1645834040977195e-08 57.27854735212698 4965.319054705215
2.165343382038481e-08 57.25844410530361 4964.476686507936
2.1661033458503873e-08 57.238355338288194 4945.403695042833
2.1668632955331045e-08 57.2182810354615 4923.325361394558
2.1676232310862974e-08 57.19822118122676 4887.274226820358
2.1683831525096304e-08 57.178175760009644 4790.013168461829
2.1691430598027688e-08 57.158144756258174 4648.098092246158
2.1699029529653766e-08 57.13812815444275 4470.952892731167
2.1706628319971183e-08 57.118125939056036 4272.383097915093
2.1714226968976586e-08 57.09813809461297 4100.611339443185
2.172182547666661e-08 57.07816460565073 3995.6057295603428
2.1729423843037898e-08 57.058205456728636 3945.141664304611
2.1737022068087084e-08 57.03826063242819 3948.481257086168
2.174462015181081e-08 57.01833011735296 3997.5145266439913
2.1752218094205706e-08 56.998413896128596 4115.53018313807
2.17598158952684e-08 56.97851195340278 4267.809882054674
2.1767413554995533e-08 56.958624273845146 4396.897616685564
2.1775011073383733e-08 56.93875084214728 4479.759523022172
2.1782608450429627e-08 56.9188916430227 4544.385589884102
2.179020568612984e-08 56.899046661206754 4574.2980363441675
2.1797802780480997e-08 56.87921588145664 4586.49468931091
2.1805399733479724e-08 56.85939928855133 4594.264888825901
2.1812996545122645e-08 56.83959686729155 4602.796241181658
2.1820593215406375e-08 56.819808602499734 4597.806850749559
2.1828189744327535e-08 56.800034479019985 4583.575424382716
2.1835786131882748e-08 56.78027448171803 4587.07353080121
2.184338237806862e-08 56.76052859548121 4597.019026360545
2.1850978482881775e-08 56.74079680521841 4571.438275541698
2.185857444631882e-08 56.72107909586002 4559.053465136055
2.1866170268376367e-08 56.70137545235792 4563.507928634417
2.187376594905103e-08 56.68168585968543 4555.53124606324
2.1881361488339407e-08 56.66201030283728 4534.628822593852
2.188895688623812e-08 56.64234876682953 4526.592950837743
2.1896552142743763e-08 56.62270123669959 4524.1871575018895
2.1904147257852935e-08 56.6030676975062 4506.6415304547745
2.1911742231562253e-08 56.58344813432924 4473.943275226758
2.1919337063868307e-08 56.56384253226991 4433.363213340892
2.1926931754767696e-08 56.54425087645053 4376.301295981356
2.1934526304257023e-08 56.52467315201457 4292.0790816326535
2.1942120712332875e-08 56.50510934412661 4217.263203892669
2.1949714978991856e-08 56.485559437972256 4127.819566484001
2.1957309104230553e-08 56.46602341875817 4039.1447389140844
2.1964903088045552e-08 56.446501271712016 3964.2263676303855
2.1972496930433455e-08 56.426992982082346 3915.311004031242
2.198009063139084e-08 56.407498535138686 3881.9211486678005
2.19876841909143e-08 56.38801791617141 3860.2760948129253
2.1995277609000415e-08 56.36855111049174 3842.7098981953895
2.2002870885645768e-08 56.34909810343169 3823.1040564373898
2.2010464020846942e-08 56.32965888034406 3792.554524124465
2.2018057014600523e-08 56.31023342660234 3726.860768613001
2.202564986690308e-08 56.29082172760075 3644.3285068657096
2.2033242577751195e-08 56.27142376875414 3554.34199026833
2.2040835147141444e-08 56.252039535498 3478.3372405675236
2.2048427575070395e-08 56.232669013288394 3443.791444239733
2.2056019861534626e-08 56.21331218760192 3469.563639691988
2.206361200653071e-08 56.19396904393568 3530.5202231355506
2.2071204010055213e-08 56.17463956780728 3632.4758086104816
2.2078795872104702e-08 56.15532374475475 3736.2561708711264
2.2086387592675747e-08 56.1360215603365 3849.854300516503
2.20939791717649e-08 56.11673300013136 3963.10759952129
2.210157060936874e-08 56.097458049738414 4057.653809208869
2.2109161905483824e-08 56.078196694777084 4139.565460443437
2.2116753060106705e-08 56.05894892088706 4210.488158226253
2.2124344073233946e-08 56.03971471372823 4260.781781462585
2.2131934944862104e-08 56.02049405898068 4306.882420792392
2.2139525674987737e-08 56.00128694234463 4344.680827191988
2.214711626360739e-08 55.98209334954045 4368.516510770975
2.2154706710717627e-08 55.96291326630854 4379.521742724868
2.216229701631499e-08 55.94374667840941 4354.887940129755
2.216988718039603e-08 55.92459357162351 4310.781702727388
2.2177477202957294e-08 55.90545393175133 4264.864851033006
2.2185067083995325e-08 55.88632774461326 4235.166938303099
2.2192656823506675e-08 55.86721499604959 4220.860693814563
2.2200246421487882e-08 55.8481156719205 4219.919571995465
2.2207835877935485e-08 55.829029758106 4247.60013148778
2.2215425192846027e-08 55.8099572405059 4288.39809303351
2.222301436621605e-08 55.790898105039766 4328.189543178382
2.223060339804208e-08 55.771852337646905 4342.362607079869
2.2238192288320654e-08 55.752819924286335 4362.233540406904
2.2245781037048314e-08 55.73380085093668 4370.632322373394
2.2253369644221578e-08 55.71479510359627 4375.204376889645
2.2260958109836995e-08 55.69580266828295 4365.097178917864
2.226854643389108e-08 55.676823531034195 4351.844273589066
2.2276134616380364e-08 55.65785767790694 4332.912040973797
2.2283722657301362e-08 55.63890509497768 4298.438070830184
2.2291310556650618e-08 55.61996576834228 4246.74290202192
2.2298898314424643e-08 55.60103968411611 4188.477556531872
2.2306485930619956e-08 55.582126828433886 4127.460396195515
2.2314073405233076e-08 55.563227187449684 4075.04794973545
2.2321660738260533e-08 55.54434074733688 4041.665525006299
2.232924792969882e-08 55.52546749428822 4023.8006660997735
2.233683497954448e-08 55.50660741451557 4015.1871338813307
2.2344421887794006e-08 55.48776049425014 4023.6305587049637
2.2352008654443906e-08 55.468926719742285 4014.6385267069795
2.2359595279490713e-08 55.450106077261445 3968.2611725245656
2.236718176293091e-08 55.43129855309631 3872.0796327790376
2.2374768104761014e-08 55.412504133554556 3719.265666335979
2.2382354304977533e-08 55.39372280496294 3539.0374917328045
2.238994036357697e-08 55.37495455366724 3369.4817747700936
2.2397526280555825e-08 55.35619936603222 3239.0396569507434
2.240511205591059e-08 55.337457228441636 3187.0180421705722
2.2412697689637784e-08 55.31872812729808 3227.5957715262034
2.2420283181733886e-08 55.300012049023124 3330.739500661376
2.2427868532195398e-08 55.28130898005714 3496.4325475560595
2.2435453741018814e-08 55.26261890685934 3692.5584608843537
2.244303880820063e-08 55.24394181590772 3883.406183075082
2.245062373373733e-08 55.22527769369904 4047.095714443185
2.245820851762541e-08 55.206626526748785 4164.286048910305
2.2465793159861356e-08 55.18798830159112 4217.0241835159995
2.2473377660441657e-08 55.169363004778894 4218.379432791636
2.248096201936279e-08 55.15075062288358 4192.923044217688
2.2488546236621236e-08 55.13215114249523 4161.765715545478
2.249613031221349e-08 55.11356455022246 4137.221434870245
2.250371424613602e-08 55.09499083269244 4110.631594072815
2.251129803838531e-08 55.07642997655082 4124.789757338121
2.2518881688957842e-08 55.0578819684617 4148.863378684808
2.2526465197850084e-08 55.03934679510767 4184.800248803225
2.253404856505851e-08 55.020824443189674 4228.262944066516
2.2541631790579587e-08 55.00231489942706 4280.583230977576
2.25492148744098e-08 54.98381815055748 4322.112524407911
2.2556797816545607e-08 54.96533418333694 4360.401766030486
2.2564380616983475e-08 54.9468629845397 4364.411021352986
2.257196327571988e-08 54.92840454095824 4364.216860355254
2.2579545792751273e-08 54.9099588394033 4359.951125125976
2.2587128168074127e-08 54.89152586670377 4336.401565255732
2.2594710401684893e-08 54.873105609706734 4333.211274092971
2.2602292493580045e-08 54.85469805527732 4323.219049193752
2.2609874443756026e-08 54.83630319029882 4303.0362457483
2.2617456252209304e-08 54.817921001672545 4272.950188177123
2.2625037918936328e-08 54.799551476317845 4238.503716301336
2.2632619443933547e-08 54.78119460117207 4206.666430461073
2.2640200827197425e-08 54.7628503631905 4171.972651329051
2.2647782068724404e-08 54.744518749346405 4129.20741213152
2.2655363168510925e-08 54.72619974663093 4089.7050382653065
2.266294412655345e-08 54.707893342053076 4053.5185382023183
2.2670524942848416e-08 54.68959952263971 4013.951995149912
2.2678105617392273e-08 54.67131827543549 3957.766912320484
2.2685686150181454e-08 54.653049587502885 3875.4955002834467
2.269326654121241e-08 54.63479344592207 3766.14276266062
2.2700846790481567e-08 54.616549837791 3625.454341458806
2.270842689798537e-08 54.59831875022526 3463.4431394085414
2.2716006863720262e-08 54.580100170358115 3321.6799335474934
2.2723586687682663e-08 54.561894085340484 3223.0679957168054
2.2731166369869017e-08 54.54370048234083 3168.3066027336863
2.2738745910275756e-08 54.525519348545224 3170.8339140054172
2.2746325308899296e-08 54.507350671157305 3223.907253873772
2.2753904565736077e-08 54.48919443739814 3298.1548111142606
2.276148368078252e-08 54.471050634506334 3397.048552059713
2.2769062654035054e-08 54.45291924973793 3503.8878850151173
2.2776641485490097e-08 54.43480027036638 3612.739384526959
2.278422017514408e-08 54.4166936836825 3694.3652958868734
2.2791798722993414e-08 54.39859947699454 3749.967206790124
2.279937712903452e-08 54.38051763762801 3811.022908005795
2.2806955393263814e-08 54.36244815292575 3884.2536789021165
2.2814533515677718e-08 54.34439101024785 3927.624431138196
2.2822111496272636e-08 54.32634619697167 3972.242083175863
2.2829689335044987e-08 54.308313700491766 4005.4160367850845
2.2837267031991177e-08 54.290293508219875 4014.2893361048127
2.2844844587107623e-08 54.27228560758488 3993.60689877803
2.2852422000390724e-08 54.25428998603281 3929.3037938555053
2.2859999271836888e-08 54.23630663102678 3865.668747244268
2.2867576401442524e-08 54.21833553004695 3832.2195649092973
2.2875153389204026e-08 54.20037667059056 3787.6010959939535
2.2882730235117805e-08 54.182430040171795 3778.28515723419
2.2890306939180252e-08 54.16449562632189 3793.4259849773243
2.289788350138777e-08 54.14657341658898 3827.099336262283
2.2905459921736753e-08 54.12866339853814 3879.610664288864
2.29130362002236e-08 54.11076555975132 3952.401531793273
2.2920612336844697e-08 54.09287988782737 4006.3003905265814
2.2928188331596444e-08 54.075006370381935 4053.658214443185
2.2935764184475225e-08 54.05714499504749 4080.5526817208365
2.294333989547743e-08 54.03929574947329 4092.7141991055682
2.2950915464599442e-08 54.02145862132533 4082.118409863946
2.2958490891837655e-08 54.003633598286314 4080.412434649786
2.296606617718845e-08 53.985820668055666 4078.2150336986647
2.2973641320648206e-08 53.96801981834946 4063.3237473230033
2.2981216322213304e-08 53.950231036900405 4034.2787659045102
2.2988791181880123e-08 53.93245431145783 4013.9380983875035
2.299636589964504e-08 53.91468962978764 3992.2712151990427
2.3003940475504434e-08 53.89693697967226 3961.8181728710006
2.3011514909454678e-08 53.87919634891069 3919.5350784989923
2.3019089201492142e-08 53.861467725318406 3890.9402163643235
2.30266633516132e-08 53.84375109672734 3851.6442763447976
2.303423735981422e-08 53.82604645098588 3810.3901722726127
2.3041811226091574e-08 53.8083537759588 3779.076987276392
2.3049384950441618e-08 53.79067305952732 3745.970864040061
2.3056958532860727e-08 53.77300428958895 3728.000785383598
2.3064531973345258e-08 53.75534745405757 3717.598586309524
2.3072105271891577e-08 53.73770254086334 3714.7038375535403
2.307967842849604e-08 53.72006953795271 3713.5564590419503
2.3087251443155006e-08 53.702448433288374 3728.519670020786
2.3094824315864832e-08 53.68483921484925 3731.9437850371633
2.310239704662188e-08 53.66724187063043 3755.9119307445203
2.310996963542249e-08 53.64965638864319 3766.701999086672
2.3117542082263024e-08 53.63208275691495 3764.0805598859915
2.3125114387139833e-08 53.614520963489205 3783.157832577476
2.3132686550049258e-08 53.59697099642559 3784.8220781368104
2.3140258570987653e-08 53.579432843799744 3792.0917087899975
2.3147830449951365e-08 53.56190649370336 3809.366762329932
2.3155402186936727e-08 53.54439193424415 3819.870234552154
2.316297378194009e-08 53.52688915354578 3825.3433149880325
2.3170545234957798e-08 53.50939813974786 3837.418115394306
2.3178116545986183e-08 53.49191888100594 3833.399254377677
2.3185687715021585e-08 53.474451365491454 3835.3839620338877
2.3193258742060344e-08 53.45699558139171 3833.406183075082
2.3200829627098787e-08 53.439551516909866 3831.0053992661883
2.320840037013325e-08 53.42211916026489 3831.3013747165537
2.321597097116007e-08 53.40469849969153 3838.2948416635177
2.3223541430175568e-08 53.38728952344032 3830.552534092341
2.323111174717608e-08 53.3698922197775 3823.641315901361
2.323868192215793e-08 53.35250657698504 3823.4047166320233
2.324625195511743e-08 53.335132583360625 3816.8760235575714
2.325382184605093e-08 53.317770227217515 3818.6278324987406
2.3261391594954722e-08 53.30041949688469 3804.511162682666
2.326896120182515e-08 53.28308038070667 3795.5440602166796
2.3276530666658518e-08 53.26575286704361 3805.431035840262
2.328409998945115e-08 53.248436944271155 3807.792087899975
2.3291669170199364e-08 53.23113260078054 3821.2056031903503
2.3299238208899463e-08 53.21383982497847 3833.680437452759
2.330680710554777e-08 53.19655860528713 3849.098698507181
2.3314375860140587e-08 53.17928893014415 3880.4230737433863
2.332194447267423e-08 53.162030788002596 3902.235951672336
2.3329512943145e-08 53.14478416733093 3933.0816759574204
2.3337081271549206e-08 53.12754905661298 3931.6423571743517
2.3344649457883154e-08 53.110325444347914 3868.4932445200307
2.3352217502143147e-08 53.09311331905024 3896.4265144715296
2.335978540432548e-08 53.07591266924976 3931.3382719986143
2.3367353164426456e-08 53.05872348349154 3920.6361115047876
2.3374920782442374e-08 53.04154575033589 3908.581191735954
2.3382488258369527e-08 53.02437945835835 3896.6136581947594
2.339005559220422e-08 53.00722459614961 3886.7752031368104
2.339762278394273e-08 52.990081152315625 3878.4535422965487
2.340518983358136e-08 52.9729491154774 3870.2841848544977
2.341275674111639e-08 52.955828474271115 3856.1119476725876
2.3420323506544116e-08 52.93871921734801 3850.72977686445
2.3427890129860826e-08 52.921621333374404 3861.0069149187457
2.34354566110628e-08 52.904534811031674 3859.9963388133033
2.3443022950146328e-08 52.8874596390162 3864.4459404132026
2.345058914710768e-08 52.870395806039376 3881.728670634921
2.3458155201943144e-08 52.85334330082754 3896.491372590703
2.3465721114648997e-08 52.83630211212199 3919.1791855631145
2.347328688522152e-08 52.81927222867893 3888.7642215450996
2.3480852513656988e-08 52.80225363926947 3313.9761963813303
2.3488417999951665e-08 52.78524633267961 2228.2297374968507
