string
20201021_m3.4_degreeper_secondprocessedoffset angle -0.07953212532765777 in rad by: offset_angle in degree:_-3.6offset 0th. order in px_-134
nm eV  counts
-7.944830696753056e-09 -156.0564318380127 1952.0179604828043
-7.938346553171712e-09 -156.18390073900517 3009.3872354497353
-7.931862412660276e-09 -156.31157798620495 3961.1987020502647
-7.925378275210452e-09 -156.43946409100218 4059.0387731481483
-7.918894140813947e-09 -156.56755956646197 4076.3217179232806
-7.912410009462461e-09 -156.69586492733134 4063.3884755291006
-7.9059258811477e-09 -156.824380690046 4102.704861111111
-7.899441755861367e-09 -156.9531073727374 4093.5666335978835
-7.892957633595163e-09 -157.08204549523964 4109.524305555556
-7.886473514340791e-09 -157.21119557909645 4095.079117063492
-7.879989398089956e-09 -157.3405581475683 4093.2471064814813
-7.873505284834358e-09 -157.47013372563936 4112.869750330688
-7.867021174565695e-09 -157.59992284002473 4108.152116402116
-7.860537067275673e-09 -157.7299260191775 4106.364169973545
-7.854052962955993e-09 -157.86014379329586 4105.60544808201
-7.847568861598352e-09 -157.9905766943305 4126.8224206349205
-7.841084763194456e-09 -158.12122525599165 4140.900793650793
-7.834600667735998e-09 -158.25209001375657 4141.176463293651
-7.828116575214683e-09 -158.3831715048766 4140.369957010582
-7.821632485622207e-09 -158.51447026838485 4154.413649140211
-7.815148398950272e-09 -158.64598684510324 4156.562127976191
-7.808664315190573e-09 -158.77772177765024 4176.407242063492
-7.802180234334812e-09 -158.90967561044803 4158.824404761905
-7.795696156374683e-09 -159.0418488897304 4171.5708912037035
-7.789212081301886e-09 -159.17424216354982 4162.763723544974
-7.78272800910812e-09 -159.30685598178533 4157.856688161376
-7.776243939785081e-09 -159.43969089615018 4162.886656746032
-7.769759873324462e-09 -159.5727474601993 4156.249049272486
-7.763275809717964e-09 -159.70602622933697 4171.573702050265
-7.756791748957283e-09 -159.8395277608248 4190.976397156084
-7.750307691034109e-09 -159.9732526137894 4197.265625
-7.743823635940144e-09 -160.10720134922994 4190.013144841269
-7.737339583667078e-09 -160.24137453002635 4189.256489748677
-7.73085553420661e-09 -160.37577272094697 4194.477761243386
-7.724371487550432e-09 -160.51039648865665 4183.986772486773
-7.717887443690238e-09 -160.64524640172456 4201.125785383598
-7.711403402617724e-09 -160.78032303063225 4224.290674603175
-7.70491936432458e-09 -160.91562694778185 4203.305431547619
-7.698435328802499e-09 -161.05115872750383 4214.80753968254
-7.691951296043176e-09 -161.18691894606542 4216.131365740741
-7.685467266038306e-09 -161.32290818167866 4207.157862103175
-7.678983238779574e-09 -161.45912701450868 4190.370411706349
-7.672499214258676e-09 -161.5955760266818 4204.438244047619
-7.666015192467303e-09 -161.73225580229405 4211.146742724868
-7.659531173397147e-09 -161.8691669274193 4210.640997023809
-7.653047157039896e-09 -162.0063099901177 4222.404513888889
-7.646563143387241e-09 -162.14368558044427 4224.011574074074
-7.640079132430875e-09 -162.28129429045703 4218.1202876984125
-7.633595124162486e-09 -162.41913671422583 4203.0895750661375
-7.62711111857376e-09 -162.55721344784078 4207.015625
-7.620627115656391e-09 -162.69552508942076 4225.752190806878
-7.614143115402065e-09 -162.83407223912212 4223.688037367725
-7.60765911780247e-09 -162.97285549914756 4224.169270833333
-7.601175122849295e-09 -163.11187547375445 4237.692542989418
-7.59469113053423e-09 -163.2511327692639 4256.262690145502
-7.588207140848956e-09 -163.3906279940696 4240.683366402116
-7.581723153785167e-09 -163.53036175864648 4272.3051835317465
-7.575239169334547e-09 -163.67033467555973 4249.6952711640215
-7.568755187488779e-09 -163.8105473594739 4280.989955357143
-7.562271208239553e-09 -163.95100042716155 4300.376942791006
-7.555787231578555e-09 -164.09169449751258 4312.612185846561
-7.549303257497466e-09 -164.23263019154328 4333.009052579365
-7.542819285987974e-09 -164.3738081324054 4313.659970238095
-7.536335317041765e-09 -164.5152289453953 4334.546544312169
-7.529851350650521e-09 -164.6568932579634 4352.155960648148
-7.523367386805927e-09 -164.79880169972316 4363.643063822751
-7.516883425499667e-09 -164.94095490246065 4384.456927910053
-7.51039946672342e-09 -165.0833535001439 4365.675677910053
-7.503915510468874e-09 -165.22599812893205 4351.0306712962965
-7.49743155672771e-09 -165.36888942718528 4370.868179563492
-7.490947605491608e-09 -165.51202803547406 4375.897652116402
-7.484463656752255e-09 -165.6554145965886 4384.670717592592
-7.477979710501327e-09 -165.79904975554885 4393.290054563492
-7.471495766730507e-09 -165.94293415961388 4395.254836309524
-7.465011825431477e-09 -166.08706845829164 4406.8213458994705
-7.458527886595915e-09 -166.2314533033489 4424.611979166667
-7.452043950215506e-09 -166.37608934882078 4414.328414351852
-7.445560016281925e-09 -166.52097725102107 4424.379670965608
-7.439076084786854e-09 -166.66611766855166 4442.472346230159
-7.43259215572197e-09 -166.81151126231296 4457.450231481482
-7.426108229078953e-09 -166.9571586955136 4492.510540674603
-7.419624304849481e-09 -167.10306063368077 4497.009259259259
-7.413140383025233e-09 -167.24921774467012 4522.469990079365
-7.406656463597887e-09 -167.39563069867614 4527.6853918650795
-7.400172546559118e-09 -167.54230016824238 4533.85582010582
-7.393688631900603e-09 -167.68922682827173 4569.121031746032
-7.3872047196140225e-09 -167.83641135603665 4573.349619708994
-7.38072080969105e-09 -167.98385443118977 4600.232638888889
-7.37423690212336e-09 -168.13155673577432 4627.3979414682535
-7.367752996902632e-09 -168.27951895423448 4644.787409060847
-7.361269094020537e-09 -168.42774177342625 4656.488921957672
-7.354785193468753e-09 -168.57622588262774 4686.595734126984
-7.348301295238954e-09 -168.72497197355008 4706.114872685185
-7.341817399322812e-09 -168.87398074034826 4721.933118386243
-7.335333505712004e-09 -169.02325287963157 4762.6109457671955
-7.328849614398201e-09 -169.1727890904748 4784.250950727514
-7.322365725373078e-09 -169.32259007442897 4768.78302744709
-7.3158818386283076e-09 -169.4726565355324 4766.023148148148
-7.309397954155559e-09 -169.62298918032175 4792.484912367725
-7.302914071946509e-09 -169.77358871784296 4788.908730158731
-7.296430191992825e-09 -169.9244558596626 4791.367352843916
-7.289946314286183e-09 -170.0755913198789 4784.790467923281
-7.283462438818249e-09 -170.22699581513325 4800.653356481482
-7.276978565580698e-09 -170.37867006462122 4832.259672619048
-7.270494694565198e-09 -170.53061479010424 4844.797743055556
-7.264010825763417e-09 -170.68283071592094 4851.596767526455
-7.257526959167029e-09 -170.8353185689985 4862.744130291006
-7.2510430947677e-09 -170.98807907886456 4871.055059523809
-7.244559232557102e-09 -171.14111297765857 4828.860739087301
-7.238075372526898e-09 -171.2944210001437 4862.42117228836
-7.231591514668762e-09 -171.44800388371831 4907.655712632275
-7.2251076589743585e-09 -171.60186236842821 4939.796213624339
-7.218623805435356e-09 -171.75599719697811 4933.374255952381
-7.212139954043421e-09 -171.91040911474383 4963.9240244709
-7.205656104790221e-09 -172.06509886978432 4999.898561507936
-7.199172257667422e-09 -172.2200672128536 5004.86326058201
-7.192688412666688e-09 -172.37531489741306 4984.467303240741
-7.186204569779689e-09 -172.53084267964346 4977.632440476191
-7.179720728998084e-09 -172.6866513184576 4899.104456018518
-7.173236890313544e-09 -172.84274157551218 4802.0031001984125
-7.166753053717732e-09 -172.99911421522052 4715.228835978836
-7.160269219202311e-09 -173.1557700047651 4598.3807043650795
-7.153785386758944e-09 -173.31270971410993 4436.833416005291
-7.147301556379295e-09 -173.46993411601312 4343.169477513227
-7.140817728055029e-09 -173.6274439860398 4285.535838293651
-7.134333901777807e-09 -173.78524010257465 4235.213128306878
-7.127850077539291e-09 -173.94332324683495 4248.4426669973545
-7.121366255331145e-09 -174.10169420288318 4281.081927910053
-7.114882435145028e-09 -174.26035375764036 4362.235325727514
-7.1083986169726025e-09 -174.41930270089875 4443.512690145502
-7.101914800805531e-09 -174.57854182533507 4486.7485119047615
-7.095430986635471e-09 -174.73807192652376 4519.012607473545
-7.088947174454084e-09 -174.89789380295022 4519.152901785715
-7.08246336425303e-09 -175.058008256024 4509.942377645502
-7.07597955602397e-09 -175.21841609009226 4492.639095568783
-7.069495749758559e-09 -175.3791181124535 4463.285631613757
-7.063011945448459e-09 -175.5401151333706 4441.960854828042
-7.056528143085328e-09 -175.70140796608487 4437.93287037037
-7.050044342660821e-09 -175.86299742682957 4470.3427166005295
-7.0435605441666005e-09 -176.02488433484368 4511.612392526455
-7.03707674759432e-09 -176.18706951238582 4567.503968253968
-7.030592952935638e-09 -176.3495537847481 4638.666790674603
-7.024109160182211e-09 -176.51233798027022 4699.794890873016
-7.017625369325693e-09 -176.67542293035342 4775.318617724868
-7.011141580357742e-09 -176.83880946947468 4824.868551587301
-7.00465779327001e-09 -177.00249843520112 4830.712094907408
-6.99817400805416e-09 -177.1664906682039 4870.118138227514
-6.991690224701838e-09 -177.33078701227325 4864.962260251323
-6.985206443204701e-09 -177.4953883143323 4879.701926256614
-6.978722663554404e-09 -177.66029542445204 4897.565021494709
-6.9722388857425995e-09 -177.8255091958659 4890.626446759259
-6.965755109760943e-09 -177.99103048498418 4898.286747685185
-6.959271335601083e-09 -178.15686015140943 4841.291625330688
-6.952787563254674e-09 -178.32299905795068 4808.730613425926
-6.946303792713369e-09 -178.48944807063882 4823.277240410053
-6.939820023968819e-09 -178.65620805874158 4791.198206018518
-6.933336257012673e-09 -178.82327989477866 4773.994750330688
-6.926852491836587e-09 -178.99066445453676 4760.6390542328045
-6.920368728432206e-09 -179.15836261708526 4729.833333333333
-6.913884966791184e-09 -179.3263752647912 4705.277736441799
-6.907401206905167e-09 -179.49470328333518 4670.522693452381
-6.900917448765809e-09 -179.66334756172648 4614.077215608466
-6.894433692364754e-09 -179.83230899231918 4568.018973214285
-6.887949937693654e-09 -180.0015884708274 4508.103959986773
-6.8814661847441585e-09 -180.17118689634157 4456.275338955026
-6.87498243350791e-09 -180.34110517134428 4406.711557539683
-6.868498683976562e-09 -180.51134420172588 4347.798817791006
-6.862014936141758e-09 -180.6819048968012 4300.534308862434
-6.855531189995145e-09 -180.85278816932527 4241.397445436508
-6.849047445528371e-09 -181.02399493550985 4193.895213293651
-6.842563702733081e-09 -181.19552611503966 4159.225818452381
-6.83607996160092e-09 -181.36738263108901 4103.392981150793
-6.829596222123534e-09 -181.53956541033827 4043.714244378307
-6.823112484292566e-09 -181.71207538299052 3989.2995205026455
-6.816628748099663e-09 -181.88491348278825 3949.5827132936506
-6.810145013536467e-09 -182.05808064703047 3902.909763558201
-6.8036612805946245e-09 -182.2315778165892 3866.808490410053
-6.797177549265777e-09 -182.40540593592712 3803.093274636243
-6.7906938195415665e-09 -182.57956595311418 3760.1615203373017
-6.784210091413635e-09 -182.75405881984514 3716.044353505291
-6.777726364873627e-09 -182.92888549145664 3657.5674189814813
-6.771242639913183e-09 -183.104046926945 3611.201595568783
-6.764758916523945e-09 -183.27954408898347 3570.6790674603176
-6.758275194697555e-09 -183.45537794393996 3554.9237351190477
-6.751791474425651e-09 -183.6315494618949 3523.812892691799
-6.745307755699874e-09 -183.80805961665894 3461.609974371693
-6.738824038511864e-09 -183.98490938579084 3405.949859457672
-6.732340322853261e-09 -184.16209975061568 3390.0614872685187
-6.725856608715705e-09 -184.3396316962429 3358.0549355158732
-6.7193728960908315e-09 -184.5175062115848 3319.8261202050267
-6.712889184970282e-09 -184.6957242893744 3317.9387194113756
-6.706405475345692e-09 -184.87428692618454 3289.1711309523807
-6.6999217672087005e-09 -185.0531951224459 3246.474495701058
-6.693438060550945e-09 -185.23244988246617 3237.3262235449733
-6.68695435536406e-09 -185.4120522144484 3244.940951554233
-6.680470651639686e-09 -185.59200313051025 3209.9025917658732
-6.673986949369455e-09 -185.77230364670285 3201.671337632275
-6.667503248545002e-09 -185.95295478303 3199.0086392195767
-6.661019549157966e-09 -186.13395756346722 3217.7615534060847
-6.6545358511999785e-09 -186.31531301598142 3198.4530009920636
-6.648052154662674e-09 -186.49702217255012 3195.975074404762
-6.64156845953769e-09 -186.679086069181 3203.8816550925926
-6.635084765816656e-09 -186.8615057459319 3184.7244543650795
-6.628601073491208e-09 -187.04428224693027 3189.3170262896824
-6.622117382552977e-09 -187.22741662039326 3191.3273809523807
-6.615633692993597e-09 -187.41090991864783 3157.838500330688
-6.609150004804699e-09 -187.59476319815076 3147.0430927579364
-6.602666317977914e-09 -187.77897751950908 3121.8298197751324
-6.596182632504874e-09 -187.9635539475003 3116.2082299933863
-6.58969894837721e-09 -188.14849355109308 3103.3810763888887
-6.583215265586553e-09 -188.33379740346783 3087.3542286706347
-6.576731584124532e-09 -188.51946658203738 3055.1755952380954
-6.570247903982776e-09 -188.70550216846806 2998.34126984127
-6.563764225152918e-09 -188.8919052487004 2982.8015046296296
-6.557280547626581e-09 -189.07867691297076 2964.3562127976193
-6.550796871395399e-09 -189.265818255832 2933.1818576388887
-6.544313196450997e-09 -189.45333037617527 2879.6844204695767
-6.537829522785003e-09 -189.64121437725146 2866.4271866732806
-6.5313458503890455e-09 -189.82947136669267 2829.1798735119046
-6.524862179254751e-09 -190.01810245653422 2764.703600363757
-6.518378509373744e-09 -190.2071087632364 2741.515128968254
-6.511894840737653e-09 -190.39649140770643 2705.2638062169312
-6.505411173338103e-09 -190.58625151532087 2670.623119212963
-6.4989275071667185e-09 -190.77639021594774 2632.9891493055557
-6.492443842215126e-09 -190.9669086439689 2597.4503968253966
-6.485960178474947e-09 -191.15780793830285 2546.874152612434
-6.479476515937809e-09 -191.34908924242708 2534.86363260582
-6.472992854595334e-09 -191.5407537044013 2512.2365244708994
-6.466509194439148e-09 -191.73280247689004 2485.519448578042
-6.460025535460869e-09 -191.92523671718612 2450.480365410053
-6.453541877652123e-09 -192.1180575872336 2405.0290385251324
-6.447058221004528e-09 -192.31126625365147 2386.05681630291
-6.440574565509711e-09 -192.50486388775664 2357.880787037037
-6.4340909111592926e-09 -192.6988516655883 2297.1094990079364
-6.427607257944889e-09 -192.8932307679314 2257.3121899801586
-6.421123605858127e-09 -193.08800238034047 2229.580584490741
-6.41463995489062e-09 -193.2831676931641 2193.212508267196
-6.408156305033992e-09 -193.47872790156882 2132.501343419312
-6.401672656279862e-09 -193.67468420556372 2099.1091269841268
-6.395189008619848e-09 -193.87103781002492 2055.594638723545
-6.388705362045568e-09 -194.06778992472044 2002.4169146825398
-6.3822217165486415e-09 -194.26494176433474 1958.4334800760582
-6.375738072120686e-09 -194.46249454849396 1929.4707857969577
-6.369254428753317e-09 -194.6604495017911 1903.5895337301588
-6.36277078643815e-09 -194.85880785381116 1843.4596457506614
-6.356287145166806e-09 -195.05757083915657 1800.8551587301588
-6.349803504930898e-09 -195.25673969747305 1748.7439546130952
-6.343319865722043e-09 -195.45631567347527 1707.5460379464287
-6.336836227531854e-09 -195.65630001697278 1676.1988570601852
-6.330352590351949e-09 -195.85669398289596 1634.8895812665344
-6.323868954173937e-09 -196.05749883132268 1584.9570519179895
-6.3173853189894406e-09 -196.258715827504 1541.8161065641534
-6.3109016847900654e-09 -196.46034624189178 1493.6739521329366
-6.304418051567427e-09 -196.66239135016443 1448.4625392691798
-6.2979344193131405e-09 -196.86485243325427 1416.4026847718253
-6.291450788018814e-09 -197.06773077737483 1385.6270047949736
-6.284967157676063e-09 -197.2710276740475 1347.800460896164
-6.278483528276497e-09 -197.47474442012953 1315.357742228836
-6.271999899811727e-09 -197.67888231784124 1280.0276744378307
-6.265516272273365e-09 -197.88344267479383 1258.2662140376983
-6.259032645653022e-09 -198.08842680401747 1230.8631882440477
-6.252549019942306e-09 -198.29383602398926 1198.3836082175926
-6.246065395132825e-09 -198.49967165866164 1179.2611090443122
-6.239581771216191e-09 -198.70593503749052 1155.473689649471
-6.233098148184011e-09 -198.91262749546428 1144.9086371527778
-6.226614526027894e-09 -199.11975037313238 1129.3189794146826
-6.220130904739448e-09 -199.32730501663445 1108.5142815806878
-6.213647284310279e-09 -199.53529277772935 1079.522404100529
-6.207163664731995e-09 -199.74371501382456 1075.5225797784392
-6.200680045996203e-09 -199.95257308800572 1072.6860015707673
-6.194196428094507e-09 -200.16186836906647 1059.964172040344
-6.187712811018514e-09 -200.37160223153813 1045.6878513558202
-6.18122919475983e-09 -200.58177605571996 1035.1642485119048
-6.174745579310059e-09 -200.7923912277094 1031.4840339781747
-6.1682619646608046e-09 -201.00344913943255 1039.2224909060847
-6.161778350803673e-09 -201.21495118867486 1031.5931196263227
-6.155294737730265e-09 -201.42689877911192 1032.979187334656
-6.148811125432187e-09 -201.6392933203406 1030.9498801256614
-6.14232751390104e-09 -201.8521362279103 1037.5275297619048
-6.135843903128425e-09 -202.0654289233544 1034.927517361111
-6.1293602931059464e-09 -202.27917283422184 1036.2365864748676
-6.122876683825204e-09 -202.49336939410904 1033.7794828869048
-6.1163930752777995e-09 -202.70802004269194 1024.849392361111
-6.109909467455335e-09 -202.92312622575827 1037.9747127149471
-6.103425860349407e-09 -203.13868939524014 1055.012462797619
-6.0969422539516185e-09 -203.35471100924633 1047.2471891534392
-6.090458648253568e-09 -203.5711925320957 1056.5914248511904
-6.083975043246854e-09 -203.78813543434984 1061.710978835979
-6.077491438923077e-09 -204.0055411928466 1058.472976603836
-6.071007835273832e-09 -204.22341129073365 1077.8311735284392
-6.06452423229072e-09 -204.44174721750196 1071.4406415343915
-6.058040629965334e-09 -204.66055046902008 1070.1036499669312
-6.0515570282892755e-09 -204.87982254756795 1075.7146060681216
-6.045073427254138e-09 -205.0995649618717 1081.2665963955026
-6.038589826851517e-09 -205.3197792271379 1079.2061838624338
-6.032106227073012e-09 -205.54046686508852 1088.3197131283068
-6.025622627910213e-09 -205.7616294039961 1086.981212797619
-6.019139029354719e-09 -205.98326837871886 1086.6821883267196
-6.012655431398121e-09 -206.20538533073636 1080.538070436508
-6.006171834032015e-09 -206.42798180818508 1086.9714058366403
-5.999688237247994e-09 -206.65105936589453 1069.543216765873
-5.993204641037651e-09 -206.87461956542347 1072.5026868386244
-5.986721045392577e-09 -207.09866397509626 1071.0126694775133
-5.980237450304367e-09 -207.32319417003953 1071.2449776785713
-5.9737538557646105e-09 -207.54821173221922 1070.1637628141534
-5.9672702617649e-09 -207.77371825047763 1063.2825417493386
-5.960786668296827e-09 -207.9997153205709 1057.5819795800264
-5.954303075351978e-09 -208.2262045452067 1059.5917762070105
-5.947819482921947e-09 -208.45318753408185 1061.2885768022486
-5.941335890998322e-09 -208.68066590392078 1055.2975260416667
-5.934852299572693e-09 -208.90864127851378 1045.5373677248676
-5.9283687086366485e-09 -209.13711528875567 1042.726779513889
-5.921885118181776e-09 -209.36608957268473 1044.6480861441798
-5.915401528199664e-09 -209.59556577552172 1048.0169890873017
-5.9089179386819e-09 -209.82554554970946 1042.1923569775133
-5.90243434962007e-09 -210.05603055495246 1038.5004753637565
-5.8959507610057625e-09 -210.2870224582567 1027.994140625
-5.889467172830561e-09 -210.51852293397008 1027.2668030753969
-5.882983585086053e-09 -210.75053366382267 1024.0546254960318
-5.876499997763822e-09 -210.9830563369676 1016.3773664847884
-5.870016410855456e-09 -211.21609265002178 1017.0542121362433
-5.863532824352536e-09 -211.44964430710772 1019.1927496693122
-5.8570492382466485e-09 -211.68371301989436 1009.4601314484127
-5.850565652529376e-09 -211.91830050763951 1004.9329220403439
-5.8440820671922995e-09 -212.15340849723174 1007.0541294642857
-5.8375984822270056e-09 -212.38903872323243 989.6643208498677
-5.831114897625073e-09 -212.6251929279191 1000.0929439484127
-5.8246313133780855e-09 -212.86187286132773 988.4113136574074
-5.818147729477623e-09 -213.0990802812964 980.6041873346561
-5.811664145915268e-09 -213.3368169535086 964.9959387400794
-5.8051805626826e-09 -213.57508465153717 979.5189422123016
-5.798696979771199e-09 -213.81388515688832 971.375496031746
-5.792213397172645e-09 -214.0532202590462 961.7350983796297
-5.7857298148785154e-09 -214.2930917555174 962.5583302331349
-5.779246232880391e-09 -214.53350145187602 943.9626839451058
-5.7727626511698495e-09 -214.77445116180908 944.3002697172619
-5.766279069738468e-09 -215.01594270716208 942.1277746775794
-5.7597954885778245e-09 -215.2579779179849 930.362800719246
-5.753311907679496e-09 -215.50055863257802 929.661148313492
-5.746828327035058e-09 -215.7436866975391 933.6253461888227
-5.740344746636089e-09 -215.98736396780987 923.0349805720899
-5.733861166474161e-09 -216.23159230672343 911.051101603836
-5.727377586540851e-09 -216.47637358605135 904.9466042493386
-5.720894006827734e-09 -216.7217096860519 895.0786158647487
-5.714410427326384e-09 -216.96760249551807 895.7664672205688
-5.707926848028374e-09 -217.21405391182603 894.5606605489418
-5.701443268925279e-09 -217.46106584098385 882.8896122685185
-5.694959690008671e-09 -217.70864019768095 877.684802827381
-5.688476111270121e-09 -217.95677890533725 876.8476304150132
-5.681992532701203e-09 -218.20548389615305 863.7286344659392
-5.67550895429349e-09 -218.45475711115935 854.9525876322751
-5.6690253760385505e-09 -218.7046005002683 844.1042803406085
-5.662541797927955e-09 -218.95501602232395 835.4240503058862
-5.6560582199532746e-09 -219.2060056451535 831.6385582010582
-5.649574642106079e-09 -219.45757134561893 843.4003389550264
-5.643091064377938e-09 -219.7097151096688 826.5474950396825
-5.636607486760421e-09 -219.96243893239054 823.2457320601852
-5.6301239092450945e-09 -220.21574481806323 816.2219690393518
-5.623640331823529e-09 -220.46963478021036 813.2769097222222
-5.617156754487289e-09 -220.72411084165338 806.7475146742725
-5.610673177227944e-09 -220.9791750345653 802.7567894345239
-5.60418960003706e-09 -221.2348294005248 798.558025380291
-5.5977060229062025e-09 -221.49107599057095 791.7372581845239
-5.591222445826939e-09 -221.7479168652576 793.8405619626323
-5.584738868790834e-09 -222.00535409470913 799.1005497685185
-5.578255291789452e-09 -222.26338975867571 805.6047867063492
-5.571771714814357e-09 -222.52202594658962 790.1265500992064
-5.5652881378571124e-09 -222.78126475762127 783.710121114418
-5.558804560909285e-09 -223.04110830073625 787.2274925595239
-5.552320983962433e-09 -223.3015586947527 798.7544487847222
-5.545837407008123e-09 -223.56261806839848 784.0077556630291
-5.539353830037916e-09 -223.82428856036947 783.9471519510582
-5.532870253043373e-09 -224.086572319388 784.5594979745371
-5.5263866760160555e-09 -224.3494715042615 791.8619429976852
-5.519903098947524e-09 -224.61298828394183 797.1160352595899
-5.51341952182934e-09 -224.87712483758494 791.9355727099868
-5.506935944653061e-09 -225.14188335461108 797.3432281332672
-5.50045236741025e-09 -225.40726603476486 788.244125124008
-5.4939687900924635e-09 -225.6732750881768 788.434714988426
-5.487485212691258e-09 -225.93991273542434 788.8962208581349
-5.481001635198196e-09 -226.20718120759346 778.2668082423942
-5.4745180576048335e-09 -226.47508274634131 771.6924499834656
-5.468034479902726e-09 -226.7436196039588 764.1674985532408
-5.4615509020834325e-09 -227.01279404343344 757.0320095486111
-5.455067324138507e-09 -227.28260833851334 754.1205047123016
-5.448583746059506e-09 -227.55306477377096 751.0955067791006
-5.442100167837985e-09 -227.8241656446676 760.8682467344577
-5.4356165894655e-09 -228.09591325761843 754.8505549355159
-5.4291330109336026e-09 -228.36830993005807 753.9502934854497
-5.42264943223385e-09 -228.6413579905061 747.3586981233466
-5.416165853357793e-09 -228.91505977863383 739.1420665922619
-5.409682274296985e-09 -229.18941764533074 741.0446376901455
-5.4031986950429805e-09 -229.46443395277208 738.3818772734788
-5.39671511558733e-09 -229.7401110744867 735.2300398892196
-5.390231535921584e-09 -230.01645139542507 727.5220114087301
-5.383747956037295e-09 -230.29345731202832 725.5894045552249
-5.377264375926015e-09 -230.5711312322973 732.1541263640873
-5.370780795579291e-09 -230.84947557586275 727.2163215112433
-5.364297214988675e-09 -231.1284927740552 723.6611999834656
-5.357813634145716e-09 -231.40818526997583 716.3709387400794
-5.351330053041963e-09 -231.68855551856802 712.7311921296297
-5.344846471668963e-09 -231.96960598668903 719.1923879794973
-5.338362890018265e-09 -232.25133915318227 705.8435743220899
-5.331879308081418e-09 -232.53375750895034 705.747654183201
-5.325395725849965e-09 -232.81686355702857 709.4794611855159
-5.318912143315456e-09 -233.10065981265848 700.006267567791
-5.312428560469435e-09 -233.38514880336297 702.4185939566798
-5.305944977303449e-09 -233.6703330690207 704.4886532738095
-5.299461393809043e-09 -233.95621516194217 702.5840567129629
-5.292977809977759e-09 -234.24279764694577 700.9652312748016
-5.286494225801144e-09 -234.5300831014342 696.8947120949074
-5.280010641270741e-09 -234.81807411547214 688.5618644593254
-5.273527056378092e-09 -235.10677329186387 689.2959966104497
-5.267043471114743e-09 -235.39618324623171 694.2627004794973
-5.260559885472233e-09 -235.68630660709522 697.4683159722222
-5.2540762994421045e-09 -235.9771460159505 696.4294756531085
-5.2475927130159e-09 -236.26870412735056 690.1622902199074
-5.241109126185158e-09 -236.56098360898605 687.8605530753969
-5.234625538941422e-09 -236.85398714176654 696.0795665922619
-5.228141951276231e-09 -237.1477174199027 700.0823309358466
-5.221658363181122e-09 -237.44217715098884 698.7744760664683
-5.215174774647637e-09 -237.73736905608578 699.335689484127
-5.208691185667312e-09 -238.03329586980533 695.7029854910714
-5.202207596231689e-09 -238.32996034039394 698.8215939153439
-5.1957240063323e-09 -238.62736522981865 692.3662006035053
-5.189240415960687e-09 -238.92551331385206 688.239169973545
-5.1827568251083845e-09 -239.22440738215923 692.7402757109788
-5.1762732337669285e-09 -239.52405023838443 694.3944485780423
-5.169789641927854e-09 -239.8244447002389 688.1516462053571
-5.1633060495826986e-09 -240.125593599589 685.7641162367725
-5.156822456722995e-09 -240.42749978254565 693.1477296213625
-5.150338863340279e-09 -240.73016610955352 696.3792782738095
-5.143855269426081e-09 -241.03359545548182 696.2177631035053
-5.1373716749719384e-09 -241.33779070971474 692.0835968501984
-5.130888079969383e-09 -241.6427547762439 687.9105592757936
-5.124404484409943e-09 -241.94849057376032 688.4973338293651
-5.1179208882851575e-09 -242.25500103574745 687.4200768849206
-5.1114372915865514e-09 -242.56228911057556 694.6445932539683
-5.10495369430566e-09 -242.87035776159553 691.1030402612433
-5.098470096434012e-09 -243.1792099672348 691.468005952381
-5.0919864979631364e-09 -243.48884872109304 692.345367270172
-5.085502898884562e-09 -243.79927703203893 695.4755601025132
-5.079019299189822e-09 -244.11049792430742 691.7884114583334
-5.0725356988704404e-09 -244.42251443759858 692.9292999751984
-5.066052097917948e-09 -244.7353296271758 702.2730551421957
-5.059568496323872e-09 -245.048946563966 708.4178395750662
-5.053084894079737e-09 -245.36336833466027 707.5067170965608
-5.046601291177073e-09 -245.67859804181452 710.4085183118386
-5.0401176876074045e-09 -245.99463880395223 709.8739149305555
-5.033634083362256e-09 -246.3114937556669 714.2449931795635
-5.027150478433154e-09 -246.62916604772576 705.0545841600529
-5.020666872811624e-09 -246.9476588471743 701.2832702959656
-5.014183266489188e-09 -247.2669753374416 716.1892154431217
-5.007699659457371e-09 -247.5871187184461 717.6934730489418
-5.001216051707695e-09 -247.908092206703 712.2824849123677
-4.994732443231685e-09 -248.22989903543132 724.7917545056217
-4.98824883402086e-09 -248.55254245466327 720.6103567294973
-4.981765224066746e-09 -248.87602573135285 719.3449952463625
-4.97528161336086e-09 -249.20035214948706 718.5796440972222
-4.968798001894726e-09 -249.52552501019602 720.0938326719577
-4.962314389659862e-09 -249.85154763186586 728.0100188078703
-4.9558307766477885e-09 -250.17842335025114 725.8145357969577
-4.949347162850025e-09 -250.50615551858874 732.0312965029761
-4.942863548258091e-09 -250.83474750771254 729.7912016369048
-4.936379932863503e-09 -251.1642027061691 731.1522042410714
-4.929896316657782e-09 -251.4945245203339 729.950939360119
-4.923412699632442e-09 -251.82571637452918 732.7312903025794
-4.9169290817789995e-09 -252.15778171114192 725.7314763144841
-4.910445463088976e-09 -252.49072399074288 721.8135437334656
-4.9039618435538814e-09 -252.82454669220792 717.3291635664683
-4.897478223165235e-09 -253.1592533128378 725.1249534970239
-4.890994601914548e-09 -253.49484736848132 723.4901258680555
-4.884510979793339e-09 -253.83133239365785 722.9303333746693
-4.87802735679312e-09 -254.16871194168186 725.9514508928571
-4.871543732905404e-09 -254.50698958478787 718.6363312251984
-4.865060108121704e-09 -254.84616891425645 721.2942036623677
-4.858576482433534e-09 -255.18625354054114 713.437267485119
-4.852092855832403e-09 -255.5272470933973 717.3617414847884
-4.845609228309827e-09 -255.86915322201034 724.4510220320767
-4.839125599857312e-09 -256.21197559512666 718.7004949983466
-4.83264197046637e-09 -256.5557179011845 725.7798962466932
-4.826158340128515e-09 -256.900383848446 722.4390552662037
-4.819674708835249e-09 -257.2459771651315 730.4505828373016
-4.813191076578088e-09 -257.5925015995528 740.4780144262567
-4.8067074433485355e-09 -257.93996092024963 739.4087921626984
-4.800223809138104e-09 -258.2883589161256 736.957263764881
-4.793740173938297e-09 -258.63769939658664 743.3589099702381
-4.787256537740623e-09 -258.98798619167917 745.4860491071429
-4.780772900536589e-09 -259.33922315223043 757.453140500992
-4.774289262317702e-09 -259.69141414998955 760.289398354828
-4.767805623075463e-09 -260.04456307777014 756.1858982308202
-4.761321982801381e-09 -260.398673849593 765.8319899140212
-4.7548383414869615e-09 -260.7537504008314 764.2488064236111
-4.748354699123705e-09 -261.1097966883568 759.2477316881614
-4.741871055703117e-09 -261.4668166906855 770.0278087797619
-4.735387411216699e-09 -261.8248144081272 766.1728618964947
-4.728903765655957e-09 -262.1837938629341 756.3312768683862
-4.722420119012388e-09 -262.54375909945213 769.1873656580688
-4.7159364712774985e-09 -262.9047141842719 771.793449280754
-4.709452822442785e-09 -263.26666320638293 773.1099692046957
-4.702969172499752e-09 -263.62961027732734 779.068023520172
-4.696485521439897e-09 -263.99355953135586 778.8097821593915
-4.690001869254721e-09 -264.3585151255847 786.1974413029101
-4.683518215935721e-09 -264.7244812401538 794.5149636243386
-4.677034561474397e-09 -265.09146207838677 797.6818266369048
-4.6705509058622464e-09 -265.4594618669514 793.9904875578703
-4.6640672490907676e-09 -265.8284848560222 801.3127635168651
-4.657583591151457e-09 -266.1985353194441 806.6747220155423
-4.65109993203581e-09 -266.5696175548972 802.4497767857143
-4.644616271735325e-09 -266.9417358840634 810.2979807374338
-4.638132610241495e-09 -267.3148946527941 817.646484375
-4.631648947545816e-09 -267.68909823127956 819.1121135085979
-4.6251652836397834e-09 -268.0643510142189 815.222800925926
-4.61868161851489e-09 -268.4406574209933 809.5624483300264
-4.6121979521626286e-09 -268.8180218958384 817.3372757523148
-4.6057142845744935e-09 -269.19644890801976 816.4675305886243
-4.599230615741978e-09 -269.57594295200937 819.0869760664683
-4.592746945656571e-09 -269.9565085476637 824.9167855076058
-4.586263274309766e-09 -270.3381502404026 819.376312417328
-4.579779601693054e-09 -270.72087260139097 825.7697327628969
-4.5732959277979255e-09 -271.1046802277208 828.5569558118386
-4.566812252615868e-09 -271.4895777425957 840.8832620287699
-4.560328576138373e-09 -271.875569795516 836.6775225281085
-4.55384489835693e-09 -272.26266106246635 830.5232204861111
-4.547361219263027e-09 -272.6508562461046 836.6651372354497
-4.5408775388481485e-09 -273.0401600759522 839.3243582589286
-4.534393857103787e-09 -273.430577308586 853.7269190228175
-4.527910174021426e-09 -273.82211272783246 849.0746889467592
-4.521426489592553e-09 -274.21477114496275 844.6028542493386
-4.514942803808654e-09 -274.60855739889007 857.4328187003969
-4.508459116661214e-09 -275.00347635636814 861.2312076306217
-4.501975428141716e-09 -275.39953291219206 856.2100642774471
-4.495491738241647e-09 -275.7967319894002 859.8115957754629
-4.48900804695249e-09 -276.1950785394786 854.6492642195767
-4.4825243542657275e-09 -276.59457754256647 851.1233103918651
-4.476040660172842e-09 -276.9952340076638 865.3122158151455
-4.469556964665316e-09 -277.39705297284087 857.4160982969577
-4.4630732677346326e-09 -277.80003950544904 846.5166118964947
-4.45658956937227e-09 -278.2041987023345 851.4065496858466
-4.4501058695697135e-09 -278.6095356900523 844.2897548776455
-4.443622168318438e-09 -279.01605562508416 832.450763682209
-4.437138465609926e-09 -279.42376369405605 836.940181671627
-4.430654761435656e-09 -279.83266511395954 824.6006479414683
-4.424171055787108e-09 -280.2427651323742 824.6596808862433
-4.4176873486557586e-09 -280.6540690276919 823.3743386243386
-4.411203640033084e-09 -281.06658210934364 819.0052961722884
-4.4047199299105635e-09 -281.4803097180276 821.4414579199736
-4.398236218279673e-09 -281.8952572259401 829.1635613012567
-4.391752505131889e-09 -282.31143003700765 840.2455718832672
-4.385268790458685e-09 -282.72883358712227 840.4790168237433
-4.3787850742515385e-09 -283.14747334437726 837.2680638227513
-4.372301356501923e-09 -283.56735480930683 846.8706958912037
-4.36581763720131e-09 -283.9884835151269 848.8049613508598
-4.359333916341177e-09 -284.4108650279773 848.0950572503307
-4.352850193912994e-09 -284.83450494716857 850.7548931464947
-4.346366469908235e-09 -285.2594089054279 851.2324632109788
-4.3398827443183695e-09 -285.6855825691499 855.8440600198413
-4.333399017134872e-09 -286.11303163864767 853.8937768683862
-4.326915288349211e-09 -286.5417618484078 851.8153676835317
-4.320431557952858e-09 -286.9717789673461 849.658611317791
-4.313947825937282e-09 -287.40308879906695 853.1674623842592
-4.3074640922939515e-09 -287.83569718212397 850.5319475446429
-4.300980357014336e-09 -288.2696099902838 841.6245349702381
-4.294496620089904e-09 -288.70483313279186 851.2199177414021
-4.288012881512123e-09 -289.14137255464055 857.3739872685185
-4.28152914127246e-09 -289.5792342368401 847.969886739418
-4.275045399362382e-09 -290.0184241966917 852.6695601851852
-4.268561655773353e-09 -290.4589484880633 853.4412667410714
-4.262077910496841e-09 -290.90081320166735 851.9868861607143
-4.255594163524309e-09 -291.34402446534233 852.8638599537037
-4.249110414847224e-09 -291.78858844433506 864.6408885168651
-4.242626664457049e-09 -292.23451134158734 870.1119791666666
-4.236142912345245e-09 -292.6817993980245 864.9734416335979
-4.229659158503278e-09 -293.1304588928459 872.4197151951058
-4.223175402922608e-09 -293.5804961438196 872.4532541749338
-4.216691645594698e-09 -294.03191750757816 870.5026713376323
-4.2102078865110105e-09 -294.4847293799187 875.9468677662037
-4.203724125663004e-09 -294.9389381961045 883.3151455026455
-4.19724036304214e-09 -295.39455043117016 887.5855499751984
-4.190756598639878e-09 -295.85157260022896 876.7440941220239
-4.184272832447676e-09 -296.31001125878385 887.2454323743386
-4.177789064456996e-09 -296.7698730030406 886.5618489583334
-4.171305294659292e-09 -297.2311644702245 881.0450148809524
-4.164821523046024e-09 -297.69389233889945 892.4951740244709
-4.1583377496086485e-09 -298.1580633292904 890.5386233052249
-4.151853974338622e-09 -298.6236842036087 886.1790984623016
-4.145370197227399e-09 -299.0907617663807 885.6119429976852
-4.138886418266438e-09 -299.55930286477854 890.1037429728837
-4.132402637447191e-09 -300.02931438895604 888.9213272982804
-4.125918854761115e-09 -300.50080327238516 886.9736328125
-4.119435070199661e-09 -300.9737764921979 891.0752418154761
-4.112951283754286e-09 -301.4482410695299 887.2504391947751
-4.106467495416439e-09 -301.92420406986844 886.6590505125662
-4.099983705177573e-09 -302.4016726034027 886.667152364418
-4.0934999130291406e-09 -302.8806538253781 884.7655164930555
-4.087016118962595e-09 -303.36115493645343 876.2895481977513
-4.080532322969382e-09 -303.8431831830627 870.4008349867725
-4.074048525040956e-09 -304.326745857778 875.0365926752645
-4.067564725168763e-09 -304.8118502996786 875.2209976438492
-4.061080923344255e-09 -305.29850389472125 878.6228350281085
-4.0545971195588795e-09 -305.78671407611597 875.6503492890212
-4.048113313804084e-09 -306.27648832470373 874.4570829199736
-4.041629506071315e-09 -306.76783416933944 872.9793216765873
-4.035145696352021e-09 -307.2607591872767 867.7632275132275
-4.028661884637649e-09 -307.7552710045584 869.5714440724206
-4.022178070919642e-09 -308.2513772964093 866.1847873263889
-4.015694255189447e-09 -308.7490857876337 862.4452039930555
-4.009210437438507e-09 -309.24840425301596 855.8147424768518
-4.002726617658269e-09 -309.7493405177254 857.9236421130952
-3.996242795840175e-09 -310.2519024577255 869.717525421627
-3.989758971975667e-09 -310.7560980001866 859.5095847800926
-3.983275146056191e-09 -311.2619351239023 858.3417710400132
-3.976791318073184e-09 -311.769421859711 850.994476479828
-3.970307488018092e-09 -312.2785662909202 847.4268198164683
-3.963823655882351e-09 -312.7893765537368 847.1869833002645
-3.957339821657407e-09 -313.3018608376992 839.1557849702381
-3.950855985334696e-09 -313.8160273861163 836.1455698164683
-3.944372146905658e-09 -314.33188449650845 826.9706101190476
-3.937888306361731e-09 -314.8494405210546 824.3658647486773
-3.931404463694355e-09 -315.36870386704254 828.3688357721561
-3.9249206188949665e-09 -315.8896829973247 821.4065445188492
-3.918436771955002e-09 -316.4123864307775 817.8683862433862
-3.9119529228659e-09 -316.93682274276586 819.1271649718915
-3.905469071619095e-09 -317.4630005656124 807.191421750992
-3.898985218206022e-09 -317.99092858907096 792.8545128554895
-3.892501362618117e-09 -318.52061556080486 787.5768745866402
-3.886017504846812e-09 -319.05207028687056 778.9447544642857
-3.879533644883543e-09 -319.5853016322049 775.3473255621693
-3.873049782719744e-09 -320.1203185211188 772.0423228753307
-3.866565918346844e-09 -320.65712993779516 781.5056371941138
-3.86008205175628e-09 -321.19574492679106 785.4989097635582
-3.853598182939479e-09 -321.73617259354677 792.6406973379629
-3.8471143118878755e-09 -322.27842210489786 795.5116619130291
-3.840630438592897e-09 -322.82250268959456 794.2332330935847
-3.834146563045976e-09 -323.3684236388246 788.7334552744709
-3.8276626852385405e-09 -323.9161943067424 799.9674065806878
-3.82117880516202e-09 -324.4658241110035 807.1524832589286
-3.81469492280784e-09 -325.01732253330437 821.4666832010582
-3.8082110381674315e-09 -325.5706991199272 816.3555152529761
-3.801727151232222e-09 -326.1259634822912 814.3859953703703
-3.795243261993635e-09 -326.68312529750926 826.2822833994709
-3.788759370443099e-09 -327.24219430894965 814.0878544560185
-3.782275476572038e-09 -327.8031803268046 810.8229321676587
-3.775791580371877e-09 -328.3660932286635 813.0937034970239
-3.769307681834042e-09 -328.9309429600932 813.6563533399471
-3.762823780949954e-09 -329.4977395352239 807.8374359292328
-3.756339877711042e-09 -330.0664930373401 812.5449787119709
-3.7498559721087205e-09 -330.6372136194801 806.5549975198413
-3.7433720641344184e-09 -331.2099115050386 812.1411778687169
-3.736888153779552e-09 -331.7845969883785 821.2033420138889
-3.7304042410355475e-09 -332.3612804354465 821.2190031828703
-3.723920325893821e-09 -332.9399722843978 827.8648158482143
-3.7174364083457954e-09 -333.5206830462248 830.579830109127
-3.7109524883828876e-09 -334.10342330539436 826.9738394923942
-3.7044685659965192e-09 -334.68820372049 824.6053034060847
-3.6979846411781063e-09 -335.2750350248628 828.3775783316798
-3.691500713919068e-09 -335.86392802728756 821.4385954034392
-3.6850167842108182e-09 -336.4548936126266 823.9241433118386
-3.6785328520447787e-09 -337.04794274250014 827.1814184441138
-3.6720489174123604e-09 -337.64308645596503 842.3225963128307
-3.6655649803049817e-09 -338.24033587019846 830.9719638723545
-3.6590810407140556e-09 -338.8397021811914 820.4928902116402
-3.652597098630998e-09 -339.4411966644473 833.1497240823413
-3.646113154047222e-09 -340.0448306756902 823.9958198991402
-3.6396292069541417e-09 -340.6506156515784 820.4584470072751
-3.633145257343167e-09 -341.25856311042776 830.5542379712301
-3.626661305205714e-09 -341.86868465294066 833.564365286045
-3.6201773505331892e-09 -342.48099196294544 827.4084873098545
-3.6136933933170093e-09 -343.0954968081405 819.8746124751984
-3.6072094335485797e-09 -343.71221104085 813.4423363095239
-3.6007254712193123e-09 -344.33114659878447 822.6311848958334
-3.594241506320615e-09 -344.9523155058122 820.1423714451058
-3.587757538843899e-09 -345.5757298727368 818.7890004960317
-3.5812735687805703e-09 -346.20140189808586 812.9917586392196
-3.5747895961220376e-09 -346.829343868905 818.384677786045
-3.5683056208597053e-09 -347.4595681615639 825.5199446097884
-3.561821642984984e-09 -348.0920872425676 829.1874018270503
-3.5553376624892757e-09 -348.7269136693804 821.830966848545
-3.5488536793639875e-09 -349.3640600912558 830.3994398974868
-3.5423696936005233e-09 -350.0035392500771 837.1097366898148
-3.5358857051902893e-09 -350.64536398120663 838.0837105241402
-3.529401714124685e-09 -351.2895472143452 835.448810557209
-3.5229177203951176e-09 -351.93610197439926 821.5935949900794
-3.516433723992986e-09 -352.5850413823603 823.6736731150794
-3.5099497249096944e-09 -353.23637865619105 836.4311962632275
-3.503465723136642e-09 -353.89012711172404 825.6391937417328
-3.4969817186652323e-09 -354.5463001635683 847.9262566137567
-3.4904977114868636e-09 -355.2049113260278 851.6486958498677
-3.4840137015929346e-09 -355.8659742140288 852.4999534970239
-3.477529688974846e-09 -356.52950254405795 849.4964812748016
-3.4710456736239943e-09 -357.1955101351115 843.6050140542328
-3.4645616555317786e-09 -357.8640109096543 852.751136739418
-3.4580776346895984e-09 -358.53501889459005 860.7556061921297
-3.4515936110888445e-09 -359.2085482222434 862.0808738425926
-3.4451095847209192e-09 -359.88461313135014 860.8902736441798
-3.438625555577213e-09 -360.56322796806313 869.4671378968254
-3.432141523649125e-09 -361.24440718696485 877.6997354497355
-3.4256574889280464e-09 -361.92816535209556 879.9044932208994
-3.419173451405372e-09 -362.61451713799016 879.9262411127645
-3.412689411072496e-09 -363.3034773307287 882.9163153108466
-3.4062053679208098e-09 -363.9950608289979 883.1880166997355
-3.3997213219417064e-09 -364.6892826451654 896.5210296792328
-3.3932372731265762e-09 -365.3861579063661 902.3414506861773
-3.38675322146681e-09 -366.08570185560086 903.640480324074
-3.3802691669538005e-09 -366.78792985284764 907.6077008928571
-3.3737851095789333e-09 -367.492857376187 924.6641141699736
-3.3673010493336014e-09 -368.20050002293755 915.3814949156746
-3.3608169862091917e-09 -368.9108735108081 910.4046533978175
-3.354332920197093e-09 -369.6239936790604 914.0883608217592
-3.3478488512886897e-09 -370.3398764896872 915.4572947668651
-3.3413647794753726e-09 -371.05853802860213 919.6209904100529
-3.3348807047485273e-09 -371.77999450684604 926.9810939566798
-3.328396627099537e-09 -372.50426226180537 929.778656167328
-3.3219125465197895e-09 -373.2313577584449 935.3304346478175
-3.315428463000667e-09 -373.9612975905567 929.6045593584656
-3.3089443765335553e-09 -374.6940984820213 933.8270450975529
-3.3024602871098368e-09 -375.429777288086 936.3571996941138
-3.2959761947208933e-09 -376.16835099665684 934.3466900214947
-3.2894920993581106e-09 -376.909836729606 947.0160435267857
-3.2830080010128657e-09 -377.6542517440961 940.6357215195105
-3.2765238996765407e-09 -378.40161343391753 947.4370866402116
-3.27003979534052e-09 -379.151939330844 957.9150132275132
-3.2635556879961792e-09 -379.9052471060043 949.3770874669312
-3.2570715776348977e-09 -380.66155457126854 956.3733517278439
-3.2505874642480562e-09 -381.42087968065226 952.8638341187169
-3.244103347827032e-09 -382.1832405317378 947.1172546709656
-3.237619228363202e-09 -382.9486553671119 946.8075861855159
-3.2311351058479446e-09 -383.71714257582045 951.6950024801587
-3.2246509802726328e-09 -384.4887206948425 945.8824714781746
-3.2181668516286468e-09 -385.26340841057896 940.9199632109788
-3.211682719907357e-09 -386.04122456036333 936.2730396412037
-3.205198585100142e-09 -386.82218813398646 934.4603897982804
-3.198714447198373e-09 -387.60631827524423 924.2359819361773
-3.1922303061934246e-09 -388.39363428350003 928.1406870039683
-3.185746162076671e-09 -389.1841556152694 930.9184234457672
-3.1792620148394815e-09 -389.97790188582275 938.6398396164021
-3.1727778644732292e-09 -390.77489287080715 942.6733579282408
-3.1662937109692853e-09 -391.5751485078895 940.2096509176587
-3.1598095543190184e-09 -392.37868889841906 956.1238942625662
-3.153325394513802e-09 -393.18553430911004 966.9533626818783
-3.1468412315450015e-09 -393.9957051737467 986.1831803902116
-3.140357065403989e-09 -394.80922209490717 996.6331896908068
-3.133872896082127e-09 -395.6261058457116 983.3427269345239
-3.127388723570788e-09 -396.44637737158826 988.6295366236773
-3.1209045478613386e-09 -397.2700577920656 992.7975363756614
-3.1144203689451444e-09 -398.0971684025845 1004.3048166749338
-3.1079361868135693e-09 -398.92773067633345 1010.4344411375662
-3.101452001457979e-09 -399.761766266107 1017.5805844907408
-3.0949678128697386e-09 -400.5992970061873 1033.5243365575398
-3.088483621040213e-09 -401.4403449142498 1025.026847718254
-3.0819994259607626e-09 -402.28493219329334 1030.113529265873
-3.0755152276227534e-09 -403.1330812335926 1045.3777178406085
-3.0690310260175455e-09 -403.9848146146784 1037.4582196593915
-3.062546821136501e-09 -404.84015510734076 1041.0070891203704
-3.05606261297098e-09 -405.6991256756583 1049.0610739087301
-3.049578401512344e-09 -406.5617494790536 1058.1181898974867
-3.0430941867519508e-09 -407.428049874375 1052.4751880787037
-3.0366099686811627e-09 -408.2980504180038 1053.135902364418
-3.0301257472913343e-09 -409.17177486799153 1070.1775380291006
-3.023641522573827e-09 -410.0492471862202 1083.9481440145503
-3.0171572945199954e-09 -410.9304915405953 1069.8636739417989
-3.0106730631211984e-09 -411.815532307263 1076.713882688492
-3.0041888283687888e-09 -412.70439407285943 1096.8822234623017
-2.9977045902541265e-09 -413.5971016367855 1091.9074384093915
-2.9912203487685634e-09 -414.4936800135159 1096.042648396164
-2.984736103903454e-09 -415.39415443493397 1102.8457651289682
-2.978251855650152e-09 -416.29855035269907 1109.873790922619
-2.9717676040000126e-09 -417.20689344064505 1122.6210317460318
-2.9652833489443858e-09 -418.11920959721 1107.2039000496031
-2.958799090474625e-09 -419.0355249478969 1104.8689546130952
-2.95231482858208e-09 -419.95586584776873 1115.4581783234128
-2.9458305632581027e-09 -420.8802588839744 1130.1240492724867
-2.939346294494041e-09 -421.8087308783099 1110.197482638889
-2.9328620222812484e-09 -422.7413088898115 1130.399470899471
-2.9263777466110697e-09 -423.6780202173864 1135.9126364087301
-2.919893467474856e-09 -424.6188924024746 1143.8970010747355
-2.913409184863952e-09 -425.5639532317502 1162.1477037863756
-2.906924898769708e-09 -426.51323073985515 1143.038349454365
-2.9004406091834685e-09 -427.466753212173 1151.691829943783
-2.8939563160965797e-09 -428.42454918763787 1168.1510830026455
-2.887472019500386e-09 -429.386647461582 1169.1858775628307
-2.8809877193862342e-09 -430.353077088621 1169.892867476852
-2.8745034157454663e-09 -431.32386738558006 1170.5377087466932
-2.8680191085694248e-09 -432.2990479344577 1177.3385106646826
-2.8615347978494557e-09 -433.2786485854302 1171.8805286871693
-2.8550504835768986e-09 -434.2626994598991 1158.0200376157406
-2.8485661657430956e-09 -435.25123095357736 1168.3585172784392
-2.842081844339387e-09 -436.24427373961953 1164.2956245866403
-2.835597519357116e-09 -437.2418587717943 1153.0657242063492
-2.8291131907876198e-09 -438.24401728770164 1145.0078641699736
-2.8226288586222365e-09 -439.2507808120328 1157.7121155753969
-2.816144522852307e-09 -440.2621811598758 1165.698226686508
-2.809660183469167e-09 -441.27825044006795 1150.5942977017196
-2.803175840464156e-09 -442.2990210585928 1137.663525132275
-2.7966914938286088e-09 -443.3245257220267 1143.536075975529
-2.7902071435538637e-09 -444.3547974410308 1127.4458395337301
-2.7837227896312534e-09 -445.3898695338951 1132.2333002645503
-2.7772384320521136e-09 -446.4297756301283 1149.613921957672
-2.77075407080778e-09 -447.47454967410135 1156.138175843254
-2.764269705889585e-09 -448.5242259287409 1148.1144799933863
-2.7577853372888595e-09 -449.57883897927525 1144.7731791501324
-2.7513009649969405e-09 -450.6384237370313 1132.3091207837301
-2.7448165890051556e-09 -451.70301544329 1125.1576864252645
-2.738332209304837e-09 -452.7726496731911 1128.8924954530423
-2.731847825887317e-09 -453.84736233969693 1123.7857659556878
-2.725363438743924e-09 -454.9271896976124 1127.655361276455
-2.7188790478659862e-09 -456.0121683476617 1126.3111255787037
-2.7123946532448333e-09 -457.10233524062346 1119.7504030257937
-2.7059102548717943e-09 -458.19772768152575 1106.961826223545
-2.6994258527381965e-09 -459.29838333390234 1126.141865079365
-2.692941446835363e-09 -460.4043402241096 1120.8521928736773
-2.686457037154625e-09 -461.51563674570406 1095.054646164021
-2.6799726236873035e-09 -462.6323116638888 1117.0991546792327
-2.6734882064247287e-09 -463.7544041200175 1127.5591517857142
-2.6670037853582207e-09 -464.88195363617154 1123.206359540344
-2.6605193604791037e-09 -466.015000119798 1122.565341848545
-2.6540349317787026e-09 -467.1535838684184 1108.426070601852
-2.6475504992483383e-09 -468.2977455744077 1104.4951120205026
-2.6410660628793314e-09 -469.44752632984097 1103.5647941468253
-2.634581622663007e-09 -470.6029676314129 1090.496982473545
-2.6280971785906822e-09 -471.76411138543205 1095.4857080853174
-2.621612730653677e-09 -472.9309999128858 1097.5145812665344
-2.615128278843314e-09 -474.103675954582 1101.427982390873
-2.6086438231509086e-09 -475.28218267637 1088.1204840443122
-2.6021593635677794e-09 -476.4665636744349 1082.2702339616403
-2.595674900085245e-09 -477.6568629806747 1082.6803488756614
-2.5891904326946214e-09 -478.8531250681575 1076.4474309689153
-2.5827059613872243e-09 -480.05539485666026 1088.1454819775133
-2.576221486154371e-09 -481.2637177182914 1083.6870969742063
-2.5697370069873743e-09 -482.47813948319964 1071.6330398478835
-2.56325252387755e-09 -483.69870644536746 1081.9998656580688
-2.5567680368162108e-09 -484.925465368495 1069.1833250661375
-2.5502835457946707e-09 -486.15846349197164 1063.315941220238
-2.5437990508042408e-09 -487.3977485369409 1060.7704406415344
-2.537314551836236e-09 -488.6433687124562 1053.7545882936508
-2.530830048881962e-09 -489.89537272173453 1057.3671875
-2.5243455419327347e-09 -491.15380976850116 1052.7288566468253
-2.5178610309798588e-09 -492.4187295634396 1047.550460896164
-2.51137651601465e-09 -493.69018233073336 1041.7157118055557
-2.5048919970284122e-09 -494.9682188147177 1037.7004794973545
-2.498407474012455e-09 -496.2528902866281 1027.1918919477514
-2.4919229469580846e-09 -497.54424855145777 1026.0811838624338
-2.4854384158566093e-09 -498.84234595492137 1005.0486627810847
-2.4789538806993344e-09 -500.14723539052864 1008.0707775297619
-2.472469341477565e-09 -501.4589703067688 1018.293929811508
-2.4659847981826057e-09 -502.7776047144084 1012.9492394179895
-2.4595002508057634e-09 -504.10319319390453 996.9715401785714
-2.4530156993383367e-09 -505.4357909029374 991.461753885582
-2.446531143771635e-09 -506.7754535840579 978.9201285548942
-2.440046584096955e-09 -508.1222375724649 974.5150256283068
-2.433562020305601e-09 -509.47619980389817 961.5930266203703
-2.4270774523888727e-09 -510.8373978226648 970.0187355324074
-2.4205928803380727e-09 -512.2058897897905 976.0647683118386
-2.414108304144499e-09 -513.5817344913049 972.6323681382275
-2.4076237237994507e-09 -514.9649913466587 947.2213748346561
-2.401139139294225e-09 -516.3557204172789 930.2540819279101
-2.394654550620124e-09 -517.7539824152601 940.6708622685185
-2.3881699577684403e-09 -519.159838712204 945.9160052910053
-2.381685360730474e-09 -520.5733513481937 922.9227017195767
-2.3752007594975175e-09 -521.9945830409248 926.8618809937169
-2.3687161540608712e-09 -523.4235971949778 929.1604249338625
-2.362231544411824e-09 -524.8604579112522 913.7846447172619
-2.355746930541674e-09 -526.3052299965466 908.930183531746
-2.349262312441711e-09 -527.7579789733066 909.6410486937831
-2.342777690103233e-09 -529.2187710895273 899.5301390955688
-2.3362930635175264e-09 -530.6876733288274 897.5871155753969
-2.329808432675886e-09 -532.1647534206845 907.6840587797619
-2.3233237975696e-09 -533.6500798508488 895.2312437996031
-2.316839158189964e-09 -535.1437218719248 892.0749214616402
-2.3103545145282605e-09 -536.6457495141395 897.8483072916666
-2.303869866575785e-09 -538.1562335962826 886.3968822337963
-2.2973852143238183e-09 -539.6752457368422 896.6785455935847
-2.2909005577636556e-09 -541.2028583653191 889.2857194527116
-2.2844158968865784e-09 -542.7391447337458 890.1307663690476
-2.2779312316838747e-09 -544.2841789283902 880.5607587218915
-2.2714465621468323e-09 -545.8380358816681 873.081142526455
-2.2649618882667344e-09 -547.4007913842582 866.6639539930555
-2.2584772100348636e-09 -548.9725220974248 811.4150183945105
-2.2519925274425057e-09 -550.5533055655524 746.429454985119
-2.245507840480944e-09 -552.1432202289013 872.3030443948413
-2.23902314914146e-09 -553.7423454365822 878.4973389963625
-2.2325384534153346e-09 -555.350761459757 877.7549861524471
-2.2260537532938528e-09 -556.9685495050701 870.8812365658068
-2.21956904876829e-09 -558.5957917283188 860.1639643270503
-2.2130843398299303e-09 -560.232571248357 855.8100870122355
-2.2065996264700485e-09 -561.8789721612524 857.0893787202381
-2.2001149086799276e-09 -563.5350795546863 851.5894975611773
-2.193630186450842e-09 -565.2009795226159 849.0213707010582
-2.1871454597740712e-09 -566.876759180191 852.0854828042328
-2.1806607286408913e-09 -568.5625066789424 829.3989490327381
-2.1741759930425785e-09 -570.2583112222386 838.4611286789021
-2.167691252970405e-09 -571.9642630810217 845.0389384920635
-2.1612065084156507e-09 -573.680453609824 828.3097563244048
-2.1547217593695847e-09 -575.4069752630797 831.3716982886905
-2.148237005823483e-09 -577.1439216117246 829.3692646329365
-2.141752247768618e-09 -578.891387360103 824.6984333664021
-2.1352674851962615e-09 -580.6494683631804 821.7308821097884
-2.1287827180976834e-09 -582.4182616440715 818.6261729083994
-2.122297946464159e-09 -584.1978654118876 823.7985232721561
-2.1158131702869517e-09 -585.9883790799184 826.6454354745371
-2.1093283895573362e-09 -587.7899032841385 827.9041108630952
-2.1028436042665786e-09 -589.6025399020682 823.2339513062169
-2.0963588144059476e-09 -591.4263920719758 827.373046875
-2.089874019966712e-09 -593.2615642124414 827.326404389881
-2.0833892209401355e-09 -595.1081620422862 832.4462838955027
-2.0769044173174863e-09 -596.9662926008722 824.0936879960317
-2.070419609090029e-09 -598.8360642687875 842.6851851851852
-2.06393479624903e-09 -600.7175867889179 814.8641183035714
-2.057449978785753e-09 -602.6109712879206 799.9276052000662
-2.0509651566914603e-09 -604.5163302981025 835.559074280754
-2.044480329957416e-09 -606.4337777797152 828.1257957175926
-2.037995498574879e-09 -608.3634291436786 840.7969886739418
-2.031510662535116e-09 -610.3054012747339 838.5927372685185
-2.0250258218293843e-09 -612.2598125550497 839.2197058945105
-2.0185409764489444e-09 -614.226782888276 849.3908161789021
-2.012056126385057e-09 -616.2064337240658 864.0389953290344
-2.0055712716289794e-09 -618.1988880830753 864.6271546378969
-1.999086412171974e-09 -620.2042705824441 857.6656642691798
-1.992601548005292e-09 -622.2227074617838 858.9539362185847
-1.9861166791201944e-09 -624.2543266096617 872.3686704282408
-1.9796318055079362e-09 -626.2992575906176 877.8709180720899
-1.973146927159773e-09 -628.357631672707 879.6795324900794
-1.9666620440669608e-09 -630.4295818555902 885.5678323412699
-1.960177156220749e-09 -632.5152428991818 887.997085813492
-1.9536922636123985e-09 -634.614751352863 896.008701223545
-1.9472073662331593e-09 -636.7282455852908 918.3526010664683
-1.9407224640742807e-09 -638.8558658147937 918.1988932291666
-1.9342375571270173e-09 -640.9977541403807 923.6638196511243
-1.9277526453826204e-09 -643.1540545733815 922.8158120453043
-1.9212677288323386e-09 -645.3249130697237 923.2174065806878
-1.914782807467421e-09 -647.5104775628657 933.2446469907408
-1.908297881279118e-09 -649.7108979974015 942.0404679232804
-1.901812950258677e-09 -651.9263263633555 955.4447751322751
-1.8953280143973467e-09 -654.1569167311782 965.751808449074
-1.88884307368637e-09 -656.4028252874658 964.8890542328043
-1.8823581281169997e-09 -658.6642103714129 977.3034577546297
-1.8758731776804765e-09 -660.9412325120311 986.8899946263227
-1.8693882223680483e-09 -663.2340544661312 1003.3426649305555
-1.862903262170955e-09 -665.542841257109 1013.038070436508
-1.8564182970804434e-09 -667.8677602145336 1016.8402467757936
-1.8499333270877566e-09 -670.2089810145785 1027.4581783234128
-1.8434483521841358e-09 -672.566675721301 1053.6827256944443
-1.8369633723608204e-09 -674.9410188287967 1052.2615224041006
-1.8304783876090563e-09 -677.3321873042476 1055.213779348545
-1.8239933979200788e-09 -679.7403606318975 1083.0814835482804
-1.8175084032851323e-09 -682.1657208579558 1099.5208023313492
-1.8110234036954503e-09 -684.6084526364805 1103.201130539021
-1.804538399142274e-09 -687.0687432762368 1124.7766823743386
-1.7980533896168402e-09 -689.5467827885806 1139.5585007440477
-1.7915683751103874e-09 -692.0427639363759 1156.864666005291
-1.7850833556141479e-09 -694.5568822839838 1175.0208229993386
-1.7785983311193613e-09 -697.0893362483364 1196.517547123016
-1.7721133016172603e-09 -699.6403271511442 1218.1239252645503
-1.7656282670990765e-09 -702.2100592722453 1228.0127004794974
-1.759143227556048e-09 -704.7987399041343 1249.0212466931216
-1.752658182979408e-09 -707.4065794077095 1277.3306051587301
-1.7461731333603833e-09 -710.033791269259 1288.0488074570105
-1.73968807869021e-09 -712.680592158714 1322.6882337136244
-1.7332030189601153e-09 -715.347201989224 1350.9314029431216
-1.7267179541613314e-09 -718.0338439780611 1362.1500909391534
-1.7202328842850871e-09 -720.7407447089126 1380.2345196759259
-1.7137478093226122e-09 -723.4681341955809 1419.318328373016
-1.7072627292651316e-09 -726.2162459471413 1451.4768621858466
-1.7007776441038784e-09 -728.9853170345815 1479.2680224867725
-1.6942925538300724e-09 -731.7755881589876 1499.7374545304233
-1.6878074584349435e-09 -734.5873037212817 1524.4178550760582
-1.6813223579097164e-09 -737.4207118935913 1562.1544002149471
-1.6748372522456162e-09 -740.2760646922669 1597.439236111111
-1.6683521414338652e-09 -743.1536180526086 1623.6016658399471
-1.6618670254656866e-09 -746.0536319053368 1653.9806960978835
-1.6553819043323056e-09 -748.9763702548637 1679.1173218419312
-1.6488967780249416e-09 -751.9221012594157 1701.561435598545
-1.6424116465348184e-09 -754.8910973130452 1733.1354166666667
-1.635926509853152e-09 -757.883635129605 1780.1348896329366
-1.6294413679711673e-09 -760.8999958287135 1814.016834077381
-1.6229562208800805e-09 -763.9404650237979 1858.224888392857
-1.6164710685711087e-09 -767.0053329122443 1889.802414021164
-1.6099859110354723e-09 -770.0948943677292 1942.1461020171957
-1.6035007482643872e-09 -773.2094490347988 1987.171585648148
-1.5970155802490727e-09 -776.3493014257425 2043.9792906746031
-1.5905304069807397e-09 -779.514761019849 2104.0940600198414
-1.5840452284506071e-09 -782.7061423650849 2152.3181010251324
-1.5775600446498852e-09 -785.9237651822996 2205.011222718254
-1.571074855569793e-09 -789.1679544719923 2271.5729580026455
-1.5645896612015382e-09 -792.439040623756 2344.223792989418
-1.5581044615363375e-09 -795.7373595284319 2413.9218956679892
-1.5516192565653983e-09 -799.0632526930984 2475.866050760582
-1.5451340462799337e-09 -802.4170673589382 2567.6492435515875
-1.5386488306711543e-09 -805.7991566220986 2653.3134093915346
-1.5321636097302702e-09 -809.2098795576162 2779.65873015873
-1.5256783834484863e-09 -812.6496013465062 2891.3810763888887
-1.5191931518170165e-09 -816.1186934060973 3005.3186590608466
-1.512707914827064e-09 -819.6175335237376 3119.2595279431216
-1.506222672469837e-09 -823.1465059939356 3229.8447627314813
-1.499737424736541e-09 -826.7060017590729 3343.131531084656
-1.4932521716183813e-09 -830.2964185537786 3477.9296668320108
-1.4867669131065617e-09 -833.9181610530841 3606.677744708995
-1.4802816491922882e-09 -837.5716410244705 3743.9148478835978
-1.4737963798667636e-09 -841.257277483936 3890.398974867725
-1.4673111051211909e-09 -844.9754968561974 4055.0351355820108
-1.4608258249467692e-09 -848.7267331391631 4236.840236441799
-1.4543405393347043e-09 -852.5114280727996 4422.240534060847
-1.4478552482761923e-09 -856.3300313125519 4614.14417989418
-1.4413699517624336e-09 -860.1830006074284 4830.415922619048
-1.4348846497846304e-09 -864.0708019829252 4998.617807539683
-1.4283993423339787e-09 -867.9939099289384 5219.6020585317465
-1.4219140294016753e-09 -871.9528075928088 5566.458457341269
-1.4154287109789184e-09 -875.9479869776789 5885.092881944444
-1.4089433870569062e-09 -879.9799491463301 6227.867724867725
-1.4024580576268322e-09 -884.0492044306776 6595.6228918650795
-1.3959727226798905e-09 -888.1562726470994 7029.800636574074
-1.3894873822072771e-09 -892.3016833177983 7499.062913359789
-1.3830020362001855e-09 -896.4859758983977 8017.837549603175
-1.3765166846498079e-09 -900.709700011966 8621.279265873016
-1.3700313275473342e-09 -904.973415689692 9289.11507936508
-1.3635459648839607e-09 -909.2776936184226 10088.75777116402
-1.3570605966508736e-09 -913.6231153953138 10962.145750661375
-1.3505752228392653e-09 -918.0102737898002 11917.069857804232
-1.3440898434403233e-09 -922.4397730131665 13088.86607142857
-1.3376044584452388e-09 -926.9122289959481 14368.802166005291
-1.3311190678451979e-09 -931.4282696734546 15894.831018518518
-1.3246336716313896e-09 -935.988535279669 17499.19212962963
-1.3181482697949942e-09 -940.5936786498393 14682.388310185184
-1.3116628623272066e-09 -945.2443655320205 10610.60474537037
