string
20201021_9.5_01_degreeper_secondprocessedoffset angle 0.12149006445532667 in rad by: offset_angle in degree:_8.25offset 0th. order in px_-131
nm eV  counts
1.211914227027072e-08 102.30442901341553 1809.2736235119048
1.2126890325100595e-08 102.23906515639322 2739.430803571429
1.2134638262241683e-08 102.17378576090765 3543.146184689154
1.21423860816914e-08 102.10859066340014 3607.5840498236334
1.2150133783447172e-08 102.04347970073404 3596.1973655202823
1.2157881367506416e-08 101.9784527101934 3572.230076058201
1.2165628833866548e-08 101.91350952948159 3550.141059027778
1.217337618252499e-08 101.84864999671993 3550.16052138448
1.2181123413479153e-08 101.78387395044648 3539.7990726962084
1.2188870526726455e-08 101.71918122961445 3490.2888007054676
1.2196617522264304e-08 101.65457167359115 3462.145130621693
1.2204364400090123e-08 101.59004512215637 3440.198688271605
1.2212111160201314e-08 101.52560141550136 3417.4451264880954
1.2219857802595293e-08 101.46124039422723 3395.359657462522
1.222760432726947e-08 101.39696189934385 3362.6460193452385
1.2235350734221249e-08 101.33276577226843 3338.0414324294534
1.224309702344804e-08 101.26865185482424 3294.974681712963
1.225084319494725e-08 101.20461998923928 3258.723303847002
1.2258589248716282e-08 101.14067001814507 3242.5898713073193
1.2266335184752541e-08 101.0768017845753 3184.5396549823636
1.2274081003053434e-08 101.0130151319645 3168.6768008708113
1.2281826703616357e-08 100.94930990414689 3120.520282186949
1.2289572286438715e-08 100.88568594535498 3096.929770171958
1.2297317751517905e-08 100.82214310021841 3094.514956735009
1.2305063098851328e-08 100.75868121376257 3036.151103670635
1.2312808328436381e-08 100.69530013140742 3014.0815489969136
1.2320553440270457e-08 100.63199969896625 3013.3573082010585
1.2328298434350958e-08 100.56877976264433 2991.154686122134
1.2336043310675276e-08 100.50564016903775 2961.0572021053795
1.2343788069240802e-08 100.44258076513219 2945.999503968254
1.2351532710044933e-08 100.37960139830162 2950.943252590388
1.2359277233085055e-08 100.31670191630711 2945.6061576829807
1.236702163835856e-08 100.25388216729563 2927.1739624669312
1.2374765925862839e-08 100.19114199979872 2931.725639329806
1.2382510095595278e-08 100.12848126273141 2939.01031332672
1.2390254147553264e-08 100.06589980539094 2932.275648974868
1.2397998081734185e-08 100.0033974774555 2952.1530877976193
1.2405741898135422e-08 99.94097412898314 2967.2888075947976
1.2413485596754361e-08 99.8786296104105 2951.9450300374783
1.2421229177588386e-08 99.81636377255161 2947.1061025683425
1.2428972640634877e-08 99.75417646659675 2963.603946208113
1.2436715985891213e-08 99.6920675441112 2966.573660714286
1.2444459213354776e-08 99.63003685703414 2976.766665288801
1.2452202323022946e-08 99.56808425767736 3008.1376074735454
1.2459945314893094e-08 99.50620959872425 2999.8898051697533
1.2467688188962598e-08 99.44441273322848 3012.062251984127
1.2475430945228837e-08 99.38269351461285 3025.953173225309
1.2483173583689184e-08 99.32105179666826 3042.774367559524
1.2490916104341008e-08 99.25948743355247 3041.640728339947
1.2498658507181687e-08 99.19800027978886 3059.418643904321
1.2506400792208586e-08 99.13659019026551 3079.9738205467374
1.2514142959419075e-08 99.07525702023382 3093.372568066579
1.2521885008810528e-08 99.0140006253075 3141.6992876432982
1.2529626940380308e-08 98.95282086146149 3162.222876708554
1.2537368754125783e-08 98.89171758503065 3186.9442377645505
1.2545110450044316e-08 98.83069065270881 3191.511346726191
1.2552852028133274e-08 98.76973992154757 3229.6591504078488
1.256059348839002e-08 98.70886524895518 3244.909646439595
1.2568334830811917e-08 98.64806649269546 3282.390528549383
1.2576076055396321e-08 98.58734351088673 3307.9783606150795
1.2583817162140597e-08 98.52669616200053 3348.933531746032
1.2591558151042104e-08 98.46612430486076 3356.3685309193124
1.2599299022098198e-08 98.4056277986424 3406.1573729607585
1.2607039775306236e-08 98.34520650287054 3456.8396921847443
1.2614780410663573e-08 98.28486027741923 3455.5349564594358
1.2622520928167566e-08 98.22458898251037 3497.706404320988
1.2630261327815565e-08 98.16439247871273 3537.952594521605
1.2638001609604923e-08 98.10427062694077 3572.477816358025
1.2645741773532991e-08 98.04422328845364 3620.9974371693124
1.2653481819597129e-08 97.98425032485402 3641.248346560847
1.2661221747794667e-08 97.9243515980873 3678.039710097002
1.2668961558122971e-08 97.86452697044011 3726.292576058201
1.267670125057938e-08 97.80477630453966 3768.806010251323
1.268444082516124e-08 97.74509946335249 3791.2467620149914
1.26921802818659e-08 97.68549631018344 3854.1960841049386
1.2699919620690696e-08 97.6259667086747 3901.8967702821874
1.2707658841632979e-08 97.56651052280456 3958.5495893959437
1.2715397944690085e-08 97.50712761688665 3987.3049630731925
1.2723136929859357e-08 97.44781785556872 4028.289723875662
1.273087579713813e-08 97.38858110383165 4076.8160273368608
1.2738614546523751e-08 97.32941722698844 4112.499517746914
1.274635317801355e-08 97.27032609068323 4164.173693783069
1.2754091691604869e-08 97.21130756089013 4215.651455026456
1.2761830087295036e-08 97.15236150391249 4284.463734567901
1.276956836508139e-08 97.09348778638156 4366.821538800706
1.277730652496126e-08 97.03468627525578 4434.608548280424
1.2785044566931985e-08 96.97595683781945 4481.523024140212
1.2792782490990886e-08 96.91729934168218 4497.569857804233
1.2800520297135304e-08 96.85871365477739 4569.04796351411
1.2808257985362558e-08 96.80019964536174 4610.857583774251
1.281599555566998e-08 96.74175718201388 4634.492049713404
1.2823733008054897e-08 96.6833861336336 4685.72978670635
1.2831470342514627e-08 96.62508636944084 4720.644841269842
1.2839207559046505e-08 96.56685775897454 4781.693259479718
1.2846944657647851e-08 96.5087001720919 4839.510582010583
1.2854681638315981e-08 96.45061347896741 4863.17756558642
1.2862418501048222e-08 96.39259755009165 4888.364679783951
1.2870155245841897e-08 96.33465225627047 4910.561755952382
1.2877891872694313e-08 96.27677746862419 4949.006351962082
1.2885628381602798e-08 96.21897305858629 4971.366636353616
1.2893364772564666e-08 96.16123889790275 4983.8072503306885
1.2901101045577231e-08 96.10357485863102 5012.353188381835
1.2908837200637809e-08 96.04598081313904 5022.5259038800705
1.2916573237743714e-08 95.98845663410428 5020.60157627866
1.2924309156892258e-08 95.9310021945129 5063.868152006174
1.293204495808075e-08 95.87361736765875 5126.582616843034
1.2939780641306503e-08 95.81630202714241 5158.992228835979
1.2947516206566822e-08 95.75905604687034 5178.852375440917
1.295525165385902e-08 95.70187930105386 5160.780147707232
1.2962986983180401e-08 95.64477166420833 5204.444375551147
1.2970722194528271e-08 95.58773301115218 5228.629436728395
1.2978457287899941e-08 95.53076321700594 5240.855516975309
1.2986192263292704e-08 95.4738621571915 5280.695202270724
1.2993927120703868e-08 95.417029707431 5283.734912367725
1.3001661860130736e-08 95.36026574374604 5306.282517636685
1.3009396481570603e-08 95.30357014245678 5344.326085758378
1.3017130985020774e-08 95.24694278018097 5350.165275022046
1.3024865370478544e-08 95.19038353383316 5361.648961089066
1.3032599637941211e-08 95.13389228062368 5386.200121252205
1.3040333787406071e-08 95.0774688980579 5370.277295524692
1.304806781887042e-08 95.02111326393522 5361.638902667549
1.3055801732331548e-08 94.96482525634826 5416.568493716932
1.3063535527786752e-08 94.90860475368193 5451.022583223104
1.307126920523332e-08 94.85245163461259 5474.545166446209
1.3079002764668549e-08 94.79636577810714 5508.848655202823
1.308673620608972e-08 94.74034706342229 5533.129478064374
1.3094469529494131e-08 94.68439537010342 5562.125564925044
1.3102202734879062e-08 94.62851057798402 5608.60938877866
1.3109935822241799e-08 94.57269256718462 5618.036885471782
1.3117668791579628e-08 94.51694121811204 5627.242821318343
1.3125401642889835e-08 94.46125641145842 5597.817804783951
1.3133134376169708e-08 94.40563802820051 5608.954957561728
1.314086699141652e-08 94.35008594959879 5654.679577270724
1.3148599488627551e-08 94.29460005719658 5682.878017526456
1.3156331867800091e-08 94.23918023281911 5698.394097222223
1.3164064128931406e-08 94.18382635857294 5736.000812940918
1.3171796272018784e-08 94.12853831684485 5773.45741016314
1.31795282970595e-08 94.07331599030118 5803.596367945327
1.318726020405082e-08 94.01815926188699 5822.489321538801
1.3194991992990026e-08 93.9630680148251 5840.875771604939
1.3202723663874393e-08 93.90804213261536 5840.446635251324
1.3210455216701189e-08 93.85308149903392 5851.05647872575
1.3218186651467685e-08 93.79818599813221 5887.103863536156
1.3225917968171151e-08 93.74335551423633 5895.959270282187
1.3233649166808859e-08 93.68858993194603 5934.8187417328045
1.3241380247378073e-08 93.6338891361341 5981.160852072311
1.3249111209876059e-08 93.57925301194544 5980.625482253087
1.3256842054300088e-08 93.52468144479627 5996.717096560847
1.3264572780647421e-08 93.47017432037339 6013.180390211641
1.3272303388915319e-08 93.41573152463332 6022.004519400353
1.3280033879101043e-08 93.36135294380153 6066.615685626103
1.3287764251201863e-08 93.30703846437162 6092.675195656967
1.3295494505215033e-08 93.25278797310457 6099.732418430335
1.3303224641137808e-08 93.198601357028 6149.111000881835
1.3310954658967456e-08 93.14447850343517 6165.63175154321
1.3318684558701227e-08 93.0904192998845 6158.277943121693
1.3326414340336373e-08 93.03642363419863 6185.789103835979
1.333414400387016e-08 92.98249139446351 6240.448426477073
1.3341873549299828e-08 92.928622469028 6256.788194444445
1.334960297662264e-08 92.87481674650269 6271.22340718695
1.3357332285835846e-08 92.82107411575936 6285.431065365961
1.336506147693669e-08 92.76739446593027 6307.247781635803
1.3372790549922424e-08 92.71377768640717 6319.9359292328045
1.3380519504790302e-08 92.66022366684074 6339.555707120811
1.3388248341537561e-08 92.60673229713977 6326.156856261024
1.3395977060161454e-08 92.55330346747036 6317.252604166667
1.340370566065922e-08 92.49993706825524 6306.6321511243395
1.341143414302811e-08 92.44663299017294 6317.30330963404
1.341916250726536e-08 92.39339112415719 6293.109430114639
1.3426890753368214e-08 92.340211361396 6295.7683669532635
1.3434618881333915e-08 92.28709359333097 6292.075203924162
1.3442346891159698e-08 92.23403771165667 6291.75464340829
1.3450074782842802e-08 92.18104360831977 6344.959421847443
1.3457802556380465e-08 92.12811117551834 6384.209311618166
1.3465530211769924e-08 92.07524030570113 6389.284060846561
1.3473257749008412e-08 92.02243089156687 6423.908247905644
1.3480985168093164e-08 91.96968282606348 6463.661403218695
1.3488712469021413e-08 91.9169960023874 6519.811783509701
1.3496439651790387e-08 91.86437031398289 6521.843309082893
1.3504166716397322e-08 91.81180565454117 6548.230406746032
1.351189366283944e-08 91.75930191799995 6587.019262566138
1.3519620491113979e-08 91.70685899854242 6593.058655753969
1.3527347201218158e-08 91.6544767905968 6579.342137896826
1.353507379314921e-08 91.60215518883551 6600.527929343034
1.3542800266904353e-08 91.54989408817447 6616.023478835979
1.3550526622480815e-08 91.49769338377239 6640.607225529101
1.3558252859875819e-08 91.4455529710301 6676.949542548501
1.3565978979086585e-08 91.39347274558983 6649.874407517637
1.3573704980110335e-08 91.34145260333456 6676.696910824516
1.3581430862944285e-08 91.28949244038725 6668.458443562611
1.358915662758566e-08 91.23759215311017 6670.81500771605
1.359688227403167e-08 91.18575163810428 6698.013117283951
1.3604607802279535e-08 91.13397079220846 6708.871183311288
1.3612333212326474e-08 91.08224951249882 6727.660659171076
1.3620058504169693e-08 91.03058769628815 6706.416997354498
1.3627783677806409e-08 90.97898524112507 6701.960014329807
1.3635508733233837e-08 90.92744204479344 6691.1959876543215
1.3643233670449181e-08 90.8759580053117 6694.255814594357
1.3650958489449656e-08 90.82453302093215 6736.035466269842
1.3658683190232468e-08 90.77316699014033 6751.588472773369
1.3666407772794824e-08 90.72185981165427 6739.911265432099
1.367413223713393e-08 90.67061138442395 6753.670083774251
1.3681856583246997e-08 90.61942160763049 6775.7893794091715
1.3689580811131221e-08 90.56829038068562 6754.429425705468
1.3697304920783814e-08 90.51721760323093 6758.0171130952385
1.3705028912201968e-08 90.46620317513731 6744.231150793651
1.3712752785382889e-08 90.41524699650417 6725.64739032187
1.3720476540323777e-08 90.36434896765886 6744.593667328043
1.372820017702183e-08 90.31350898915602 6755.576154651676
1.3735923695474247e-08 90.26272696177696 6739.254023368607
1.374364709567822e-08 90.21200278652897 6723.313147597002
1.375137037763095e-08 90.16133636464464 6757.108961640212
1.3759093541329627e-08 90.11072759758132 6782.258804563493
1.376681658677145e-08 90.06017638702036 6780.566509589948
1.3774539513953599e-08 90.00968263486669 6768.425236992945
1.3782262322873273e-08 89.95924624324789 6791.753265542328
1.3789985013527667e-08 89.9088671145137 6810.91373181217
1.3797707585913961e-08 89.8585451512355 6835.671089616402
1.3805430040029348e-08 89.80828025620553 6828.636601631394
1.3813152375871007e-08 89.75807233243631 6855.4617917768965
1.3820874593436133e-08 89.70792128315999 6872.462315365961
1.3828596692721906e-08 89.65782701182778 6862.228904872135
1.3836318673725509e-08 89.60778942210932 6860.474605930335
1.3844040536444121e-08 89.55780841789208 6877.906401565257
1.3851762280874928e-08 89.5078839032806 6883.489927799824
1.385948390701511e-08 89.4580157825961 6856.873484347443
1.3867205414861844e-08 89.40820396037573 6858.477664792769
1.3874926804412304e-08 89.35844834137198 6850.1324129188715
1.3882648075663674e-08 89.30874883055209 6842.787353946209
1.3890369228613125e-08 89.25910533309744 6868.304811507937
1.389809026325783e-08 89.20951775440297 6896.316137566138
1.3905811179594968e-08 89.15998600007649 6896.285480048501
1.3913531977621703e-08 89.11050997593823 6928.037574404762
1.3921252657335214e-08 89.0610895880201 6949.940820656967
1.3928973218732665e-08 89.0117247425652 6956.847580467373
1.393669366181123e-08 88.96241534602713 6951.796461640212
1.3944413986568074e-08 88.9131613050695 6965.70243606702
1.3952134193000364e-08 88.86396252656527 6987.118744488536
1.3959854281105263e-08 88.81481891759623 6987.178681657849
1.3967574250879937e-08 88.7657303854523 6951.370081018519
1.3975294102321556e-08 88.71669683763103 6971.777584876544
1.3983013835427273e-08 88.66771818183709 7011.475832231041
1.3990733450194253e-08 88.61879432598153 6991.113384589948
1.3998452946619657e-08 88.56992517818128 7020.273299713404
1.400617232470064e-08 88.52111064675866 7046.904693011465
1.4013891584434364e-08 88.47235064024063 7018.537188602293
1.4021610725817981e-08 88.42364506735838 7022.329833553792
1.402932974884865e-08 88.37499383704663 7024.154265873017
1.4037048653523528e-08 88.32639685844316 7017.2870508156975
1.4044767439839766e-08 88.27785404088823 7023.379491843034
1.4052486107794515e-08 88.22936529392399 7019.148272156085
1.4060204657384924e-08 88.18093052729392 7006.381517305997
1.4067923088608149e-08 88.13254965094224 7011.119102733686
1.4075641401461335e-08 88.08422257501344 7004.853601741623
1.408335959594163e-08 88.03594920985167 7005.393449625221
1.409107767204618e-08 87.98772946600013 6998.443080357143
1.409879562977214e-08 87.93956325420062 7011.955122905644
1.410651346911664e-08 87.89145048539298 6995.129726080248
1.4114231190076831e-08 87.84339107071445 7001.811755952382
1.4121948792649851e-08 87.79538492149919 7034.819775132276
1.4129666276832852e-08 87.74743194927768 7035.615837191359
1.413738364262296e-08 87.69953206577635 7031.305665784833
1.4145100890017326e-08 87.65168518291676 7064.688326719577
1.4152818019013077e-08 87.60389121281536 7064.700451940036
1.4160535029607363e-08 87.55615006778258 7065.75782627866
1.4168251921797305e-08 87.50846166032281 7106.085758377426
1.4175968695580045e-08 87.46082590313333 7089.665040784833
1.418368535095272e-08 87.4132427091041 7095.505401234568
1.4191401887912455e-08 87.36571199131718 7074.39029431217
1.4199118306456386e-08 87.31823366304612 7074.802069554674
1.4206834606581641e-08 87.27080763775551 7083.364404210759
1.4214550788285348e-08 87.22343382910043 7126.443590167549
1.4222266851564638e-08 87.17611215092587 7117.223186728395
1.4229982796416637e-08 87.12884251726634 7118.812003968254
1.423769862283847e-08 87.08162484234519 7130.236304012346
1.424541433082726e-08 87.03445904057423 7114.758322310407
1.4253129920380131e-08 86.98734502655314 7156.38103505291
1.4260845391494209e-08 86.94028271506893 7148.021522266315
1.426856074416661e-08 86.89327202109553 7151.730599647267
1.4276275978394458e-08 86.84631285979313 7175.202270723104
1.4283991094174871e-08 86.79940514650784 7179.205660273369
1.4291706091504968e-08 86.75254879677102 7183.777281746033
1.4299420970381862e-08 86.70574372629892 7212.381090167549
1.430713573080267e-08 86.65898985099206 7242.600997574957
1.4314850372764509e-08 86.61228708693474 7233.88034611993
1.4322564896264491e-08 86.56563535039461 7272.58845899471
1.4330279301299725e-08 86.51903455782215 7271.262400793651
1.4337993587867329e-08 86.47248462585006 7284.479166666667
1.4345707755964406e-08 86.42598547129295 7286.549410273369
1.4353421805588073e-08 86.37953701114665 7298.285383597884
1.436113573673543e-08 86.33313916258791 7313.675044091711
1.4368849549403592e-08 86.28679184297371 7300.0823963844805
1.4376563243589654e-08 86.240494969841 7312.258873456791
1.4384276819290728e-08 86.19424846090591 7334.636243386244
1.4391990276503917e-08 86.14805223406356 7322.469962522046
1.4399703615226322e-08 86.10190620738743 7342.196456128749
1.4407416835455044e-08 86.05581029912884 7336.19144069665
1.4415129937187184e-08 86.00976442771656 7361.391231261024
1.442284292041984e-08 85.96376851175631 7423.819444444445
1.4430555785150109e-08 85.9178224700302 7464.666694223986
1.443826853137509e-08 85.87192622149637 7459.744957010583
1.4445981159091875e-08 85.82607968528842 7446.227540784833
1.4453693668297565e-08 85.78028278071496 7484.959490740741
1.4461406058989246e-08 85.7345354272592 7470.370645943563
1.4469118331164015e-08 85.68883754457839 7449.028328924162
1.4476830484818964e-08 85.64318905250336 7435.955136684304
1.448454251995118e-08 85.59758987103814 7411.803488756615
1.4492254436557752e-08 85.5520399203594 7415.670331790124
1.4499966234635766e-08 85.50653912081602 7406.39701829806
1.4507677914182317e-08 85.46108739292855 7394.814401455027
1.4515389475194484e-08 85.41568465738894 7381.868524029983
1.4523100917669348e-08 85.3703308350599 7364.636243386244
1.4530812241604001e-08 85.32502584697447 7332.233245149912
1.4538523446995518e-08 85.27976961433562 7370.522624559084
1.4546234533840985e-08 85.23456205851575 7372.946428571429
1.455394550213748e-08 85.18940310105626 7362.137896825398
1.4561656351882081e-08 85.14429266366706 7325.866264329807
1.4569367083071869e-08 85.09923066822617 7320.979387125221
1.4577077695703919e-08 85.0542170367792 7294.641754850089
1.4584788189775301e-08 85.00925169153902 7263.659336419753
1.4592498565283098e-08 84.96433455488513 7297.441027336861
1.4600208822224383e-08 84.91946554936335 7304.560460758378
1.4607918960596219e-08 84.87464459768543 7304.685433201059
1.4615628980395686e-08 84.82987162272836 7302.427662037037
1.4623338881619848e-08 84.78514654753424 7323.972800925926
1.4631048664265782e-08 84.74046929530955 7316.4528218694895
1.4638758328330548e-08 84.69583978942497 7311.153136022928
1.4646467873811213e-08 84.6512579534147 7284.098600088184
1.4654177300704848e-08 84.60672371097623 7257.285328483245
1.4661886609008511e-08 84.56223698596978 7270.2644124779545
1.466959579871927e-08 84.51779770241787 7240.239197530865
1.4677304869834183e-08 84.473405784505 7221.391093474427
1.4685013822350314e-08 84.42906115657708 7240.0001377865965
1.4692722656264722e-08 84.38476374314105 7254.517609126985
1.4700431371574467e-08 84.34051346886449 7273.755787037037
1.4708139968276606e-08 84.29631025857515 7289.155092592593
1.4715848446368192e-08 84.25215403726055 7308.665674603175
1.4723556805846289e-08 84.20804473006753 7316.807484567902
1.4731265046707941e-08 84.16398226230186 7305.738260582011
1.4738973168950208e-08 84.11996655942775 7307.745673500883
1.4746681172570136e-08 84.07599754706759 7316.335427689595
1.4754389057564783e-08 84.03207515100125 7296.271219135803
1.4762096823931197e-08 83.98819929716599 7287.780809082893
1.4769804471666422e-08 83.94436991165583 7306.830219356261
1.4777512000767511e-08 83.90058692072114 7323.355930335098
1.4785219411231508e-08 83.85685025076837 7345.117669753087
1.4792926703055455e-08 83.81315982835953 7350.725722001765
1.4800633876236403e-08 83.76951558021169 7354.529183201059
1.4808340930771392e-08 83.72591743319681 7335.750385802469
1.4816047866657467e-08 83.68236531434111 7288.054591049383
1.4823754683891659e-08 83.63885915082483 7356.575865299824
1.4831461382471016e-08 83.59539886998168 7405.694031084657
1.4839167962392573e-08 83.5519843992985 7383.056657848325
1.4846874423653372e-08 83.50861566641488 7366.800870811288
1.4854580766250449e-08 83.46529259912273 7387.593832671958
1.4862286990180833e-08 83.4220151253659 7393.422205687832
1.4869993095441563e-08 83.37878317323975 7398.945243606702
1.4877699082029671e-08 83.33559667099078 7410.333030202823
1.4885404949942188e-08 83.29245554701619 7387.88924713404
1.4893110699176145e-08 83.24935972986354 7408.758818342152
1.4900816329728572e-08 83.20630914823033 7429.111414241623
1.49085218415965e-08 83.16330373096359 7402.6882164903
1.4916227234776952e-08 83.12034340705954 7402.649774029983
1.4923932509266953e-08 83.07742810566316 7403.4018132716055
1.4931637665063533e-08 83.03455775606774 7377.979497354498
1.4939342702163717e-08 82.99173228771463 7402.062665343916
1.494704762056452e-08 82.94895163019277 7402.245094797178
1.495475242026297e-08 82.9062157132383 7383.351658950618
1.496245710125609e-08 82.86352446673416 7377.7699239418
1.497016166354089e-08 82.82087782070984 7362.138585758378
1.4977866107114397e-08 82.77827570534075 7358.515900573193
1.4985570431973622e-08 82.73571805094812 7371.180968915344
1.499327463811559e-08 82.69320478799834 7387.440200617284
1.5000978725537307e-08 82.65073584710291 7359.018270502646
1.5008682694235787e-08 82.60831115901772 7328.490547839507
1.5016386544208052e-08 82.56593065464287 7342.393353174603
1.5024090275451103e-08 82.52359426502233 7354.665454144621
1.503179388796196e-08 82.48130192134339 7342.211474867725
1.5039497381737622e-08 82.43905355493645 7329.164462081129
1.50472007567751e-08 82.39684909727461 7362.944637345679
1.5054904013071406e-08 82.35468847997322 7362.327766754851
1.5062607150623546e-08 82.31257163478958 7331.644758597884
1.5070310169428518e-08 82.27049849362261 7332.3797123015875
1.5078013069483332e-08 82.22846898851238 7336.2622630070555
1.5085715850784988e-08 82.18648305163981 7340.058283730159
1.5093418513330493e-08 82.14454061532629 7337.353257275133
1.5101121057116834e-08 82.1026416120334 7282.320739638449
1.510882348214102e-08 82.06078597436236 7233.82385361552
1.511652578840005e-08 82.0189736350538 7248.136987433863
1.5124227975890915e-08 81.97720452698742 7253.310322971782
1.5131930044610615e-08 81.93547858318155 7254.944472001765
1.5139631994556146e-08 81.89379573679282 7286.88960537919
1.5147333825724497e-08 81.8521559211159 7336.258680555556
1.5155035538112666e-08 81.81055906958291 7379.233630952382
1.5162737131717637e-08 81.76900511576335 7425.746252204586
1.5170438606536408e-08 81.72749399336352 7451.622023809525
1.5178139962565958e-08 81.68602563622635 7480.361827601411
1.5185841199803287e-08 81.6445999783308 7470.096588403881
1.5193542318245373e-08 81.60321695379183 7495.117531966491
1.5201243317889205e-08 81.56187649685978 7494.321676587302
1.5208944198731766e-08 81.52057854192019 7470.349564594357
1.5216644960770042e-08 81.47932302349334 7478.662918871253
1.522434560400101e-08 81.43810987623401 7480.576085758378
1.523204612842166e-08 81.39693903493098 7437.437858245151
1.523974653402896e-08 81.35581043450695 7498.161789021165
1.5247446820819902e-08 81.31472401001784 7511.248208774251
1.5255146988791455e-08 81.27367969665282 7502.799272486773
1.5262847037940594e-08 81.23267742973367 7512.278714726632
1.52705469682643e-08 81.19171714471463 7514.047481261024
1.5278246779759548e-08 81.1507987771819 7557.473544973545
1.5285946472423307e-08 81.10992226285352 7525.0942460317465
1.529364604625255e-08 81.06908753757884 7519.37251984127
1.530134550124425e-08 81.02829453733823 7524.779265873017
1.5309044837395372e-08 80.98754319824285 7550.299272486773
1.5316744054702892e-08 80.94683345653414 7558.098269400353
1.5324443153163774e-08 80.90616524858363 7568.151455026456
1.5332142132774982e-08 80.8655385108926 7570.491071428572
1.5339840993533482e-08 80.82495318009165 7558.672426146385
1.5347539735436242e-08 80.78440919294044 7541.990602954145
1.535523835848022e-08 80.7439064863274 7561.177248677249
1.5362936862662382e-08 80.70344499726929 7571.158785273369
1.5370635247979684e-08 80.663024662911 7584.746610449736
1.537833351442909e-08 80.62264542052512 7556.865906084657
1.538603166200756e-08 80.58230720751166 7564.222194664903
1.5393729690712046e-08 80.54200996139778 7579.920083774251
1.5401427600539504e-08 80.50175361983737 7545.442570546737
1.5409125391486895e-08 80.46153812061078 7552.261491402117
1.5416823063551166e-08 80.4213634016245 7567.468033509701
1.5424520616729278e-08 80.38122940091081 7573.945932539683
1.5432218051018173e-08 80.34113605662753 7549.010278880071
1.5439915366414807e-08 80.30108330705761 7490.420386904762
1.5447612562916133e-08 80.26107109060887 7437.102623456791
1.545530964051909e-08 80.22109934581371 7436.788470017637
1.5463006599220633e-08 80.18116801132872 7455.02700617284
1.54707034390177e-08 80.14127702593446 7445.706018518519
1.5478400159907247e-08 80.10142632853498 7477.539406966491
1.5486096761886212e-08 80.06161585815774 7498.652860449736
1.5493793244951532e-08 80.02184555395317 7563.150766093475
1.5501489609100156e-08 79.9821153551943 7591.841793430336
1.550918585432902e-08 79.94242520127656 7594.692184744269
1.5516881980635068e-08 79.90277503171747 7556.859981261024
1.5524577988015234e-08 79.86316478615623 7565.0542879188715
1.5532273876466453e-08 79.82359440435356 7603.859953703704
1.553996964598567e-08 79.78406382619119 7583.068783068784
1.554766529656981e-08 79.74457299167184 7575.251460537919
1.5555360828215808e-08 79.70512184091866 7542.9545579806
1.5563056240920598e-08 79.66571031417504 7548.0529376102295
1.557075153468111e-08 79.62633835180432 7540.87466931217
1.5578446709494277e-08 79.5870058942894 7552.627452601411
1.5586141765357028e-08 79.54771288223257 7545.460207231041
1.5593836702266286e-08 79.50845925635514 7533.735945767196
1.560153152021898e-08 79.46924495749711 7521.362985008819
1.5609226219212034e-08 79.43006992661694 7526.832148368608
1.5616920799242377e-08 79.39093410479119 7529.027777777778
1.5624615260306935e-08 79.35183743321424 7478.715002204586
1.5632309602402616e-08 79.31277985319817 7477.085813492064
1.5640003825526355e-08 79.27376130617208 7489.310653659612
1.5647697929675062e-08 79.2347817336822 7501.764081790124
1.5655391914845663e-08 79.19584107739134 7490.711392195768
1.566308578103507e-08 79.15693927907871 7516.191578483245
1.5670779528240204e-08 79.11807628063963 7513.957231040565
1.567847315645798e-08 79.07925202408515 7524.172178130512
1.5686166665685303e-08 79.04046645154192 7552.182677469136
1.56938600559191e-08 79.0017195052517 7539.973682760142
1.5701553327156272e-08 78.96301112757126 7544.490051807761
1.5709246479393736e-08 78.92434126097201 7543.604359567902
1.5716939512628398e-08 78.88570984803971 7526.327711640212
1.5724632426857164e-08 78.8471168314742 7548.706183862434
1.573232522207695e-08 78.80856215408906 7518.702876984127
1.5740017898284654e-08 78.7700457588115 7516.747822971782
1.5747710455477187e-08 78.73156758868187 7528.0310295414465
1.5755402893651447e-08 78.69312758685352 7540.799851190477
1.5763095212804337e-08 78.65472569659244 7557.555803571429
1.5770787412932768e-08 78.61636186127696 7525.0903880070555
1.5778479494033625e-08 78.57803602439769 7516.829805996474
1.578617145610382e-08 78.53974812955688 7529.542686287478
1.579386329914025e-08 78.50149812046848 7511.194472001765
1.58015550231398e-08 78.46328594095769 7487.741402116402
1.580924662809938e-08 78.42511153496065 7503.692405202823
1.5816938114015874e-08 78.38697484652434 7476.173390652558
1.5824629480886183e-08 78.34887581980611 7450.985725308643
1.5832320728707198e-08 78.31081439907356 7461.323991402117
1.584001185747581e-08 78.27279052870418 7479.625220458554
1.5847702867188905e-08 78.23480415318512 7491.280175264551
1.585539375784338e-08 78.1968552171129 7508.852788800706
1.5863084529436112e-08 78.15894366519316 7494.567074514992
1.5870775181963997e-08 78.12106944224037 7513.509286816579
1.5878465715423917e-08 78.08323249317755 7505.691826499119
1.5886156129812757e-08 78.04543276303605 7526.148726851852
1.58938464251274e-08 78.00767019695526 7526.137152777778
1.5901536601364726e-08 77.96994474018233 7533.902943121694
1.590922665852162e-08 77.93225633807194 7553.454585537919
1.5916916596594953e-08 77.894604936086 7548.21593915344
1.5924606415581617e-08 77.85699047979337 7509.0969466490305
1.593229611547848e-08 77.81941291486969 7524.012483465609
1.5939985696282425e-08 77.78187218709702 7523.123897707232
1.5947675157990316e-08 77.74436824236368 7507.4359292328045
1.5955364500599043e-08 77.70690102666377 7511.993358686068
1.5963053724105463e-08 77.66947048609727 7546.615134479718
1.597074282850646e-08 77.63207656686944 7507.506475970018
1.5978431813798896e-08 77.59471921529077 7474.621362433863
1.5986120679979644e-08 77.55739837777661 7481.881613756615
1.5993809427045573e-08 77.520114000847 7491.023065476191
1.600149805499355e-08 77.48286603112636 7491.172977292769
1.600918656382044e-08 77.44565441534326 7515.95279431217
1.6016874953523114e-08 77.40847910033008 7484.107418430336
1.602456322409842e-08 77.371340033023 7494.876680996474
1.603225137554324e-08 77.3342371604614 7495.423831569666
1.6039939407854418e-08 77.29717042978791 7481.235945767196
1.6047627321028828e-08 77.26013978824795 7488.718998015874
1.6055315115063323e-08 77.22314518318966 7480.429756393299
1.606300278995476e-08 77.1861865620635 7496.764495149912
1.60706903457e-08 77.14926387242203 7488.7501377865965
1.607837778229589e-08 77.11237706191979 7487.838266093475
1.6086065099739298e-08 77.07552607831285 7473.31748787478
1.6093752298027066e-08 77.03871086945875 7457.271274250442
1.610143937715605e-08 77.0019313833161 7452.577022707232
1.6109126337123103e-08 76.9651875679445 7477.158564814816
1.6116813177925072e-08 76.9284793715041 7453.538084215168
1.6124499899558807e-08 76.89180674225553 7430.539572310407
1.613218650202116e-08 76.85516962855951 7445.721037257496
1.6139872985308968e-08 76.81856797887681 7421.885471781306
1.6147559349419085e-08 76.78200174176776 7417.563381834216
1.6155245594348348e-08 76.74547086589219 7424.685157627867
1.6162931720093607e-08 76.70897530000912 7403.806905864198
1.6170617726651702e-08 76.67251499297652 7431.944031084657
1.6178303614019466e-08 76.63608989375112 7432.506475970018
1.618598938219375e-08 76.59969995138808 7432.47478505291
1.6193675031171386e-08 76.56334511504083 7432.729965828925
1.6201360560949213e-08 76.52702533396084 7406.7268794091715
1.6209045971524064e-08 76.49074055749733 7410.800264550265
1.621673126289278e-08 76.45449073509702 7399.0990134479725
1.622441643505219e-08 76.41827581630403 7391.651372354498
1.6232101487999128e-08 76.38209575075945 7395.540812389771
1.6239786421730425e-08 76.34595048820128 7411.409556878308
1.6247471236242916e-08 76.30983997846404 7413.014632936509
1.6255155931533423e-08 76.27376417147876 7401.418099647267
1.6262840507598777e-08 76.23772301727247 7381.768077601411
1.6270524964435804e-08 76.20171646596819 7380.895750661376
1.6278209302041334e-08 76.16574446778459 7351.628637566138
1.628589352041219e-08 76.1298069730358 7351.89773478836
1.6293577619545187e-08 76.0939039321312 7332.069692460318
1.6301261599437162e-08 76.05803529557508 7293.045083774251
1.6308945460084924e-08 76.02220101396662 7312.899443342152
1.6316629201485296e-08 75.98640103799944 7330.811563051147
1.63243128236351e-08 75.95063531846152 7335.161072530865
1.633199632653115e-08 75.91490380623492 7345.397927689595
1.6339679710170267e-08 75.87920645229555 7316.735697751324
1.6347362974549265e-08 75.84354320771297 7319.770309744269
1.635504611966495e-08 75.8079140236502 7333.426063712523
1.636272914551415e-08 75.77231885136335 7296.523644179894
1.6370412052093667e-08 75.73675764220161 7290.8615795855385
1.637809483940031e-08 75.70123034760688 7268.347800925926
1.6385777507430893e-08 75.66573691911357 7274.197530864198
1.639346005618222e-08 75.63027730834841 7259.78023037919
1.640114248565111e-08 75.59485146703021 7241.072944223986
1.6408824795834353e-08 75.5594593469697 7232.599206349207
1.6416506986728766e-08 75.5241009000692 7225.987378747796
1.6424189058331148e-08 75.48877607832249 7214.596423059966
1.64318710106383e-08 75.45348483381457 7226.208801807761
1.6439552843647025e-08 75.41822711872145 7213.841076940036
1.6447234557354125e-08 75.38300288530988 7221.628086419753
1.64549161517564e-08 75.34781208593722 7226.135912698413
1.646259762685064e-08 75.3126546730512 7205.336337081129
1.6470278982633655e-08 75.2775305991896 7206.306630291006
1.647796021910223e-08 75.24243981698027 7168.759920634921
1.6485641336253165e-08 75.20738227914062 7152.181024029983
1.649332233408325e-08 75.1723579384777 7148.266506834216
1.6501003212589276e-08 75.13736674788775 7151.094852292769
1.650868397176804e-08 75.10240866035613 7104.278136022928
1.6516364611616327e-08 75.06748362895706 7083.508391203704
1.6524045132130927e-08 75.03259160685344 7097.927345127867
1.6531725533308627e-08 74.99773254729658 7099.839203042328
1.6539405815146217e-08 74.96290640362606 7101.029265873017
1.6547085977640478e-08 74.92811312926948 7093.132578262787
1.655476602078819e-08 74.8933526777423 7088.191895392417
1.6562445944586148e-08 74.8586250026475 7097.228560405644
1.6570125749031122e-08 74.82393005767561 7079.743441358025
1.6577805434119902e-08 74.78926779660424 7078.706597222223
1.6585484999849263e-08 74.75463817329808 7052.126391644621
1.659316444621598e-08 74.72004114170859 7067.280712632276
1.6600843773216835e-08 74.68547665587383 7072.285328483245
1.6608522980848605e-08 74.65094466991822 7045.083705357143
1.661620206910806e-08 74.6164451380524 7051.03305500441
1.6623881037991974e-08 74.581978014573 7063.0671296296305
1.6631559887497125e-08 74.54754325386237 7074.341931216932
1.663923861762028e-08 74.51314081038852 7068.090002204586
1.6646917228358207e-08 74.4787706387048 7061.526055445327
1.665459571970768e-08 74.44443269344974 7039.421365189595
1.6662274091665464e-08 74.41012692934683 7011.740382495592
1.6669952344228324e-08 74.37585330120442 7001.504905202823
1.667763047739303e-08 74.34161176391532 6988.072089947091
1.6685308491156345e-08 74.30740227245684 6968.778108465609
1.669298638551503e-08 74.27322478189042 6970.998815035274
1.6700664160465843e-08 74.23907924736154 6965.927992724868
1.6708341816005554e-08 74.20496562409939 6933.89667383157
1.671601935213092e-08 74.1708838674168 6940.524484678131
1.6723696768838698e-08 74.13683393271006 6933.6279210758385
1.6731374066125645e-08 74.10281577545861 6884.0199239418
1.6739051243988517e-08 74.0688293512249 6869.873649691359
1.6746728302424068e-08 74.03487461565426 6873.012290564375
1.6754405241429056e-08 74.00095152447459 6843.7631586199295
1.676208206100023e-08 73.96706003349624 6838.03729883157
1.6769758761134343e-08 73.93320009861183 6840.327518738977
1.677743534182814e-08 73.89937167579606 6811.812582671958
1.6785111803078383e-08 73.86557472110539 6795.601094025574
1.6792788144881808e-08 73.83180919067807 6755.159005731923
1.6800464367235168e-08 73.79807504073375 6752.154017857143
1.6808140470135204e-08 73.76437222757343 6720.436370149912
1.6815816453578666e-08 73.73070070757919 6714.487985008819
1.6823492317562293e-08 73.69706043721403 6699.5023837081135
1.6831168062082827e-08 73.66345137302172 6699.890252976191
1.6838843687137015e-08 73.62987347162647 6732.155533509701
1.6846519192721586e-08 73.59632668973298 6729.072558421517
1.685419457883329e-08 73.56281098412599 6680.696786816579
1.6861869845468858e-08 73.52932631167036 6639.255539021165
1.6869544992625032e-08 73.49587262931064 6616.278728505292
1.687722002029854e-08 73.46244989407106 6587.068521274251
1.6884894928486118e-08 73.42905806305525 6545.753348214286
1.6892569717184503e-08 73.3956970934461 6507.942088293651
1.6900244386390418e-08 73.3623669425056 6527.501171186068
1.6907918936100608e-08 73.32906756757454 6512.337549603175
1.6915593366311783e-08 73.29579892607251 6499.409239969136
1.692326767702069e-08 73.26256097549751 6494.459669863316
1.6930941868224046e-08 73.22935367342599 6474.3869874338625
1.693861593991858e-08 73.19617697751248 6463.897569444445
1.6946289892101014e-08 73.16303084548956 6461.237668099648
1.6953963724768068e-08 73.12991523516756 6481.8381420855385
1.696163743791647e-08 73.0968301044344 6499.3381420855385
1.6969311031542946e-08 73.0637754112555 6512.349330357143
1.6976984505644204e-08 73.03075111367357 6484.867793761024
1.698465786021697e-08 72.99775716980831 6495.365823412699
1.6992331095257964e-08 72.96479353785638 6445.547495039683
1.7000004210763898e-08 72.9318601760912 6427.43434468695
1.700767720673149e-08 72.89895704286273 6406.239045965609
1.7015350083157446e-08 72.8660840965973 6391.683132164903
1.702302284003849e-08 72.83324129579744 6360.245949074075
1.703069547737133e-08 72.80042859904174 6397.342165454145
1.7038367995152674e-08 72.76764596498461 6372.400862544092
1.704604039337923e-08 72.73489335235621 6357.4578373015875
1.7053712672047712e-08 72.70217071996214 6367.889660493827
1.7061384831154825e-08 72.66947802668336 6346.207906194886
1.706905687069727e-08 72.63681523147605 6315.773465057319
1.7076728790671763e-08 72.60418229337128 6302.9046792328045
1.7084400591074997e-08 72.57157917147505 6288.566330467373
1.709207227190368e-08 72.53900582496796 6288.056933421517
1.7099743833154506e-08 72.50646221310511 6256.854538690477
1.7107415274824186e-08 72.47394829521588 6210.488384589948
1.7115086596909408e-08 72.44146403070386 6189.305486662258
1.712275779940688e-08 72.4090093790465 6189.232942019401
1.713042888231329e-08 72.3765842997952 6168.924575617284
1.713809984562534e-08 72.34418875257491 6135.24326223545
1.7145770689339718e-08 72.31182269708405 6106.663979828043
1.7153441413453116e-08 72.27948609309442 6082.117159942682
1.7161112017962237e-08 72.24717890045082 6062.842813051147
1.7168782502863764e-08 72.21490107907115 6048.949652777778
1.7176452868154382e-08 72.18265258894608 6041.477967923281
1.7184123113830786e-08 72.1504333901389 6029.220127865961
1.7191793239889663e-08 72.11824344278536 6004.753086419753
1.71994632463277e-08 72.08608270709355 6009.126570767196
1.720713313314157e-08 72.05395114334375 6028.9353918650795
1.721480290032797e-08 72.02184871188814 5988.77273478836
1.722247254788358e-08 71.98977537315076 5999.094397597002
1.7230142075805076e-08 71.95773108762731 5990.058008156967
1.7237811484089144e-08 71.92571581588498 5985.242159942682
1.724548077273246e-08 71.89372951856231 5982.684634038801
1.72531499417317e-08 71.86177215636899 5967.167452050265
1.7260818991083542e-08 71.82984369008575 5974.170593584657
1.7268487920784664e-08 71.79794408056412 5969.479993386244
1.7276156730831735e-08 71.76607328872642 5931.03519069665
1.7283825421221433e-08 71.73423127556538 5914.847883597884
1.729149399195043e-08 71.70241800214419 5900.329172178131
1.7299162443015387e-08 71.67063342959624 5885.111469356261
1.7306830774412987e-08 71.63887751912495 5879.505966159612
1.731449898613989e-08 71.60715023200368 5839.717606371252
1.7322167078192766e-08 71.57545152957547 5832.864101080248
1.7329835050568278e-08 71.54378137325304 5826.388957782187
1.7337502903263097e-08 71.51213972451842 5821.848407186949
1.7345170636273877e-08 71.48052654492304 5811.985987103175
1.735283824959729e-08 71.44894179608731 5791.686990189595
1.7360505743229993e-08 71.41738543970072 5791.926463293651
1.7368173117168644e-08 71.38585743752151 5774.741719025574
1.7375840371409903e-08 71.35435775137658 5751.206114969136
1.7383507505950432e-08 71.32288634316131 5742.921420304233
1.739117452078688e-08 71.29144317483949 5729.64809303351
1.739884141591591e-08 71.26002820844302 5714.671792328043
1.7406508191334172e-08 71.22864140607187 5703.846863977073
1.7414174847038316e-08 71.19728272989393 5687.734237213404
1.7421841383025e-08 71.16595214214476 5672.553736772487
1.742950779929087e-08 71.13464960512758 5649.564938822752
1.7437174095832578e-08 71.10337508121296 5644.906236221341
1.7444840272646774e-08 71.07212853283882 5632.805748456791
1.74525063297301e-08 71.04090992251015 5604.572861552028
1.7460172267079203e-08 71.009719212799 5587.331969246032
1.746783808469073e-08 70.97855636634416 5581.158303020283
1.7475503782561323e-08 70.94742134585118 5549.258570326279
1.748316936068763e-08 70.91631411409209 5531.336805555556
1.749083481906628e-08 70.88523463390534 5532.956555886244
1.749850015769392e-08 70.8541828681956 5514.2307374338625
1.750616537656719e-08 70.82315877993362 5497.311645723104
1.7513830475682724e-08 70.79216233215611 5468.949721671076
1.7521495455037168e-08 70.76119348796557 5451.635113536156
1.7529160314627138e-08 70.7302522105302 5435.857308201059
1.753682505444929e-08 70.69933846308358 5427.892278439153
1.754448967450024e-08 70.66845220892478 5416.640142746914
1.755215417477663e-08 70.63759341141798 5400.940049052028
1.7559818555275084e-08 70.60676203399254 5394.734485229277
1.7567482815992233e-08 70.57595804014262 5361.754781194886
1.757514695692471e-08 70.54518139342724 5328.876350308642
1.7582810978069134e-08 70.51443205747005 5322.742435515874
1.7590474879422133e-08 70.48370999595916 5294.452849426808
1.7598138660980338e-08 70.45301517264704 5273.341669422399
1.7605802322740367e-08 70.42234755135041 5261.118964947091
1.761346586469884e-08 70.39170709595 5268.009879298942
1.762112928685238e-08 70.36109377039048 5255.426931768078
1.7628792589197612e-08 70.33050753868032 5232.669890873016
1.7636455771731145e-08 70.29994836489162 5201.621265983245
1.7644118834449605e-08 70.26941621315997 5167.363453483245
1.7651781777349603e-08 70.23891104768435 5173.364955357143
1.7659444600427757e-08 70.20843283272693 5146.866457231041
1.7667107303680677e-08 70.17798153261298 5124.192432760142
1.7674769887104974e-08 70.1475571117307 5094.718984237214
1.7682432350697274e-08 70.1171595345311 5067.713707010583
1.7690094694454175e-08 70.08678876552783 5023.109292328043
1.7697756918372285e-08 70.05644476929714 4985.431616512346
1.7705419022448213e-08 70.02612751047761 4987.132385361552
1.7713081006678567e-08 69.99583695377007 4956.001295194004
1.7720742871059954e-08 69.96557306393747 4948.030616181658
1.7728404615588985e-08 69.93533580580474 4958.256310626102
1.7736066240262244e-08 69.90512514425872 4953.685309193122
1.7743727745076355e-08 69.8749410442478 4944.430459104939
1.77513891300279e-08 69.84478347078213 4953.773974867725
1.7759050395113493e-08 69.81465238893314 4947.718598434744
1.7766711540329725e-08 69.78454776383366 4909.2526455026455
1.7774372565673196e-08 69.75446956067762 4896.009700176367
1.7782033471140498e-08 69.72441774472004 4900.469714506174
1.7789694256728226e-08 69.69439228127683 4876.641865079366
1.7797354922432982e-08 69.66439313572458 4848.89701829806
1.780501546825135e-08 69.63442027350065 4828.643422067901
1.7812675894179924e-08 69.60447366010278 4809.2760003306885
1.7820336200215293e-08 69.57455326108918 4789.571070326279
1.7827996386354046e-08 69.5446590420782 4764.070284942681
1.7835656452592773e-08 69.51479096874836 4752.478367504409
1.784331639892806e-08 69.48494900683811 4743.381834215168
1.7850976225356488e-08 69.45513312214578 4730.751556988536
1.7858635931874647e-08 69.4253432805294 4693.6468667328045
1.7866295518479115e-08 69.39557944790656 4673.371844686949
1.7873954985166475e-08 69.36584159025433 4666.225611772487
1.7881614331933316e-08 69.33612967360905 4635.761684303351
1.78892735587762e-08 69.30644366406635 4625.330136684303
1.7896932665691723e-08 69.2767835277808 4617.043099647267
1.7904591652676446e-08 69.24714923096602 4611.125303130511
1.7912250519726958e-08 69.21754073989435 4579.161017416226
1.7919909266839825e-08 69.18795802089686 4570.730682319224
1.7927567894011626e-08 69.15840104036313 4567.530933090829
1.793522640123893e-08 69.12886976474122 4539.55081569665
1.7942884788518307e-08 69.09936416053745 4526.326264880952
1.7950543055846328e-08 69.06988419431629 4512.452325837743
1.7958201203219568e-08 69.04042983270028 4509.63245425485
1.796585923063458e-08 69.01100104236993 4473.394097222223
1.7973517138087944e-08 68.98159779006342 4441.45027281746
1.7981174925576215e-08 68.95222004257673 4432.934234457673
1.7988832593095966e-08 68.92286776676326 4406.630979938272
1.7996490140643755e-08 68.89354092953393 4396.176904210759
1.800414756821614e-08 68.86423949785691 4401.373870149912
1.8011804875809687e-08 68.83496343875753 4386.315793099648
1.8019462063420952e-08 68.80571271931818 4343.042810295415
1.8027119131046494e-08 68.77648730667818 4327.841504078484
1.8034776078682866e-08 68.74728716803362 4319.853808421517
1.8042432906326626e-08 68.71811227063732 4308.909901344798
1.805008961397433e-08 68.6889625817986 4301.945133377425
1.8057746201622535e-08 68.65983806888322 4279.169284611993
1.8065402669267783e-08 68.63073869931331 4261.4433834876545
1.8073059016906623e-08 68.60166444056713 4250.353904872134
1.8080715244535623e-08 68.57261526017899 4213.333195546737
1.8088371352151306e-08 68.54359112573925 4185.924892526456
1.8096027339750243e-08 68.51459200489396 4181.64951223545
1.8103683207328962e-08 68.48561786534499 4169.863797949736
1.8111338954884016e-08 68.45666867484974 4144.903204916226
1.8118994582411946e-08 68.42774440122109 4125.918761022928
1.8126650089909297e-08 68.39884501232729 4126.813753858025
1.813430547737261e-08 68.36997047609177 4101.11648478836
1.8141960744798415e-08 68.34112076049313 4070.371954916226
1.814961589218326e-08 68.31229583356493 4044.7289737654323
1.8157270919523686e-08 68.28349566339558 4020.6483548280426
1.8164925826816223e-08 68.25472021812831 4007.0763751102295
1.817258061405741e-08 68.22596946596093 3988.363577491182
1.818023528124377e-08 68.19724337514583 3977.483810074956
1.8187889828371847e-08 68.16854191398977 3957.7921075837744
1.819554425543817e-08 68.13986505085377 3952.5496031746034
1.820319856243927e-08 68.11121275415306 3911.758294753087
1.8210852749371672e-08 68.08258499235697 3899.4179894179897
1.8218506816231908e-08 68.05398173398868 3884.9539792768965
1.8226160763016502e-08 68.02540294762525 3860.570849867725
1.823381458972198e-08 67.99684860189745 3850.729580026455
1.8241468296344864e-08 67.96831866548965 3863.5573743386244
1.8249121882881683e-08 67.93981310713967 3855.7044339726635
1.825677534932895e-08 67.91133189563874 3860.742669753087
1.82644286956832e-08 67.8828749998313 3840.0347911155204
1.8272081921940934e-08 67.85444238861498 3813.168264991182
1.8279735028098687e-08 67.82603403094038 3800.062899581129
1.8287388014152963e-08 67.79764989581108 3781.290027006173
1.829504088010029e-08 67.76928995228339 3768.9087301587306
1.8302693625937168e-08 67.74095416946639 3745.513530643739
1.8310346251660124e-08 67.71264251652167 3724.5065173059966
1.831799875726566e-08 67.6843549626633 3703.3828676146386
1.8325651142750297e-08 67.65609147715774 3695.7781498015875
1.8333303408110533e-08 67.62785202932366 3666.0835537918874
1.8340955553342885e-08 67.59963658853187 3657.4876680996476
1.834860757844386e-08 67.57144512420517 3650.0623484347448
1.835625948340996e-08 67.54327760581833 3638.4296461640215
1.8363911268237692e-08 67.5151340028979 3622.796034501764
1.8371562932923564e-08 67.48701428502207 3603.4724289021165
1.8379214477464076e-08 67.45891842182067 3597.4485367063494
1.8386865901855723e-08 67.430846382975 3596.898423721341
1.839451720609501e-08 67.40279813821772 3576.7751047178135
1.8402168390178437e-08 67.37477365733268 3566.2193424823636
1.8409819454102502e-08 67.34677291015497 3543.6647789903
1.8417470397863703e-08 67.31879586657065 3528.646350033069
1.8425121221458524e-08 67.29084249651677 3531.126715443122
1.8432771924883474e-08 67.26291276998113 3521.43608079806
1.844042250813504e-08 67.2350066570023 3516.1311246141977
1.844807297120971e-08 67.20712412766943 3493.6271632495595
1.8455723314103975e-08 67.1792651521222 3477.249193948413
1.8463373536814334e-08 67.15142970055062 3454.6146453373017
1.8471023639337267e-08 67.12361774319506 3445.3240396274255
1.8478673621669258e-08 67.09582925034606 3430.454420194004
1.8486323483806798e-08 67.0680641923442 3426.9015583664022
1.849397322574637e-08 67.04032253958006 3397.726865630512
1.8501622847484457e-08 67.01260426249407 3388.0423969356266
1.8509272349017538e-08 66.98490933157642 3372.8274842923283
1.85169217303421e-08 66.957237717367 3330.833746693122
1.8524570991454623e-08 66.92958939045513 3321.1625744047624
1.853222013235158e-08 66.90196432147977 3291.866663910935
1.8539869153029443e-08 66.87436248112907 3277.8584173831573
1.8547518053484705e-08 66.84678384014043 3267.925588348766
1.8555166833713827e-08 66.81922836930049 3234.3360752865965
1.8562815493713286e-08 66.7916960394448 3218.1997147817465
1.8570464033479555e-08 66.76418682145794 3208.749793320106
1.8578112453009104e-08 66.73670068627325 3181.2142443783073
1.85857607522984e-08 66.70923760487285 3168.235194830247
1.859340893134392e-08 66.68179754828742 3168.6633666776897
1.860105699014213e-08 66.6543804875962 3145.677634479718
1.860870492868949e-08 66.62698639392686 3126.112867890212
1.8616352746982464e-08 66.5996152384554 3093.3494543650795
1.8624000445017523e-08 66.57226699240599 3090.9882743606704
1.8631648022791123e-08 66.54494162705095 3086.81072255291
1.863929548029974e-08 66.51763911371056 3062.2739610890653
1.8646942817539812e-08 66.49035942375315 3038.5066688712523
1.8654590034507814e-08 66.46310252859473 3024.829764660494
1.8662237131200197e-08 66.4358683996991 3024.582851080247
1.8669884107613422e-08 66.40865700857763 3003.9821704144624
1.8677530963743942e-08 66.38146832678927 2991.027750220459
1.868517769958821e-08 66.35430232594034 2995.6381241732806
1.869282431514268e-08 66.32715897768448 2983.8249903549386
1.8700470810403804e-08 66.30003825372256 2977.728725749559
1.8708117185368034e-08 66.2729401258026 2961.6819609788363
1.8715763440031814e-08 66.24586456571963 2938.251350308642
1.8723409574391597e-08 66.21881154531557 2933.1399842923283
1.873105558844383e-08 66.19178103647923 2922.7059909611994
1.8738701482184947e-08 66.16477301114612 2904.664179618607
1.8746347255611415e-08 66.13778744129834 2890.921378968254
1.8753992908719658e-08 66.11082429896466 2876.58134231702
1.876163844150613e-08 66.08388355622013 2846.016658399471
1.8769283853967257e-08 66.0569651851863 2832.7153948963846
1.8776929146099496e-08 66.03006915803083 2834.339209931658
1.8784574317899276e-08 66.00319544696762 2808.451106426367
1.8792219369363034e-08 65.97634402425662 2795.160934744268
1.8799864300487207e-08 65.94951486220373 2774.480406746032
1.8807509111268234e-08 65.9227079331607 2753.1012318121693
1.8815153801702536e-08 65.8959232095251 2727.2753045083778
1.882279837178656e-08 65.86916066374009 2727.3292479607585
1.8830442821516727e-08 65.84242026829455 2713.1698495370374
1.883808715088947e-08 65.8157019957227 2692.1888434193124
1.8845731359901225e-08 65.78900581860425 2691.718612213404
1.8853375448548405e-08 65.76233170956422 2689.747988315697
1.8861019416827447e-08 65.73567964127277 2697.926931768078
1.8868663264734768e-08 65.70904958644523 2615.530581735009
1.8876306992266803e-08 65.6824415178419 2532.7363729056437
1.888395059941996e-08 65.65585540826808 2644.595045194004
1.8891594086190672e-08 65.62929123057386 2613.9134837962965
1.889923745257536e-08 65.60274895765404 2617.836371527778
1.8906880698570425e-08 65.5762285624482 2610.4198357583778
1.8914523824172307e-08 65.5497300179403 2602.078304122575
1.8922166829377408e-08 65.52325329715892 2591.3989473104057
1.8929809714182153e-08 65.49679837317693 2581.184206900353
1.8937452478582947e-08 65.47036521911153 2551.1961943342153
1.8945095122576208e-08 65.44395380812409 2536.1927496693124
1.895273764615835e-08 65.41756411342008 2526.581755676808
1.8960380049325774e-08 65.39119610824905 2507.757557594797
1.896802233207489e-08 65.36484976590437 2503.132957175926
1.897566449440212e-08 65.3385250597233 2507.3110256834216
1.8983306536303854e-08 65.31222196308683 2498.171778549383
1.899094845777651e-08 65.28594044941961 2485.097415123457
1.899859025881648e-08 65.25968049218987 2465.798438877866
1.9006231939420177e-08 65.23344206490928 2462.0104442239863
1.9013873499584003e-08 65.2072251411329 2460.5498029651676
1.9021514939304346e-08 65.18102969445913 2434.573722718254
1.9029156258577617e-08 65.15485569852952 2429.9038249559085
1.9036797457400215e-08 65.12870312702876 2437.478746417549
1.9044438535768528e-08 65.1025719536846 2423.399333112875
1.905207949367896e-08 65.07646215226771 2405.49255263448
1.9059720331127897e-08 65.0503736965916 2405.296068948413
1.906736104811174e-08 65.02430656051258 2394.7549120921517
1.9075001644626878e-08 64.99826071792964 2370.7798376873898
1.90826421206697e-08 64.97223614278433 2366.829220403439
1.90902824762366e-08 64.94623280906072 2372.470754794974
1.909792271132396e-08 64.92025069078534 2326.17614638448
1.9105562825928174e-08 64.894289762027 2299.1600529100533
1.911320282004562e-08 64.86834999689681 2325.271852954145
1.9120842693672685e-08 64.842431369548 2332.7506682649914
1.9128482446805756e-08 64.81653385417589 2314.0009438381835
1.9136122079441218e-08 64.79065742501776 2303.029789462081
1.914376159157544e-08 64.76480205635288 2295.5484939925045
1.9151400983204812e-08 64.73896772250227 2279.2519565696653
1.9159040254325705e-08 64.71315439782869 2262.40413497575
1.916667940493451e-08 64.68736205673655 2234.8590098655204
1.917431843502758e-08 64.6615906736719 2216.0909253747795
1.918195734460131e-08 64.63584022312213 2197.1858121141977
1.918959613365207e-08 64.61011067961616 2188.7732859347443
1.9197234802176225e-08 64.58440201772414 2175.6011973655204
1.920487335017015e-08 64.55871421205752 2178.4995384149033
1.9212511777630212e-08 64.53304723726885 2184.7487116953266
1.9220150084552785e-08 64.5074010680517 2173.8835841049386
1.9227788270934235e-08 64.48177567914072 2161.1871348655204
1.9235426336770923e-08 64.45617104531141 2159.7681740520284
1.9243064282059225e-08 64.43058714138003 2122.344783399471
1.925070210679549e-08 64.40502394220368 2123.139949845679
1.925833981097609e-08 64.37948142268003 2123.199542548501
1.9265977394597384e-08 64.35395955774733 2103.311873070988
1.9273614857655733e-08 64.32845832238434 2082.61611965388
1.9281252200147496e-08 64.3029776916102 2061.376350308642
1.928888942206903e-08 64.27751764048438 2057.4785052910056
1.9296526523416686e-08 64.25207814410659 2062.8080563822755
1.930416350418683e-08 64.2266591776167 2045.2851838073193
1.9311800364375806e-08 64.20126071619467 2043.1965801366844
1.931943710397997e-08 64.17588273506044 2034.2742435515875
1.9327073722995674e-08 64.15052520947388 2019.0097621803352
1.9334710221419267e-08 64.1251881147347 2009.2343198853616
1.9342346599247107e-08 64.09987142618232 1988.5440090388008
1.934998285647552e-08 64.07457511919594 1975.3311700837744
1.9357618993100875e-08 64.04929916919423 1961.0145916005292
1.9365255009119508e-08 64.02404355163547 1936.503837356702
1.937289090452776e-08 63.99880824201736 1928.8019455467374
1.9380526679321977e-08 63.97359321587694 1927.6603491512346
1.9388162333498497e-08 63.948398448790535 1931.8408633708113
1.939579786705367e-08 63.92322391637366 1950.331996803351
1.9403433279983823e-08 63.898069594281 1952.454943783069
1.9411068572285307e-08 63.872935458206214 1948.6657434964727
1.9418703743954445e-08 63.847821483881994 1939.64702518739
1.942633879498758e-08 63.82272764707989 1944.1258473875662
1.9433973725381045e-08 63.79765392361024 1938.4564112103176
1.944160853513117e-08 63.77260028932217 1915.5689208553792
1.9449243224234293e-08 63.74756672010339 1912.9278962742505
1.945687779268674e-08 63.722553191880245 1909.4351438492065
1.9464512240484836e-08 63.69755968061759 1887.0817832341272
1.947214656762492e-08 63.672586162318616 1892.8704392636687
1.9479780774103307e-08 63.64763261302497 1875.14240244709
1.9487414859916326e-08 63.622699008816504 1872.5766782407409
1.9495048825060306e-08 63.59778532581126 1861.8180596891536
1.9502682669531566e-08 63.572891540165436 1859.3239500661377
1.9510316393326435e-08 63.54801762807323 1852.01953813933
1.9517949996441218e-08 63.52316356576687 1838.6634700176369
1.9525583478872246e-08 63.4983293295164 1849.659873787478
1.953321684061584e-08 63.473514895629705 1846.9063120039684
1.9540850081668307e-08 63.448720240452424 1821.2323288690477
1.9548483202025963e-08 63.42394534036788 1828.9482060185187
1.955611620168513e-08 63.39919017179692 1823.0460482804235
1.956374908064212e-08 63.374454711197934 1816.3587136243389
1.9571381838893238e-08 63.34973893506681 1807.917011133157
1.9579014476434798e-08 63.32504281993671 1790.306644069665
1.958664699326311e-08 63.300366342378155 1781.8901220789244
1.9594279389374484e-08 63.27570947899883 1787.153018904321
1.9601911664765225e-08 63.2510722064436 1776.5631889329807
1.9609543819431636e-08 63.226454501394414 1766.427348572531
1.9617175853370027e-08 63.20185634057017 1775.3958264440037
1.9624807766576696e-08 63.17727770072672 1758.365988756614
1.9632439559047947e-08 63.15271855865676 1746.148657958554
1.9640071230780084e-08 63.12817889118975 1755.9510719797179
1.96477027817694e-08 63.103658675191895 1751.5674603174605
1.9655334212012198e-08 63.07915788756596 1742.2738060791448
1.9662965521504773e-08 63.05467650525135 1732.95543637015
1.9670596710243424e-08 63.03021450522389 1719.312117642196
1.9678227778224433e-08 63.005771864495884 1701.965095210538
1.968585872544411e-08 62.9813485601159 1690.8837287808644
1.9693489551898736e-08 62.95694456916884 1683.206466324956
1.970112025758461e-08 62.93255986877576 1676.1342937059085
1.9708750842498013e-08 62.90819443609389 1677.763069058642
1.971638130663524e-08 62.88384824831649 1674.016479276896
1.9724011649992575e-08 62.859521282672794 1651.0560309193122
1.9731641872566308e-08 62.83521351642796 1642.5736813822753
1.973927197435271e-08 62.81092492688304 1624.1587611607144
1.974690195534808e-08 62.78665549137476 1619.158950617284
1.975453181554869e-08 62.762405187275625 1615.029090195106
1.9762161554950828e-08 62.738173991993726 1613.9734209656085
1.9769791173550768e-08 62.71396188297277 1598.4709132495593
1.9777420671344792e-08 62.6897688376919 1599.2376439869931
1.9785050048329173e-08 62.66559483366572 1600.1714581955468
1.9792679304500193e-08 62.64143984844416 1596.2135209986773
1.980030843985412e-08 62.617303859612456 1570.586574763007
1.980793745438723e-08 62.59318684479104 1563.2163180665787
1.9815566348095797e-08 62.569088781635486 1574.7630931712963
1.982319512097609e-08 62.54500964783647 1566.4936928185627
1.9830823773024377e-08 62.52094942111966 1561.0752177028219
1.9838452304236927e-08 62.49690807924566 1525.5346981095681
1.984608071461001e-08 62.472885600009924 1508.226100914903
1.9853709004139894e-08 62.44888196124274 1527.3469363150355
1.9861337172822832e-08 62.42489714080914 1535.7873815035275
1.98689652206551e-08 62.400931116608774 1531.2259045690037
1.987659314763295e-08 62.376983866575934 1533.4463527888008
1.9884220953752652e-08 62.35305536867941 1515.1931768077602
1.989184863901046e-08 62.329145600922466 1509.905753968254
1.9899476203402635e-08 62.30525454134277 1506.9163876488096
1.990710364692543e-08 62.281382168012314 1487.6994977678573
1.9914730969575106e-08 62.25752845903734 1471.8972353119489
1.9922358171347912e-08 62.233693392558294 1462.7197007275133
1.9929985252240108e-08 62.20987694674975 1461.7402447089949
1.9937612212247943e-08 62.18607909982033 1448.1117380401236
1.9945239051367666e-08 62.16229983001267 1440.2823075121253
1.9952865769595524e-08 62.138539115603336 1436.7366450341713
1.9960492366927777e-08 62.11479693490271 1432.5713217868167
1.996811884336066e-08 62.09107326625503 1338.8636911651236
1.9975745198890424e-08 62.06736808803823 1072.2034660218255
1.9983371433513315e-08 62.043681378663905 749.3794866760362
