string
20201021_7_01_degreeper_secondprocessedoffset angle 0.0820892565915547 in rad by: offset_angle in degree:_6.1offset 0th. order in px_-131
nm eV  counts
8.19970925759875e-09 151.20559658178377 1539.3792162698412
8.207488573518473e-09 151.06227915963893 2311.652240410053
8.215267795452524e-09 150.91923488832538 3121.8818066578483
8.223046923397902e-09 150.77646298776935 3193.2101796737215
8.23082595735161e-09 150.63396268086464 3198.809386022928
8.238604897310647e-09 150.4917331934585 3177.533991953263
8.24638374327201e-09 150.3497737543376 3164.8369020061727
8.254162495232698e-09 150.20808359521413 3160.000179122575
8.26194115318971e-09 150.06666195071182 3146.658592372134
8.269719717140041e-09 149.92550805835234 3131.830935846561
8.27749818708069e-09 149.7846211585414 3112.026248346561
8.285276563008648e-09 149.6440004945554 3090.7817322530864
8.293054844920916e-09 149.5036453125275 3073.6470320767194
8.300833032814484e-09 149.36355486143455 3062.4283509700176
8.308611126686346e-09 149.22372839308346 3046.3268711419755
8.316389126533495e-09 149.08416516209786 3032.7593143738977
8.324167032352926e-09 148.944864425905 3022.7353946208113
8.331944844141629e-09 148.80582544472244 3013.6629464285716
8.339722561896592e-09 148.6670474815452 3005.49360670194
8.347500185614806e-09 148.5285298021324 2989.657352292769
8.355277715293261e-09 148.3902716749945 2984.7208581349205
8.363055150928949e-09 148.2522723713804 2984.7959104938273
8.370832492518855e-09 148.1145311652647 2977.3842868165784
8.378609740059966e-09 147.9770473333349 2972.861758708113
8.38638689354927e-09 147.83982015497867 2955.5737020502647
8.394163952983754e-09 147.7028489122714 2960.4910025352733
8.4019409183604e-09 147.5661328899637 2974.2043099647267
8.409717789676195e-09 147.4296713754687 2972.1059165564375
8.41749456692812e-09 147.29346365885 2958.1365602954143
8.425271250113166e-09 147.15750903280903 2938.083278218695
8.433047839228308e-09 147.02180679267317 2945.340773809524
8.440824334270529e-09 146.88635623638336 2954.5687555114637
8.448600735236814e-09 146.75115666448187 2933.519069664903
8.45637704212414e-09 146.61620738010058 2920.1575038580245
8.46415325492949e-09 146.4815076889487 2930.12713569224
8.47192937364984e-09 146.3470568993012 2921.644000771605
8.479705398282168e-09 146.21285432198664 2916.9450644841268
8.487481328823457e-09 146.07889927037547 2917.232804232804
8.49525716527068e-09 145.94519106036856 2919.2563795194005
8.503032907620812e-09 145.81172901038528 2902.489197530864
8.510808555870834e-09 145.678512441352 2909.6722883597886
8.518584110017715e-09 145.5455406766907 2910.5022872574955
8.526359570058433e-09 145.41281304230728 2923.6505869708994
8.534134935989964e-09 145.28032886658033 2922.6623815035273
8.541910207809276e-09 145.1480874803499 2927.5296378968255
8.549685385513344e-09 145.01608821690593 2922.6725363756614
8.557460469099138e-09 144.88433041197737 2928.3139329805995
8.565235458563631e-09 144.7528134037208 2935.839726631393
8.573010353903792e-09 144.62153653270954 2944.4896384479716
8.580785155116591e-09 144.4904991419224 2945.5097139550267
8.588559862198998e-09 144.359700576733 2943.7510058421517
8.59633447514798e-09 144.22914018489857 2924.3698605599648
8.604108993960503e-09 144.09881731654943 2928.496197089947
8.611883418633536e-09 143.96873132417792 2940.200245260141
8.619657749164046e-09 143.83888156262782 2935.9325396825398
8.627431985548995e-09 143.70926738908378 2928.4762593694886
8.63520612778535e-09 143.57988816306042 2930.419463734568
8.642980175870076e-09 143.45074324639202 2922.9263255070546
8.650754129800135e-09 143.32183200322206 2920.092937059083
8.65852798957249e-09 143.19315379999261 2944.6145833333335
8.666301755184102e-09 143.06470800543408 2946.320891203704
8.674075426631933e-09 142.9364939905548 2935.5282186948853
8.681849003912944e-09 142.80851112863084 2933.6542796516756
8.689622487024095e-09 142.6807587951958 2940.5339643959437
8.697395875962347e-09 142.55323636803053 2934.481757054674
8.705169170724656e-09 142.42594322715323 2947.586516203704
8.712942371307978e-09 142.29887875480927 2940.9393325617284
8.720715477709275e-09 142.17204233546116 2923.308297508818
8.7284884899255e-09 142.04543335577873 2916.338817239859
8.736261407953611e-09 141.91905120462917 2923.979828042328
8.744034231790564e-09 141.79289527306724 2926.9813023589063
8.751806961433309e-09 141.6669649543255 2930.6791225749557
8.759579596878801e-09 141.54125964380447 2935.531525573192
8.767352138123996e-09 141.41577873906306 2930.597360008818
8.775124585165845e-09 141.29052163980896 2925.552620701058
8.7828969380013e-09 141.16548774788902 2937.508391203704
8.790669196627311e-09 141.04067646727972 2947.7453979276897
8.798441361040826e-09 140.91608720407785 2934.8685240299824
8.8062134312388e-09 140.79171936649072 2941.2879188712523
8.813985407218179e-09 140.66757236482724 2956.4004767416227
8.821757288975909e-09 140.54364561148836 2961.8174603174602
8.82952907650894e-09 140.41993852095777 2961.3148974867727
8.83730076981422e-09 140.29645050979278 2952.838734567901
8.845072368888696e-09 140.17318099661512 2973.714271935626
8.852843873729308e-09 140.05012940210187 2972.1712549603176
8.860615284333003e-09 139.92729514897627 2981.7398589065256
8.868386600696727e-09 139.8046776619987 2984.9937307098767
8.876157822817423e-09 139.68227636795785 2978.799148478836
8.883928950692033e-09 139.56009069566167 2981.208636463845
8.891699984317497e-09 139.43812007592845 2993.079254850088
8.89947092369076e-09 139.31636394157812 2990.7973985890653
8.90724176880876e-09 139.19482172742335 2993.535190696649
8.915012519668437e-09 139.07349287026082 3005.9870480599648
8.922783176266733e-09 138.95237680886254 3005.5739500661375
8.930553738600581e-09 138.83147298396727 3014.058917548501
8.938324206666923e-09 138.71078083827172 3020.256820436508
8.946094580462697e-09 138.59029981642215 3024.8682346781306
8.953864859984837e-09 138.47002936500584 3031.88814484127
8.961635045230278e-09 138.34996893254265 3033.590622244268
8.969405136195959e-09 138.23011796947634 3024.229318231922
8.97717513287881e-09 138.11047592816658 3002.779086750441
8.984945035275765e-09 137.99104226288026 3004.7590525793653
8.992714843383759e-09 137.87181642978345 3000.423142636684
9.000484557199723e-09 137.7527978869329 2987.279169422399
9.00825417672059e-09 137.63398609426812 2991.9454640652557
9.01602370194329e-09 137.51538051360293 2996.91690090388
9.023793132864751e-09 137.39698060861755 2994.246762014991
9.031562469481906e-09 137.27878584485035 3002.515542328042
9.039331711791682e-09 137.16079568968996 2981.7189980158732
9.047100859791007e-09 137.04300961236717 3001.3787202380954
9.05486991347681e-09 136.925427083947 3010.048004850088
9.062638872846014e-09 136.8080475773208 3033.7790316358023
9.070407737895548e-09 136.69087056719832 3053.048225308642
9.078176508622337e-09 136.57389553009992 3064.114734898589
9.085945185023306e-09 136.45712194434884 3052.8097856040563
9.093713767095376e-09 136.3405492900633 3070.1093612213404
9.101482254835473e-09 136.2241770491489 3090.7214781746034
9.109250648240518e-09 136.10800470529088 3093.5518215388006
9.117018947307435e-09 135.9920317439465 3113.478587962963
9.124787152033142e-09 135.87625765233753 3120.865878527337
9.132555262414561e-09 135.76068191944256 3134.1900077160494
9.140323278448611e-09 135.6453040359895 3145.621706900353
9.148091200132213e-09 135.53012349444828 3137.9620811287477
9.155859027462283e-09 135.41513978902313 3142.3099509479716
9.16362676043574e-09 135.30035241564536 3153.24787808642
9.171394399049502e-09 135.185760871966 3159.098090277778
9.179161943300479e-09 135.07136465734845 3155.1648616622574
9.186929393185592e-09 134.95716327286107 3150.363343253968
9.194696748701757e-09 134.84315622127 3148.1973655202823
9.202464009845887e-09 134.72934300703207 3150.93252590388
9.210231176614891e-09 134.61572313628758 3157.877879739859
9.217998249005688e-09 134.50229611685288 3141.458526234568
9.225765227015183e-09 134.38906145821372 3147.612309854497
9.233532110640295e-09 134.27601867151768 3150.151248346561
9.241298899877929e-09 134.16316726956768 3135.052248677249
9.249065594724998e-09 134.0505067668145 3119.439663249559
9.256832195178408e-09 133.9380366793501 3106.7489803791887
9.264598701235072e-09 133.82575652490053 3105.1911789021165
9.272365112891894e-09 133.71366582281925 3100.4483575837744
9.28013143014578e-09 133.60176409408007 3086.7947668650795
9.287897652993643e-09 133.4900508612703 3092.905478395062
9.295663781432382e-09 133.37852564858423 3081.7427110890653
9.303429815458904e-09 133.26718798181608 3074.7944775132273
9.311195755070114e-09 133.15603738835347 3072.999820877425
9.318961600262916e-09 133.04507339717063 3056.0855930335097
9.32672735103421e-09 132.9342955388218 3052.5323109567903
9.334493007380902e-09 132.82370334543458 3060.177799823633
9.342258569299891e-09 132.71329635070336 3046.7590525793653
9.35002403678808e-09 132.60307408988274 3028.795607363316
9.357789409842367e-09 132.49303609978114 3021.683421516755
9.365554688459652e-09 132.38318191875408 3029.90837191358
9.373319872636832e-09 132.27351108669797 3027.6214588844796
9.381084962370807e-09 132.16402314504344 3028.659267526455
9.388849957658475e-09 132.0547176367492 3015.3171296296296
9.39661485849673e-09 131.94559410629546 3020.6295331790125
9.404379664882472e-09 131.83665209967774 3024.0779320987654
9.412144376812589e-09 131.72789116440066 3004.577904541446
9.419908994283982e-09 131.61931084947133 3002.219425154321
9.427673517293541e-09 131.51091070539354 3006.6513034611994
9.435437945838164e-09 131.4026902841612 2997.1224922839506
9.443202279914737e-09 131.29464913925247 2998.1383377425045
9.450966519520154e-09 131.1867868256234 2980.239845127866
9.458730664651309e-09 131.07910289970187 2982.2904954805995
9.466494715305087e-09 130.97159691938165 2969.0828924162256
9.474258671478381e-09 130.86426844401612 2944.7800650352733
9.48202253316808e-09 130.7571170344124 2947.0930610670193
9.489786300371069e-09 130.65014225282545 2935.8826195987654
9.497549973084238e-09 130.5433436629518 2937.443052799824
9.505313551304473e-09 130.43672082992393 2920.153797398589
9.51307703502866e-09 130.3302733203042 2913.4245893959437
9.520840424253685e-09 130.22400070207905 2904.026606591711
9.528603718976431e-09 130.1179025446531 2901.112709435626
9.536366919193783e-09 130.01197841884343 2899.6670662477954
9.544130024902624e-09 129.90622789687362 2889.0878665123455
9.551893036099835e-09 129.80065055236824 2889.1624090608466
9.559655952782301e-09 129.69524596034685 2873.877948633157
9.5674187749469e-09 129.59001369721852 2859.98649691358
9.575181502590513e-09 129.48495334077603 2853.3894262566137
9.58294413571002e-09 129.3800644701903 2836.7878637566137
9.590706674302298e-09 129.27534666600468 2811.4765900573193
9.59846911836423e-09 129.1707995101294 2817.0358107363318
9.60623146789269e-09 129.06642258583608 2814.994502314815
9.613993722884554e-09 128.96221547775212 2795.459091159612
9.6217558833367e-09 128.85817777185522 2796.566936728395
9.629517949246004e-09 128.7543090554678 2778.5243055555557
9.637279920609336e-09 128.65060891725173 2751.025421626984
9.645041797423577e-09 128.54707694720267 2722.448440255732
9.652803579685593e-09 128.44371273664495 2712.262318121693
9.660565267392262e-09 128.34051587822592 2678.746762014991
9.668326860540455e-09 128.23748596591074 2672.5966710758375
9.676088359127039e-09 128.1346225949771 2665.830329585538
9.683849763148891e-09 128.03192536200973 2658.544601521164
9.691611072602873e-09 127.9293938648954 2666.8191964285716
9.69937228748586e-09 127.8270277028174 2647.5755208333335
9.70713340779472e-09 127.72482647625046 2640.4983465608466
9.714894433526316e-09 127.62278978695562 2657.970017636684
9.72265536467752e-09 127.52091723797487 2646.9595320767194
9.730416201245195e-09 127.41920843362615 2638.2510471781306
9.738176943226207e-09 127.31766297949822 2643.1311728395062
9.74593759061742e-09 127.21628048244547 2637.7305583112875
9.7536981434157e-09 127.11506055058287 2628.1604249338625
9.761458601617908e-09 127.01400279328105 2619.614431768078
9.76921896522091e-09 126.91310682116111 2628.1736111111113
9.776979234221564e-09 126.81237224608974 2618.1659915123455
9.784739408616733e-09 126.71179868117414 2602.8256999559085
9.792499488403278e-09 126.61138574075714 2616.8374807098767
9.800259473578056e-09 126.51113304041229 2612.516052138448
9.808019364137932e-09 126.41104019693881 2604.152956900353
9.815779160079757e-09 126.311106828357 2603.990203373016
9.823538861400392e-09 126.21133255390299 2588.164696318342
9.831298468096696e-09 126.11171699402422 2596.2946979717813
9.83905798016552e-09 126.01225977037456 2585.1607831790125
9.846817397603726e-09 125.91296050580935 2578.8311563051147
9.854576720408162e-09 125.81381882438092 2592.3909556878307
9.862335948575687e-09 125.71483435133354 2577.4103560405642
9.87009508210315e-09 125.61600671309895 2579.803419863316
9.877854120987409e-09 125.51733553729152 2577.4159226190477
9.885613065225313e-09 125.4188204527036 2566.562003968254
9.893371914813712e-09 125.32046108930092 2569.3108878968255
9.901130669749458e-09 125.2222570782179 2553.652915564374
9.9088893300294e-09 125.12420805175303 2553.03480489418
9.916647895650386e-09 125.02631364336438 2540.0655037477954
9.924406366609269e-09 124.92857348766479 2531.9795662477954
9.932164742902891e-09 124.83098722041774 2535.092082782187
9.9399230245281e-09 124.7335544785324 2525.8464230599648
9.947681211481745e-09 124.63627490005936 2514.9083030202823
9.955439303760669e-09 124.53914812418613 2513.5760719797177
9.96319730136172e-09 124.44217379123256 2508.9931244488535
9.970955204281738e-09 124.34535154264661 2507.364776234568
9.978713012517568e-09 124.24868102099971 2503.5467096560847
9.98647072606605e-09 124.15216186998255 2505.8897569444443
9.994228344924033e-09 124.05579373440045 2496.112116953263
1.000198586908835e-08 123.95957626016944 2498.314801036155
1.0009743298555844e-08 123.8635090943114 2493.323963844797
1.0017500633323357e-08 123.7675918849501 2490.4526151895943
1.0025257873387729e-08 123.67182428130677 2495.00141920194
1.0033015018745795e-08 123.57620593369592 2490.660411155203
1.0040772069394392e-08 123.480736493521 2484.8326857363318
1.0048529025330358e-08 123.38541561327013 2486.4519813712523
1.005628588655053e-08 123.29024294651197 2493.514412477954
1.0064042653051743e-08 123.19521814789151 2491.1815476190477
1.0071799324830832e-08 123.10034087312587 2486.320739638448
1.007955590188463e-08 123.00561077900012 2487.0715525793653
1.0087312384209972e-08 122.9110275233632 2486.339051477072
1.009506877180369e-08 122.81659076512376 2493.695395171958
1.0102825064662614e-08 122.7223001642461 2486.2951940035273
1.0110581262783575e-08 122.62815538174604 2477.6436976410937
1.0118337366163406e-08 122.53415607968685 2466.274071318342
1.0126093374798936e-08 122.44030192117528 2464.428791887125
1.0133849288686993e-08 122.34659257035747 2465.0343915343915
1.0141605107824406e-08 122.25302769241499 2451.292052469136
1.0149360832208e-08 122.15960695356083 2434.2477678571427
1.0157116461834606e-08 122.06633002103538 2426.467578813933
1.0164871996701049e-08 121.9731965631026 2412.814098324515
1.0172627436804152e-08 121.88020624904601 2396.9953979276897
1.0180382782140741e-08 121.78735874916475 2400.393614969136
1.0188138032707639e-08 121.69465373476974 2393.4016479276897
1.0195893188501673e-08 121.60209087817975 2383.314415233686
1.0203648249519659e-08 121.50966985271768 2380.379161155203
1.0211403215758423e-08 121.41739033270645 2369.556272045855
1.0219158087214788e-08 121.32525199346543 2352.689084545855
1.0226912863885569e-08 121.23325451130657 2343.945491622575
1.0234667545767588e-08 121.1413975635305 2344.8247078924164
1.0242422132857666e-08 121.04968082842284 2333.5703813932982
1.0250176625152618e-08 120.9581039852505 2322.2902199074074
1.0257931022649263e-08 120.86666671425782 2324.3181354717813
1.0265685325344417e-08 120.77536869666297 2321.509121472663
1.0273439533234898e-08 120.68420961465408 2315.7463624338625
1.0281193646317515e-08 120.59318915138584 2315.331886574074
1.0288947664589091e-08 120.50230699097543 2310.6162229938273
1.0296701588046436e-08 120.41156281849923 2298.7551256613756
1.0304455416686363e-08 120.32095631998905 2306.2247712742505
1.0312209150505683e-08 120.23048718242839 2301.7008790784835
1.031996278950121e-08 120.14015509374903 2302.705288249559
1.0327716333669755e-08 120.04995974282733 2291.450148809524
1.0335469783008126e-08 119.9599008194807 2284.315241953263
1.0343223137513134e-08 119.86997801446397 2275.794808201058
1.0350976397181587e-08 119.78019101946599 2272.9997382054676
1.0358729562010293e-08 119.690539527106 2268.3471533289244
1.0366482631996059e-08 119.60102323093012 2264.8367642195767
1.0374235607135693e-08 119.51164182540793 2256.7196180555557
1.0381988487426004e-08 119.42239500592889 2246.9853532848324
1.0389741272863788e-08 119.33328246879907 2253.103725749559
1.0397493963445859e-08 119.24430391123741 2252.4848434744267
1.0405246559169012e-08 119.15545903137264 2236.8663056657847
1.0412999060030059e-08 119.06674752823952 2229.0937775573193
1.0420751466025793e-08 118.97816910177576 2234.7567653218694
1.0428503777153023e-08 118.88972345281834 2227.0864197530864
1.0436255993408544e-08 118.80141028310044 2224.120273919753
1.0444008114789162e-08 118.71322929524779 2212.824253196649
1.045176014129167e-08 118.62518019277563 2216.941289131393
1.0459512072912873e-08 118.53726268008508 2213.8737599206347
1.0467263909649563e-08 118.44947646246014 2201.5221423059966
1.0475015651498542e-08 118.36182124606412 2201.4559082892415
1.0482767298456604e-08 118.2742967379366 2181.770351080247
1.0490518850520542e-08 118.18690264599002 2206.2029596560847
1.0498270307687157e-08 118.09963867900638 2219.700534611993
1.0506021669953239e-08 118.01250454663423 2221.3148561507937
1.0513772937315583e-08 117.92549995938523 2231.6630428791887
1.0521524109770979e-08 117.83862462863111 2229.7976052689596
1.0529275187316225e-08 117.75187826660022 2240.542328042328
1.0537026169948107e-08 117.66526058637476 2230.1760499338625
1.0544777057663418e-08 117.57877130188723 2215.6416721781306
1.0552527850458946e-08 117.49241012791752 2222.0928406084654
1.0560278548331483e-08 117.40617678008964 2220.784047067901
1.0568029151277815e-08 117.32007097486867 2202.151069223986
1.0575779659294729e-08 117.23409242955769 2191.329213514109
1.0583530072379016e-08 117.14824086229453 2177.159584435626
1.0591280390527459e-08 117.06251599204889 2165.2315228174602
1.0599030613736844e-08 116.97691753861912 2164.865602954145
1.0606780742003957e-08 116.89144522262926 2152.7107445987654
1.0614530775325578e-08 116.80609876552596 2142.9262290564375
1.0622280713698496e-08 116.72087788957545 2148.4625771604938
1.063003055711949e-08 116.63578231786052 2138.990203373016
1.063778030558534e-08 116.55081177427762 2138.5202132936506
1.0645529959092834e-08 116.46596598353365 2133.29829420194
1.0653279517638746e-08 116.3812446711433 2139.761684303351
1.066102898121986e-08 116.2966475634258 2144.0832644400352
1.066877834983295e-08 116.21217438750217 2143.9852154982364
1.0676527623474799e-08 116.12782487129215 2131.144951499118
1.0684276802142182e-08 116.0435987435114 2123.2465966710756
1.0692025885831874e-08 115.9594957336685 2128.5980213844796
1.0699774874540657e-08 115.87551557206207 2130.1378968253966
1.07075237682653e-08 115.79165798977799 2131.3744350749557
1.071527256700258e-08 115.70792271868635 2138.141121031746
1.0723021270749272e-08 115.62430949143872 2144.782145612875
1.0730769879502148e-08 115.54081804146531 2142.5084325396824
1.073851839325798e-08 115.45744810297208 2144.41939484127
1.074626681201354e-08 115.37419941093793 2143.1117449294534
1.0754015135765597e-08 115.29107170111193 2145.6771522266313
1.0761763364510924e-08 115.20806471001046 2153.057250330688
1.076951149824629e-08 115.12517817491448 2161.246238425926
1.0777259536968465e-08 115.04241183386677 2155.550664131393
1.078500748067421e-08 114.95976542566918 2156.8478422619046
1.0792755329360299e-08 114.87723868987972 2152.952628968254
1.0800503083023498e-08 114.79483136681003 2150.716049382716
1.080825074166057e-08 114.71254319752265 2157.9387538580245
1.0815998305268282e-08 114.63037392382812 2158.8916032848324
1.0823745773843399e-08 114.54832328828243 2148.636105599647
1.083149314738268e-08 114.46639103418438 2165.114734898589
1.0839240425882892e-08 114.38457690557271 2169.230999228395
1.0846987609340799e-08 114.30288064722359 2164.1726052689596
1.0854734697753157e-08 114.22130200464795 2169.167052469136
1.086248169111673e-08 114.1398407240888 2164.9138558201057
1.0870228589428275e-08 114.05849655251863 2162.783413249559
1.0877975392684554e-08 113.97726923763672 2177.73117835097
1.0885722100882327e-08 113.89615852786659 2175.4768518518517
1.0893468714018345e-08 113.81516417235349 2180.992407958554
1.090121523208937e-08 113.73428592096161 2179.487819664903
1.090896165509216e-08 113.65352352427166 2164.916446208113
1.0916707983023465e-08 113.57287673357831 2182.791322200176
1.0924454215880043e-08 113.49234530088754 2191.3166335978835
1.0932200353658648e-08 113.41192897891412 2191.6990189594358
1.0939946396356031e-08 113.3316275210792 2192.6016176146386
1.0947692343968949e-08 113.2514406815076 2203.7459077380954
1.0955438196494147e-08 113.17136821502554 2184.175664131393
1.0963183953928384e-08 113.0914098771578 2185.976741622575
1.0970929616268404e-08 113.01156542412564 2184.251033399471
1.0978675183510958e-08 112.93183461284401 2185.190765542328
1.0986420655652798e-08 112.85221720091917 2190.635113536155
1.0994166032690668e-08 112.77271294664634 2192.1853229717813
1.1001911314621317e-08 112.69332160900711 2205.8728229717813
1.1009656501441495e-08 112.61404294766706 2193.9510719797177
1.101740159314794e-08 112.53487672297342 2182.966586750441
1.1025146589737402e-08 112.45582269595248 2192.5298445767194
1.1032891491206627e-08 112.37688062830729 2201.60048776455
1.1040636297552357e-08 112.29805028241533 2208.0307677469136
1.1048381008771334e-08 112.219331421326 2213.6209628527336
1.1056125624860301e-08 112.14072380875831 2212.047453703704
1.1063870145815998e-08 112.06222720909852 2214.502741953263
1.1071614571635169e-08 111.98384138739775 2220.7069830246915
1.107935890231455e-08 111.90556610936967 2223.12961585097
1.1087103137850883e-08 111.82740114138818 2229.8709628527336
1.1094847278240904e-08 111.74934625048505 2228.1015349426807
1.1102591323481355e-08 111.67140120434755 2226.3038194444443
1.1110335273568968e-08 111.59356577131632 2219.6542107583773
1.1118079128500484e-08 111.5158397203829 2219.8695436507937
1.1125822888272635e-08 111.43822282118755 2218.213500330688
1.1133566552882156e-08 111.36071484401694 2222.3309082892415
1.1141310122325782e-08 111.28331555980184 2227.083622685185
1.1149053596600248e-08 111.20602474011491 2232.880607914462
1.1156796975702283e-08 111.12884215716855 2237.6099399250443
1.1164540259628621e-08 111.05176758381242 2235.926421957672
1.1172283448375994e-08 110.97480079353144 2247.1748374118165
1.118002654194113e-08 110.89794156044348 2237.9450093694886
1.1187769540320757e-08 110.82118965929716 2236.3883790784835
1.119551244351161e-08 110.74454486546958 2244.642884700176
1.1203255251510413e-08 110.66800695496427 2243.8851410934744
1.1210997964313891e-08 110.59157570440895 2236.633088073192
1.1218740581918776e-08 110.51525089105326 2231.509755291005
1.1226483104321791e-08 110.43903229276673 2236.824997244268
1.1234225531519662e-08 110.36291968803657 2221.6168154761904
1.1241967863509111e-08 110.28691285596554 2225.788290895062
1.1249710100286863e-08 110.21101157626977 2232.1319720017636
1.1257452241849644e-08 110.13521562927664 2245.9897211199295
1.1265194288194173e-08 110.05952479592278 2239.3830605158732
1.127293623931717e-08 109.98393885775181 2242.804783950617
1.128067809521536e-08 109.90845759691227 2247.6497740299824
1.128841985588546e-08 109.83308079615556 2252.470913249559
1.1296161521324188e-08 109.7578082388339 2258.5242779982364
1.1303903091528266e-08 109.68263970889811 2259.2816633597886
1.1311644566494409e-08 109.60757499089576 2278.5370508156966
1.1319385946219335e-08 109.53261386996886 2279.244598765432
1.132712723069976e-08 109.457756131852 2272.447751322751
1.1334868419932397e-08 109.38300156287028 2288.5874807098767
1.1342609513913966e-08 109.30834994993715 2291.54899691358
1.1350350512641178e-08 109.23380108055258 2297.592854387125
1.1358091416110745e-08 109.15935474280089 2299.463555445326
1.1365832224319381e-08 109.08501072534877 2307.158509700176
1.1373572937263798e-08 109.01076881744339 2310.0618799603176
1.1381313554940706e-08 108.93662880891024 2320.7022569444443
1.1389054077346816e-08 108.8625904901513 2319.6282104276897
1.1396794504478836e-08 108.78865365214297 2329.321208112875
1.1404534836333477e-08 108.7148180864341 2341.4770309744267
1.1412275072907448e-08 108.64108358514409 2353.0143986992944
1.1420015214197449e-08 108.56744994096098 2355.3510389109347
1.1427755260200193e-08 108.49391694713934 2363.431175595238
1.1435495210912389e-08 108.42048439749841 2364.775779872134
1.144323506633073e-08 108.34715208642037 2359.5393931878307
1.1450974826451934e-08 108.27391980884805 2355.8704668209875
1.1458714491272694e-08 108.20078736028337 2376.1251653439153
1.1466454060789719e-08 108.12775453678518 2384.701733355379
1.1474193534999709e-08 108.05482113496754 2377.7428902116403
1.1481932913899364e-08 107.98198695199773 2382.7724316578483
1.1489672197485385e-08 107.90925178559442 2389.0613563712523
1.1497411385754473e-08 107.83661543402576 2394.647045855379
1.1505150478703326e-08 107.76407769610756 2407.161899250441
1.1512889476328643e-08 107.69163837120139 2411.416143077601
1.1520628378627124e-08 107.61929725921273 2409.2262180335097
1.1528367185595459e-08 107.54705416058923 2414.765666335979
1.1536105897230347e-08 107.47490887631871 2435.248470568783
1.1543844513528487e-08 107.40286120792742 2449.2550292107585
1.155158303448657e-08 107.33091095747824 2459.1392609126983
1.155932146010129e-08 107.25905792756889 2468.12216159612
1.1567059790369339e-08 107.18730192132999 2468.993220899471
1.1574798025287414e-08 107.11564274242339 2471.244998346561
1.15825361648522e-08 107.04408019504038 2475.179825286596
1.1590274209060392e-08 106.97261408389981 2485.844425154321
1.1598012157908681e-08 106.90124421424636 2492.3936700837744
1.1605750011393749e-08 106.82997039184892 2497.222360008818
1.1613487769512294e-08 106.75879242299845 2510.967261904762
1.1621225432261e-08 106.6877101145067 2537.7039930555557
1.1628962999636551e-08 106.61672327370412 2554.43430335097
1.1636700471635633e-08 106.54583170843827 2551.773974867725
1.164443784825494e-08 106.47503522707193 2571.912477954145
1.1652175129491146e-08 106.40433363848167 2573.277419532628
1.1659912315340945e-08 106.33372675205581 2567.5456900352733
1.166764940580101e-08 106.26321437769293 2572.693328373016
1.1675386400868031e-08 106.19279632580003 2593.8287450396824
1.1683123300538687e-08 106.12247240729091 2608.4926008597886
1.1690860104809659e-08 106.05224243358445 2610.594425154321
1.1698596813677628e-08 105.98210621660287 2606.0737158289244
1.1706333427139273e-08 105.91206356877022 2616.5375881834216
1.1714069945191271e-08 105.84211430301049 2622.284984016755
1.1721806367830303e-08 105.7722582327461 2626.0635058421517
1.1729542695053044e-08 105.70249517189617 2625.7965305335097
1.1737278926856173e-08 105.63282493487489 2625.3622822971784
1.1745015063236363e-08 105.56324733658991 2628.921103395062
1.175275110419029e-08 105.49376219244063 2619.5154183201057
1.1760487049714627e-08 105.4243693183166 2609.5060763888887
1.1768222899806047e-08 105.35506853059591 2610.7175099206347
1.1775958654461228e-08 105.28585964614355 2603.709848985891
1.1783694313676838e-08 105.21674248230983 2595.271976962081
1.1791429877449545e-08 105.14771685692871 2577.7702959656085
1.1799165345776025e-08 105.07878258831626 2583.973572530864
1.1806900718652944e-08 105.00993949526907 2564.58913414903
1.1814635996076972e-08 104.94118739706256 2554.5386766975307
1.182237117804478e-08 104.87252611344954 2550.2624007936506
1.183010626455303e-08 104.8039554646586 2532.13494819224
1.183784125559839e-08 104.73547527139245 2524.9497630070546
1.184557615117753e-08 104.66708535482638 2525.5694857804233
1.185331095128711e-08 104.5987855366069 2523.048321759259
1.1861045655923798e-08 104.53057563884988 2523.3579420194005
1.1868780265084258e-08 104.46245548413923 2516.3977210097
1.1876514778765147e-08 104.39442489552529 2516.567198522928
1.1884249196963133e-08 104.3264836965233 2511.1777171516756
1.1891983519674876e-08 104.25863171111183 2511.003665123457
1.1899717746897035e-08 104.1908687637314 2508.175168099647
1.1907451878626272e-08 104.12319467928275 2518.4404624118165
1.1915185914859243e-08 104.05560928312556 2511.9382302689596
1.192291985559261e-08 103.98811240107678 2506.268862985009
1.1930653700823028e-08 103.9207038594092 2515.8757853835978
1.1938387450547155e-08 103.85338348485 2525.542190255732
1.1946121104761646e-08 103.78615110457916 2537.351424713404
1.1953854663463157e-08 103.71900654622809 2528.6522128527336
1.196158812664834e-08 103.65194963787809 2535.637318121693
1.1969321494313852e-08 103.5849802080589 2541.1710896164022
1.1977054766456347e-08 103.51809808574723 2538.388007054674
1.198478794307247e-08 103.45130310036535 2537.691523368607
1.1992521024158882e-08 103.38459508177957 2548.538883377425
1.2000254009712228e-08 103.31797386029884 2551.903687169312
1.200798689972916e-08 103.25143926667334 2560.1430913800705
1.2015719694206324e-08 103.18499113209296 2548.0042162698414
1.2023452393140373e-08 103.11862928818596 2549.0204337522046
1.203118499652795e-08 103.05235356701749 2548.614128637566
1.2038917504365707e-08 102.98616380108818 2557.6256889329807
1.2046649916650285e-08 102.92005982333279 2543.736717372134
1.2054382233378334e-08 102.85404146711873 2526.5476603835978
1.2062114454546492e-08 102.7881085662447 2539.6749476410937
1.2069846580151411e-08 102.72226095493926 2530.132220017637
1.2077578610189727e-08 102.65649846785949 2510.486441798942
1.2085310544658088e-08 102.59082094008957 2497.0781525573193
1.2093042383553133e-08 102.52522820713943 2491.136656746032
1.2100774126871503e-08 102.45972010494334 2476.048542217813
1.2108505774609836e-08 102.3942964698586 2460.714023919753
1.2116237326764774e-08 102.32895713866408 2430.8512318121693
1.2123968783332954e-08 102.26370194855897 2410.985821759259
1.2131700144311014e-08 102.19853073716138 2394.9957148368608
1.2139431409695593e-08 102.13344334250696 2377.7297729276897
1.2147162579483324e-08 102.06843960304768 2355.218570877425
1.2154893653670843e-08 102.00351935765029 2335.3577353395062
1.2162624632254787e-08 101.93868244559516 2320.1023203262785
1.217035551523179e-08 101.87392870657493 2314.0491622574955
1.2178086302598481e-08 101.80925798069315 2303.732666446208
1.2185816994351497e-08 101.74467010846294 2281.624724426808
1.2193547590487464e-08 101.68016493080574 2265.3579006834216
1.220127809100302e-08 101.61574228904996 2246.514591600529
1.2209008495894788e-08 101.55140202492974 2220.2353808421517
1.2216738805159406e-08 101.48714398058351 2179.6602871472664
1.2224469018793492e-08 101.42296799855295 2163.5767195767194
1.2232199136793684e-08 101.35887392178141 2141.4057401895943
1.22399291591566e-08 101.29486159361288 2108.4474206349205
1.2247659085878873e-08 101.23093085779055 2079.1264743165784
1.2255388916957124e-08 101.1670815584556 2053.003513558201
1.226311865238798e-08 101.10331354014598 2015.8035438712523
1.2270848292168068e-08 101.03962664779499 1973.2938023589065
1.2278577836294005e-08 100.97602072673027 1943.7035383597884
1.2286307284762414e-08 100.91249562267234 1922.6586474867725
1.229403663756992e-08 100.84905118173339 1876.102485670194
1.2301765894713146e-08 100.7856872504161 1836.0496376212523
1.2309495056188705e-08 100.72240367561244 1809.1420924272486
1.2317224121993223e-08 100.65920030460225 1787.7284708443563
1.2324953092123314e-08 100.59607698505222 1760.1888296406526
1.2332681966575598e-08 100.53303356501456 1741.652557319224
1.2340410745346692e-08 100.47006989292578 1718.1145764440034
1.234813942843321e-08 100.4071858176055 1697.1932250330688
1.2355868015831771e-08 100.34438118825526 1679.4086130401236
1.2363596507538988e-08 100.28165585445726 1664.8258790784832
1.2371324903551473e-08 100.2190096661732 1641.1688161375662
1.2379053203865843e-08 100.15644247374308 1618.8233024691358
1.2386781408478712e-08 100.09395412788399 1609.3612488977071
1.2394509517386682e-08 100.03154447968899 1611.4644028328923
1.2402237530586375e-08 99.96921338062576 1596.4843956679895
1.2409965448074393e-08 99.90696068253565 1606.2516809964727
1.2417693269847352e-08 99.84478623763232 1607.307560350529
1.2425420995901855e-08 99.78268989850069 1614.832348159171
1.2433148626234512e-08 99.72067151809568 1622.2350708223105
1.2440876160841932e-08 99.65873094974113 1625.2174616953264
1.2448603599720716e-08 99.59686804712861 1636.5845114087301
1.2456330942867476e-08 99.53508266431623 1642.0850694444443
1.2464058190278813e-08 99.47337465572758 1634.4843818893298
1.2471785341951332e-08 99.41174387615054 1644.498401675485
1.2479512397881633e-08 99.3501901807361 1652.216338734568
1.2487239358066322e-08 99.28871342499731 1652.4975405092594
1.2494966222502e-08 99.22731346480803 1665.2779569003528
1.2502692991185268e-08 99.16599015640199 1671.3895709325398
1.2510419664112725e-08 99.10474335637146 1677.45348324515
1.2518146241280972e-08 99.04357292166627 1699.3765500992063
1.2525872722686606e-08 98.98247870959266 1709.193397266314
1.2533599108326223e-08 98.92146057781218 1727.9815503747795
1.2541325398196426e-08 98.86051838434051 1752.8215319113756
1.2549051592293807e-08 98.7996519875465 1771.481350584215
1.255677769061496e-08 98.73886124615095 1794.2735132826278
1.2564503693156481e-08 98.6781460192256 1808.265762786596
1.2572229599914968e-08 98.61750616619187 1835.490947420635
1.2579955410887009e-08 98.55694154682011 1852.8163442460318
1.2587681126069197e-08 98.4964520212282 1873.1936866181659
1.2595406745458123e-08 98.43603744988059 1894.2334656084656
1.2603132269050382e-08 98.37569769358723 1919.4444444444443
1.2610857696842561e-08 98.31543261350252 1941.8093309082892
1.2618583028831251e-08 98.25524207112421 1969.5541363536156
1.2626308265013035e-08 98.19512592829243 2010.8874972442682
1.2634033405384506e-08 98.1350840471884 2032.5650766093474
1.2641758449942253e-08 98.07511629033364 2045.7351052689594
1.2649483398682855e-08 98.01522252058884 2082.2079061948853
1.2657208251602905e-08 97.95540260115268 2110.112309854497
1.266493300869898e-08 97.89565639556103 2152.121348655203
1.2672657669967668e-08 97.83598376768569 2176.1669560185187
1.2680382235405553e-08 97.77638458173345 2213.926242835097
1.2688106705009219e-08 97.71685870224509 2245.1782820767194
1.2695831078775241e-08 97.65740599409433 2285.375399581129
1.2703555356700202e-08 97.59802632248679 2327.530437059083
1.2711279538780686e-08 97.53871955295892 2357.4590360449733
1.2719003625013266e-08 97.47948555137717 2394.037574404762
1.2726727615394527e-08 97.42032418393669 2434.46839175485
1.2734451509921044e-08 97.36123531716063 2472.236992945326
1.274217530858939e-08 97.30221881789899 2520.4513751102295
1.2749899011396143e-08 97.24327455332754 2566.6091820987654
1.2757622618337882e-08 97.1844023909469 2602.559055335097
1.2765346129411178e-08 97.12560219858167 2636.7211750440915
1.2773069544612605e-08 97.06687384437924 2689.6621334876545
1.278079286393874e-08 97.0082171968089 2741.0202270723103
1.2788516087386148e-08 96.94963212466087 2776.258983686067
1.2796239214951405e-08 96.8911184970453 2830.338707010582
1.2803962246631077e-08 96.83267618339129 2884.214671516755
1.2811685182421745e-08 96.77430505344589 2947.589423500882
1.2819408022319963e-08 96.71600497727326 2983.566151344797
1.282713076632231e-08 96.65777582525352 3028.84198633157
1.2834853414425353e-08 96.59961746808193 3071.1022100970017
1.2842575966625651e-08 96.54152977676792 3101.165013227513
1.2850298422919775e-08 96.48351262263404 3133.6943066578483
1.2858020783304294e-08 96.42556587731505 3160.8566468253966
1.2865743047775768e-08 96.36768941275712 3190.3368055555557
1.2873465216330755e-08 96.3098831012167 3218.204227292769
1.2881187288965827e-08 96.25214681525958 3237.5155009920636
1.2888909265677545e-08 96.1944804277601 3286.7881255511465
1.2896631146462463e-08 96.13688381190015 3315.334656084656
1.290435293131715e-08 96.07935684116812 3338.7861689814813
1.2912074620238159e-08 96.02189938935823 3360.555266203704
1.2919796213222056e-08 95.96451133056931 3390.053158068783
1.2927517710265393e-08 95.90719253920413 3384.7584325396824
1.2935239111364727e-08 95.84994288996837 3428.338707010582
1.2942960416516619e-08 95.79276225786968 3470.6180555555557
1.2950681625717618e-08 95.73565051821686 3485.2539131393296
1.2958402738964288e-08 95.6786075466188 3513.9401868386244
1.296612375625318e-08 95.62163321898382 3537.152267967372
1.2973844677580842e-08 95.56472741151859 3545.4726355820108
1.2981565502943834e-08 95.50789000072719 3571.235229276896
1.2989286232338704e-08 95.45112086341041 3590.748291446208
1.2997006865762e-08 95.39441987666473 3593.1643518518517
1.3004727403210278e-08 95.33778691788137 3621.6509865520284
1.3012447844680086e-08 95.28122186474563 3636.639991181658
1.3020168190167968e-08 95.22472459523578 3659.6881200396824
1.3027888439670482e-08 95.16829498762226 3643.035011574074
1.3035608593184163e-08 95.11193292046693 3630.962039792769
1.3043328650705568e-08 95.05563827262193 3619.1098572530864
1.3051048612231236e-08 94.99941092322912 3637.0488729056437
1.3058768477757713e-08 94.943250751719 3646.1462466931216
1.306648824728154e-08 94.88715763780993 3686.6605213844796
1.3074207920799271e-08 94.8311314615072 3748.140845458554
1.3081927498307436e-08 94.77517210310235 3783.622437169312
1.3089646979802582e-08 94.7192794431721 3808.458994708995
1.3097366365281249e-08 94.66345336257763 3835.2727347883597
1.310508565473998e-08 94.6076937424637 3875.723434744268
1.3112804848175314e-08 94.55200046425782 3895.1248897707233
1.312052394558378e-08 94.49637340966945 3925.9958939594358
1.3128242946961928e-08 94.44081246068899 3932.8751653439153
1.3135961852306293e-08 94.38531749958715 3941.0790343915346
1.3143680661613402e-08 94.32988840891409 3950.733107363316
1.3151399374879798e-08 94.27452507149843 3959.355406746032
1.3159117992102015e-08 94.21922737044659 3974.1965388007056
1.3166836513276585e-08 94.16399518914191 3996.5858686067018
1.317455493840004e-08 94.10882841124383 4032.5777391975307
1.3182273267468915e-08 94.05372692068705 4066.6122685185187
1.3189991500479742e-08 93.99869060168078 4094.1291060405642
1.3197709637429048e-08 93.94371933870787 4136.458140432099
1.3205427678313361e-08 93.88881301652404 4164.812582671958
1.3213145623129218e-08 93.83397152015702 4189.629409171076
1.3220863471873139e-08 93.77919473490584 4175.245094797178
1.322858122454166e-08 93.72448254633989 4185.100639329806
1.32362988811313e-08 93.66983484029832 4184.53585207231
1.3244016441638586e-08 93.61525150288908 4209.649636243386
1.3251733906060044e-08 93.56073242048818 4237.682980599648
1.32594512743922e-08 93.50627747973888 4250.466214726632
1.3267168546631577e-08 93.45188656755099 4277.572889109348
1.32748857227747e-08 93.39755957109996 4305.857418430335
1.3282602802818083e-08 93.34329637782628 4312.965994268077
1.3290319786758256e-08 93.28909687543447 4346.265597442681
1.3298036674591731e-08 93.2349609518925 4357.120921516755
1.3305753466315036e-08 93.18088849543089 4373.02628968254
1.3313470161924684e-08 93.12687939454206 4408.428764329806
1.3321186761417195e-08 93.07293353797945 4407.430527998236
1.3328903264789084e-08 93.01905081475685 4432.175843253968
1.333661967203687e-08 92.96523111414756 4457.609430114639
1.3344335983157067e-08 92.91147432568366 4468.122822971782
1.3352052198146193e-08 92.85778033915525 4497.954447751323
1.3359768317000758e-08 92.80414904460982 4519.571593915344
1.3367484339717274e-08 92.75058033235125 4542.553130511464
1.3375200266292258e-08 92.69707409293926 4575.216352513227
1.3382916096722219e-08 92.64363021718862 4582.346726190476
1.3390631831003665e-08 92.59024859616835 4585.361855158731
1.3398347469133114e-08 92.53692912120104 4591.66870590829
1.3406063011107068e-08 92.48367168386214 4591.650986552028
1.3413778456922039e-08 92.43047617597911 4588.898699294533
1.3421493806574533e-08 92.37734248963082 4590.237296075838
1.342920906006106e-08 92.32427051714669 4585.170028659612
1.3436924217378117e-08 92.27126015110613 4579.646797839506
1.3444639278522219e-08 92.21831128433763 4572.728505291006
1.3452354243489868e-08 92.16542380991814 4552.480241402116
1.3460069112277567e-08 92.11259762117237 4559.931575176367
1.3467783884881814e-08 92.05983261167206 4595.325369268077
1.3475498561299121e-08 92.00712867523515 4633.452325837742
1.3483213141525978e-08 91.95448570592528 4646.285769400352
1.3490927625558895e-08 91.90190359805084 4679.810074955908
1.3498642013394368e-08 91.84938224616447 4719.576719576719
1.3506356305028899e-08 91.79692154506223 4753.270364858907
1.3514070500458976e-08 91.74452138978303 4780.797894620811
1.3521784599681105e-08 91.69218167560771 4803.301421957672
1.3529498602691783e-08 91.63990229805853 4818.712742504409
1.3537212509487501e-08 91.58768315289844 4803.634011243386
1.3544926320064756e-08 91.53552413613032 4824.120260141093
1.3552640034420042e-08 91.48342514399637 4840.955577601411
1.3560353652549855e-08 91.43138607297735 4858.435433201058
1.3568067174450685e-08 91.37940681979197 4860.910273368607
1.357578060011902e-08 91.32748728139616 4874.516258818342
1.3583493929551357e-08 91.27562735498233 4890.040399029982
1.3591207162744185e-08 91.22382693797887 4903.272652116402
1.3598920299693989e-08 91.17208592804931 4931.079750881834
1.3606633340397259e-08 91.12040422309167 4930.381007495591
1.3614346284850486e-08 91.06878172123785 4938.842399691358
1.3622059133050157e-08 91.0172183208529 4952.5804122574955
1.3629771884992755e-08 90.96571392053444 4951.6115244709
1.3637484540674763e-08 90.9142684191119 4952.463982583774
1.3645197100092673e-08 90.86288171564586 4948.332175925926
1.3652909563242961e-08 90.81155370942749 4940.615740740741
1.3660621930122115e-08 90.76028429997778 4948.177606922399
1.3668334200726615e-08 90.70907338704696 4952.253582451499
1.3676046375052944e-08 90.6579208706138 4948.652033730159
1.368375845309758e-08 90.60682665088498 4966.147789902998
1.3691470434857005e-08 90.55579062829445 4977.443838183422
1.3699182320327697e-08 90.50481270350275 4987.982721560847
1.3706894109506131e-08 90.45389277739643 4976.964368386243
1.3714605802388791e-08 90.40303075108731 4999.261050485009
1.3722317398972148e-08 90.35222652591195 5016.4238040123455
1.373002889925268e-08 90.30148000343091 5008.803516313933
1.3737740303226858e-08 90.2507910854282 5007.094631834215
1.3745451610891163e-08 90.20015967391059 5011.9061122134035
1.3753162822242063e-08 90.14958567110699 5010.330550044092
1.376087393727603e-08 90.09906897946784 5003.526317239859
1.376858495598954e-08 90.04860950166449 5017.509011243386
1.3776295878379063e-08 89.99820714058849 5027.1928461199295
1.3784006704441062e-08 89.94786179935116 5023.010885141093
1.3791717434172019e-08 89.89757338128265 5026.490354938272
1.3799428067568391e-08 89.84734178993173 5050.727926587301
1.380713860462665e-08 89.79716692906482 5074.044284611993
1.381484904534326e-08 89.74704870266557 5085.78480489418
1.3822559389714695e-08 89.6969870149341 5078.284143518518
1.383026963773741e-08 89.64698177028664 5097.156801146384
1.3837979789407881e-08 89.59703287335459 5122.946290784833
1.3845689844722558e-08 89.54714022898428 5129.828428130511
1.3853399803677918e-08 89.49730374223594 5136.565117945326
1.386110966627041e-08 89.44752331838357 5141.9362874779545
1.38688194324965e-08 89.39779886291394 5142.056878306878
1.3876529102352655e-08 89.34813028152617 5157.509286816578
1.3884238675835325e-08 89.2985174801312 5147.743716931217
1.3891948152940972e-08 89.24896036485104 5144.78160824515
1.3899657533666056e-08 89.19945884201826 5132.035631613757
1.3907366818007035e-08 89.1500128181754 5144.876653439153
1.3915076005960361e-08 89.1006222000744 5161.346423059965
1.3922785097522494e-08 89.05128689467594 5175.133735670194
1.3930494092689884e-08 89.00200680914895 5205.0074955908285
1.3938202991458989e-08 88.95278185086995 5236.608520723104
1.394591179382626e-08 88.9036119274225 5240.850584215167
1.395362049978815e-08 88.85449694659664 5250.3185626102295
1.3961329109341108e-08 88.8054368163883 5253.232694003527
1.3969037622481589e-08 88.75643144499867 5263.3282627865965
1.3976746039206042e-08 88.70748074083376 5260.017719356261
1.3984454359510914e-08 88.65858461250369 5272.210289902998
1.3992162583392656e-08 88.60974296882219 5277.951609347443
1.3999870710847711e-08 88.56095571880608 5274.725639329806
1.4007578741872533e-08 88.51222277167456 5285.087026014109
1.4015286676463559e-08 88.4635440368488 5308.269372795415
1.402299451461724e-08 88.4149194239513 5308.339643959435
1.4030702256330018e-08 88.36634884280534 5317.964065255732
1.403840990159834e-08 88.31783220343442 5301.006255511464
1.4046117450418643e-08 88.26936941606174 5324.851989638448
1.405382490278737e-08 88.2209603911096 5323.649801587301
1.4061532258700965e-08 88.17260503919888 5308.812196869489
1.4069239518155867e-08 88.12430327114846 5313.383184523809
1.4076946681148516e-08 88.07605499797472 5302.582313712522
1.408465374767535e-08 88.02786013089093 5312.783261684303
1.40923607177328e-08 87.97971858130678 5287.225666887125
1.4100067591317319e-08 87.93163026082773 5281.791032848325
1.4107774368425329e-08 87.88359508125463 5288.680555555556
1.4115481049053265e-08 87.83561295458304 5309.151951058201
1.4123187633197572e-08 87.78768379300269 5295.817570546737
1.4130894120854678e-08 87.73980750889704 5319.58165233686
1.4138600512021012e-08 87.69198401484277 5317.330935846561
1.4146306806693011e-08 87.64421322360906 5298.363673941799
1.4154013004867104e-08 87.59649504815724 5343.2505787037035
1.4161719106539727e-08 87.54882940164015 5365.655919312169
1.4169425111707303e-08 87.50121619740176 5383.100666887125
1.4177131020366263e-08 87.45365534897648 5383.87960207231
1.418483683251303e-08 87.40614677008872 5360.585097001764
1.4192542548144042e-08 87.35869037465231 5363.400518077601
1.4200248167255712e-08 87.31128607677014 5369.615327380952
1.4207953689844483e-08 87.26393379073333 5371.809000220459
1.4215659115906764e-08 87.21663343102114 5381.730213844798
1.4223364445438985e-08 87.16938491230007 5404.229552469136
1.4231069678437568e-08 87.12218814942355 5390.1067294973545
1.4238774814898938e-08 87.07504305743137 5395.129684744268
1.4246479854819512e-08 87.0279495515492 5424.034171075838
1.4254184798195715e-08 86.98090754718802 5420.2380125661375
1.4261889645023964e-08 86.93391695994372 5397.904789462081
1.426959439530068e-08 86.88697770559645 5416.762511022927
1.4277299049022279e-08 86.84008970011031 5435.71483686067
1.4285003606185182e-08 86.79325285963263 5464.411100088183
1.4292708066785799e-08 86.74646710049365 5472.94885361552
1.4300412430820553e-08 86.69973233920588 5504.300016534392
1.4308116698285854e-08 86.65304849246375 5499.234540343916
1.4315820869178119e-08 86.60641547714299 5512.847084435626
1.432352494349376e-08 86.5598332103002 5541.633101851852
1.4331228921229191e-08 86.51330160917233 5537.880428791887
1.4338932802380821e-08 86.46682059117623 5521.273065476191
1.4346636586945063e-08 86.42039007390814 5533.237488977073
1.4354340274918325e-08 86.37400997514314 5584.136215828924
1.4362043866297016e-08 86.3276802128348 5597.283454585538
1.436974736107755e-08 86.28140070511455 5595.307319223986
1.4377450759256329e-08 86.23517137029131 5611.321676587301
1.438515406082976e-08 86.18899212685098 5614.100363756614
1.4392857265794253e-08 86.14286289345587 5619.136601631393
1.4400560374146207e-08 86.09678358894442 5645.578097442681
1.4408263385882032e-08 86.0507541323305 5630.624007936508
1.4415966300998128e-08 86.00477444280308 5627.080660273368
1.4423669119490898e-08 85.95884443972577 5649.169449955908
1.4431371841356746e-08 85.91296404263618 5636.817377645502
1.4439074466592071e-08 85.86713317124567 5643.532214506173
1.4446776995193274e-08 85.82135174543873 5651.614114858907
1.4454479427156752e-08 85.77561968527259 5662.004161155202
1.446218176247891e-08 85.72993691097668 5674.673004850089
1.4469884001156141e-08 85.68430334295225 5670.398203262786
1.4477586143184836e-08 85.63871890177191 5663.0490244709
1.4485288188561404e-08 85.59318350817902 5674.362736992945
1.4492990137282234e-08 85.54769708308744 5669.733493165785
1.4500691989343716e-08 85.50225954758095 5676.225749559083
1.450839374474225e-08 85.45687082291279 5674.3904872134035
1.451609540347423e-08 85.41153083050523 5666.992366622575
1.4523796965536039e-08 85.36623949194919 5652.275407848325
1.4531498430924077e-08 85.32099672900361 5645.790536816578
1.453919979963473e-08 85.27580246359521 5664.795938051147
1.4546901071664388e-08 85.23065661781789 5678.140790343916
1.4554602247009443e-08 85.18555911393227 5680.45629409171
1.4562303325666275e-08 85.14050987436545 5687.420882936508
1.4570004307631278e-08 85.0955088217103 5649.689346340388
1.4577705192900842e-08 85.05055587872512 5644.762703924162
1.4585405981471341e-08 85.00565096833336 5655.719576719577
1.459310667333917e-08 84.96079401362286 5637.484898589065
1.4600807268500703e-08 84.91598493784575 5626.171985229277
1.4608507766952327e-08 84.87122366441771 5608.804591049383
1.4616208168690433e-08 84.82651011691772 5613.2726796737215
1.4623908473711388e-08 84.78184421908763 5622.129409171076
1.4631608682011579e-08 84.7372258948316 5620.993083112875
1.463930879358739e-08 84.69265506821574 5617.748374118166
1.464700880843519e-08 84.64813166346778 5619.810543430335
1.4654708726551365e-08 84.60365560497642 5606.537229938272
1.466240854793229e-08 84.5592268172911 5600.8331128747795
1.4670108272574342e-08 84.51484522512146 5574.675650352734
1.4677807900473893e-08 84.47051075333698 5562.906580687831
1.468550743162732e-08 84.42622332696651 5553.318011463844
1.4693206866030997e-08 84.38198287119786 5548.959408068783
1.4700906203681296e-08 84.33778931137742 5555.615713183422
1.4708605444574587e-08 84.29364257300968 5600.559413580247
1.4716304588707248e-08 84.24954258175681 5592.909611992945
1.4724003636075647e-08 84.2054892634383 5619.336557539683
1.4731702586676147e-08 84.16148254403056 5631.628306878307
1.4739401440505128e-08 84.11752234966634 5629.305335097002
1.4747100197558949e-08 84.07360860663456 5617.436452821869
1.4754798857833983e-08 84.02974124137971 5628.499090608466
1.4762497421326592e-08 83.9859201805015 5623.0699955908285
1.4770195888033144e-08 83.94214535075449 5606.998401675485
1.4777894257950002e-08 83.89841667904761 5620.217482363316
1.4785592531073533e-08 83.85473409244382 5645.28160824515
1.4793290707400097e-08 83.81109751815964 5643.258404982364
1.4800988786926057e-08 83.76750688356483 5653.952601410935
1.4808686769647774e-08 83.72396211618191 5664.406994047619
1.4816384655561611e-08 83.68046314368574 5675.5542879188715
1.4824082444663929e-08 83.63700989390324 5688.9233079806
1.4831780136951084e-08 83.5936022948129 5690.538470017636
1.4839477732419428e-08 83.5502402745444 5701.114142416226
1.4847175231065329e-08 83.50692376137815 5702.50815696649
1.4854872632885131e-08 83.46365268374508 5713.402584876543
1.4862569937875208e-08 83.42042697022595 5711.042190255732
1.4870267146031897e-08 83.37724654955132 5714.571897045856
1.4877964257351563e-08 83.33411135060084 5709.7331624779545
1.488566127183055e-08 83.29102130240305 5722.0373126102295
1.489335818946522e-08 83.24797633413488 5735.051366843033
1.490105501025192e-08 83.20497637512133 5765.101548721341
1.4908751734187e-08 83.16202135483512 5765.270778218694
1.4916448361266808e-08 83.11911120289619 5768.905368165785
1.4924144891487696e-08 83.07624584907137 5780.075810185185
1.493184132484601e-08 83.03342522327405 5776.856371252205
1.4939537661338104e-08 82.99064925556365 5773.059441137566
1.4947233900960312e-08 82.94791787614554 5749.941330467372
1.495493004370899e-08 82.90523101537022 5747.439897486773
1.496262608958048e-08 82.86258860373333 5767.003610008818
1.4970322038571122e-08 82.8199905718751 5755.192184744268
1.497801789067726e-08 82.77743685058002 5741.121996252205
1.498571364589524e-08 82.73492737077632 5657.039269179894
1.4993409304221407e-08 82.69246206353586 5598.343419312169
1.5001104865652094e-08 82.65004086007359 5711.330605158731
1.500880033018364e-08 82.6076636917472 5715.577932098766
1.5016495697812393e-08 82.56533049005667 5736.650077160494
1.5024190968534676e-08 82.52304118664416 5747.728505291006
1.5031886142346843e-08 82.48079571329329 5729.189594356261
1.5039581219245217e-08 82.4385940019291 5728.816440696649
1.5047276199226144e-08 82.39643598461743 5732.260141093474
1.5054971082285954e-08 82.3543215935647 5724.572585978836
1.506266586842098e-08 82.31225076111757 5725.106674382716
1.5070360557627555e-08 82.27022341976243 5743.816633597884
1.5078055149902017e-08 82.22823950212513 5745.2495039682535
1.5085749645240685e-08 82.18629894097076 5742.159143518518
1.5093444043639903e-08 82.1444016692029 5737.944747574956
1.510113834509599e-08 82.10254761986377 5746.842730379189
1.5108832549605285e-08 82.06073672613341 5739.025159832451
1.5116526657164107e-08 82.01896892132967 5712.6028714726635
1.5124220667768788e-08 81.97724413890762 5668.426366843033
1.5131914581415656e-08 81.93556231245933 5640.062031525573
1.513960839810103e-08 81.8939233757135 5618.713817239859
1.5147302117821238e-08 81.85232726253506 5645.990217151675
1.515499574057261e-08 81.81077390692482 5696.6362709435625
1.5162689266351457e-08 81.76926324301922 5717.3630125661375
1.517038269515411e-08 81.72779520508988 5758.279651675485
1.5178076026976887e-08 81.68636972754322 5823.767333553792
1.518576926181611e-08 81.64498674492029 5863.788690476191
1.5193462399668103e-08 81.60364619189622 5887.745976631393
1.520115544052917e-08 81.56234800328006 5909.491347001764
1.5208848384395647e-08 81.52109211401425 5930.123677248677
1.5216541231263836e-08 81.47987845917447 5884.755153218694
1.5224233981130068e-08 81.43870697396909 5859.857390873016
1.5231926633990645e-08 81.39757759373907 5900.346974206349
1.5239619189841885e-08 81.35649025395746 5912.343584656084
1.5247311648680113e-08 81.315444890229 5924.122657627866
1.5255004010501625e-08 81.27444143829007 5921.924658289242
1.526269627530274e-08 81.23347983400802 5933.482721560847
1.527038844307977e-08 81.19256001338103 5948.347718253968
1.5278080513829028e-08 81.15168191253774 5957.773506393298
1.5285772487546823e-08 81.11084546773688 5967.08380180776
1.5293464364229457e-08 81.07005061536705 5964.553819444444
1.5301156143873244e-08 81.02929729194621 5964.03160824515
1.530884782647449e-08 80.98858543412149 5971.022100970018
1.53165394120295e-08 80.94791497866885 5979.346671075838
1.532423090053458e-08 80.90728586249264 5977.055693342151
1.5331922291986034e-08 80.86669802262547 6009.23048941799
1.533961358638017e-08 80.82615139622766 6021.657958553792
1.5347304783713286e-08 80.78564592058711 6004.092565035274
1.535499588398168e-08 80.74518153311891 6023.535989858907
1.536268688718166e-08 80.7047581713649 6029.790013227514
1.5370377793309524e-08 80.66437577299352 6020.2845293209875
1.537806860236157e-08 80.62403427579943 6012.797867063492
1.53857593143341e-08 80.58373361770316 6018.059248236332
1.539344992922341e-08 80.54347373675081 6028.637924382716
1.54011404470258e-08 80.50325457111374 6021.799988977073
1.5408830867737557e-08 80.46307605908828 6035.268711419753
1.5416521191354984e-08 80.42293813909535 6050.739776234568
1.542421141787437e-08 80.38284074968018 6065.4609788359785
1.5431901547292016e-08 80.34278382951202 6069.538470017636
1.543959157960421e-08 80.30276731738375 6072.185956790124
1.544728151480724e-08 80.26279115221173 6065.62607473545
1.5454971352897404e-08 80.22285527303526 6016.165206128748
1.546266109387099e-08 80.18295961901646 5974.5866953262785
1.5470350737724283e-08 80.14310412943989 5957.227210097002
1.5478040284453576e-08 80.10328874371221 5982.293402777777
1.5485729734055157e-08 80.06351340136196 5984.741264329806
1.549341908652531e-08 80.02377804203915 5999.422398589065
1.550110834186032e-08 79.98408260551506 6031.1228505291
1.5508797500056477e-08 79.94442703168181 6059.76882164903
1.5516486561110058e-08 79.90481126055224 6098.569472001764
1.552417552501735e-08 79.86523523225937 6133.003444664903
1.553186439177464e-08 79.8256988870563 6127.995783730159
1.5539553161378205e-08 79.78620216531584 6120.030561067019
1.5547241833824326e-08 79.74674500753018 6112.98117835097
1.555493040910928e-08 79.70732735431064 6114.501653439153
1.5562618887229348e-08 79.66794914638731 6101.94780643739
1.5570307268180814e-08 79.62861032460881 6089.504216269841
1.5577995551959948e-08 79.58931082994201 6078.113315696649
1.5585683738563026e-08 79.55005060347168 6060.275986552028
1.559337182798633e-08 79.51082958640016 6052.833333333333
1.5601059820226135e-08 79.4716477200472 6063.494240520282
1.5608747715278706e-08 79.4325049458496 6065.244268077601
1.561643551314032e-08 79.39340120536083 6054.605985449735
1.5624123213807257e-08 79.35433644025085 6051.590856481482
1.563181081727578e-08 79.31531059230582 6053.572723765432
1.563949832354216e-08 79.27632360342777 6042.669560185185
1.5647185732602664e-08 79.23737541563432 6046.132688492064
1.5654873044453572e-08 79.19846597105831 6049.49647266314
1.5662560259091144e-08 79.15959521194775 6054.304453262786
1.567024737651165e-08 79.12076308066524 6071.837136243386
1.5677934396711347e-08 79.08196951968797 6085.948330026455
1.5685621319686517e-08 79.04321447160712 6108.421186067019
1.5693308145433412e-08 79.00449787912788 6120.844852292769
1.5700994873948297e-08 78.96581968506904 6125.585152116402
1.5708681505227435e-08 78.92717983236261 6119.252562830688
1.5716368039267096e-08 78.88857826405369 6114.1804453262785
1.5724054476063532e-08 78.85001492330018 6125.742063492064
1.573174081561301e-08 78.81148975337236 6101.50923170194
1.5739427057911785e-08 78.7730026976528 6113.892030423281
1.5747113202956114e-08 78.73455369963595 6131.817405202822
1.5754799250742256e-08 78.69614270292792 6128.000413359789
1.5762485201266475e-08 78.65776965124613 6148.373126102293
1.5770171054525016e-08 78.61943448841922 6156.394648368607
1.5777856810514142e-08 78.5811371583865 6159.865272266314
1.5785542469230103e-08 78.54287760519796 6156.095348324515
1.5793228030669155e-08 78.50465577301378 6139.573688271605
1.5800913494827548e-08 78.4664716061042 6151.85369819224
1.5808598861701537e-08 78.42832504884912 6157.145171957672
1.581628413128737e-08 78.390216045738 6146.592730379189
1.58239693035813e-08 78.3521445413694 6129.158151455026
1.583165437857957e-08 78.31411048045088 6137.520557760141
1.5839339356278435e-08 78.27611380779861 6131.95772707231
1.5847024236674142e-08 78.23815446833717 6138.98120590829
1.5854709019762938e-08 78.20023240709924 6156.204061948853
1.586239370554106e-08 78.16234756922546 6164.091765873016
1.5870078294004763e-08 78.12449989996391 6172.22194664903
1.5877762785150284e-08 78.08668934467012 6190.443975970018
1.5885447178973873e-08 78.04891584880663 6213.702022707231
1.5893131475471765e-08 78.01117935794282 6219.286623677249
1.590081567464021e-08 77.9734798177546 6223.159667107584
1.5908499776475443e-08 77.93581717402417 6227.731922398589
1.59161837809737e-08 77.89819137263977 6220.959821428572
1.5923867688131225e-08 77.86060235959536 6210.892305996473
1.593155149794426e-08 77.82305008099044 6216.071649029982
1.5939235210409036e-08 77.78553448302978 6238.18289792769
1.5946918825521785e-08 77.74805551202313 6250.014605379189
1.595460234327875e-08 77.71061311438494 6250.237296075838
1.5962285763676163e-08 77.6732072366342 6145.162588183422
1.5969969086710263e-08 77.63583782539405 6103.341132054674
1.5977652312377278e-08 77.59850482739171 6205.362323633157
1.5985335440673435e-08 77.56120818945804 6228.397624559083
1.5993018471594972e-08 77.52394785852741 6226.766617063492
1.6000701405138118e-08 77.48672378163738 6233.054976851852
1.6008384241299103e-08 77.44953590592847 6234.587880291006
1.6016066980074153e-08 77.41238417864396 6242.526427469136
1.6023749621459495e-08 77.37526854712958 6244.133349867725
1.6031432165451358e-08 77.33818895883324 6250.942708333333
1.603911461204597e-08 77.30114536130486 6255.698054453263
1.6046796961239547e-08 77.26413770219611 6280.9890873015875
1.6054479213028326e-08 77.22716592926002 6272.9702380952385
1.6062161367408525e-08 77.19022999035097 6276.79866622575
1.606984342437636e-08 77.15332983342432 6263.694389329806
1.607752538392806e-08 77.11646540653611 6269.6307043650795
1.6085207246059843e-08 77.0796366578429 6277.850694444444
1.609288901076793e-08 77.04284353560149 6218.269372795415
1.6100570678048546e-08 77.00608598816872 5308.87216159612
1.6108252247897895e-08 76.96936396400125 3563.7446952160494
