string
20201021_p2.6_degreeper_secondprocessedoffset angle 0.010618023722386911 in rad by: offset_angle in degree:_2.2offset 0th. order in px_-131
nm eV  counts
1.0617824206549515e-09 1167.69867910189 412.88885315049055
1.0695876032205006e-09 1159.1775431570657 621.7593152350639
1.0773927351434296e-09 1150.77992420966 809.9347279059193
1.0851978164199893e-09 1142.5031559523109 836.1025812596451
1.0930028470464308e-09 1134.344648271283 839.5815291900905
1.1008078270190052e-09 1126.3018845440938 847.3923843625993
1.1086127563339633e-09 1118.3724190513456 846.0614648781967
1.1164176349875566e-09 1110.5538744971666 848.4301585579256
1.1242224629760363e-09 1102.8439396329893 856.3097563244048
1.1320272402956536e-09 1095.2403669796697 849.4711922674163
1.139831966942659e-09 1087.7409706432338 855.3872363109017
1.1476366429133048e-09 1080.3436242197915 863.2909682608577
1.1554412682038416e-09 1073.0462587854036 865.4917129974096
1.1632458428105215e-09 1065.8468609669035 865.9965760030865
1.1710503667295946e-09 1058.7434710899026 872.9401334463184
1.1788548399573133e-09 1051.7341814003914 872.6646678998568
1.1866592624899288e-09 1044.8171343565584 887.2954127397487
1.1944636343236922e-09 1037.9905209876026 892.0849006558643
1.2022679554548558e-09 1031.2525793164996 875.525070271164
1.21007222587967e-09 1024.6015928438346 888.7806532118057
1.2178764455943869e-09 1018.0358890899538 901.907035383598
1.2256806145952583e-09 1011.5538381928415 898.667758625441
1.2334847328785353e-09 1005.1538515592516 893.1073374807099
1.24128880044047e-09 998.8343805667447 908.4760371886024
1.249092817277314e-09 992.5939153144087 908.9649384782849
1.2568967833853185e-09 986.4309834201431 912.3982876570768
1.2647006987607358e-09 980.3441488624935 923.4644501970349
1.2725045633998171e-09 974.332010865127 934.960334683642
1.2803083772988145e-09 968.3932028221233 945.6674727182541
1.2881121404539797e-09 962.5263912623531 942.770522452326
1.2959158528615647e-09 956.7302748512944 952.1753790853727
1.3037195145178213e-09 951.0035834287163 946.2100763337743
1.311523125419001e-09 945.3450770807368 943.7121172977294
1.3193266855613562e-09 939.7535452448291 943.8155950314155
1.3271301949411387e-09 934.227805846422 953.8633165578153
1.3349336535546006e-09 928.7667044657985 966.1853005814595
1.3427370613979937e-09 923.3691135340601 978.2198832947531
1.3505404184675697e-09 918.0339315569818 956.5789568865741
1.3583437247595812e-09 912.7600823656318 960.707568617725
1.36614698027028e-09 907.546514392692 972.6010793857474
1.373950184995918e-09 902.3921999734496 974.7846783027447
1.3817533389327479e-09 897.2961346704873 980.8209583746694
1.3895564420770213e-09 892.2573366211428 977.5016146866734
1.3973594944249907e-09 887.2748459068406 977.7307408785274
1.4051624959729083e-09 882.3477239434511 971.7252561108356
1.4129654467170262e-09 877.4750528918609 976.3512989831349
1.4207683466535965e-09 872.6559350879777 992.4786000192902
1.4285711957788716e-09 867.8894924914259 992.130206611001
1.436373994089104e-09 863.1748661522217 983.4852818080358
1.444176741580546e-09 858.511215694748 991.8384521053792
1.4519794382494496e-09 853.8977188183776 988.9871178144291
1.4597820840920673e-09 849.3335708141205 991.202575575948
1.4675846791046516e-09 844.8179840967001 993.5157886215829
1.475387223283455e-09 840.3501877514856 999.343662161045
1.48318971662473e-09 835.9294270957339 997.5046330742946
1.4909921591247287e-09 831.5549632536167 990.8509527943122
1.4987945507797041e-09 827.2260727445284 1005.1693052799825
1.506596891585908e-09 822.9420470841965 995.1425832919974
1.5143991815395936e-09 818.702192398127 1004.3186883404983
1.522201420637013e-09 814.5058290469494 984.807193493717
1.530003608874419e-09 810.3522912632288 986.8681881751544
1.5378057462480644e-09 806.2409267993428 991.8348911830358
1.5456078327542015e-09 802.1710965860295 999.3260599233907
1.553409868389083e-09 798.142174401232 1009.2432674024471
1.5612118531489616e-09 794.1535465488782 1010.3412026703043
1.5690137870300904e-09 790.2046115472514 1010.7857711226852
1.576815670028721e-09 786.294779826618 1014.9828584862765
1.5846175021411075e-09 782.4234734357923 1002.1246348655203
1.5924192833635015e-09 778.5901257573353 1008.693981137015
1.6002210136921567e-09 774.7941812310869 1025.7186776620372
1.608022693123325e-09 771.0350950857547 1030.9183821097884
1.6158243216532604e-09 767.3123330782812 1027.9727630346122
1.6236258992782144e-09 763.6253712407323 1028.9349182236554
1.6314274259944405e-09 759.9736956344508 1028.6112402860451
1.6392289017981918e-09 756.3568021112364 1032.489493772046
1.6470303266857208e-09 752.7741960813182 1018.9484988150354
1.6548317006532805e-09 749.2253922878925 1021.9707358493166
1.6626330236971242e-09 745.7099145880143 1041.9742149608687
1.670434295813504e-09 742.2272957396325 1047.6397328317903
1.6782355169986735e-09 738.7770771945678 1032.8161039806548
1.6860366872488856e-09 735.3588088972433 1032.8553128789133
1.6938378065603936e-09 731.9720490889798 1024.2246920469577
1.7016388749294497e-09 728.6163641176795 1031.041770006614
1.7094398923523077e-09 725.2913282527214 1031.5983245149912
1.7172408588252206e-09 721.9965235049095 1025.3242204723326
1.7250417743444406e-09 718.7315394513073 1027.154215925375
1.7328426389062223e-09 715.4959730648063 1034.3926539076278
1.7406434525068173e-09 712.2894285482847 1030.5507674713406
1.7484442151424795e-09 709.1115171732033 1010.5401751267638
1.7562449268094624e-09 705.9618571225099 1016.5560929232805
1.7640455875040182e-09 702.8400733377136 1020.9253274153991
1.771846197222401e-09 699.7457973700018 1009.8429577270724
1.7796467559608632e-09 696.6786672352747 1000.7245249807099
1.7874472637156582e-09 693.6383272729801 1010.8866825810186
1.7952477204830397e-09 690.624428008629 1021.802593143739
1.8030481262592608e-09 687.6366260198854 1022.3887588527889
1.8108484810405747e-09 684.6745838061169 1014.1242714533731
1.8186487848232342e-09 681.7379696613067 1000.6990689070768
1.8264490376034928e-09 678.8264575502237 998.8615726962082
1.8342492393776044e-09 675.9397269877546 994.8204253127757
1.8420493901418216e-09 673.077462921305 992.3840267443784
1.849849489892398e-09 670.2393556161769 993.4818070023149
1.8576495386255872e-09 667.4251005438367 990.6309205178021
1.8654495363376417e-09 664.6343982729887 992.7888007054675
1.8732494830248164e-09 661.866954363371 988.9297296971451
1.881049378683363e-09 659.1224792621975 983.4392051091271
1.888849223309536e-09 656.4006882031657 980.7568962191359
1.8966490168995883e-09 653.7013011079601 970.6931526951059
1.904448759449773e-09 651.0240424901773 961.8327554907959
1.9122484509563447e-09 648.3686413616026 960.2209408068784
1.920048091415556e-09 645.7348311407766 956.2377628279322
1.9278476808236607e-09 643.1223495637787 960.2351457437721
1.9356472191769123e-09 640.5309385971724 958.7061063574736
1.9434467064715635e-09 637.9603443530474 946.3825851521165
1.9512461427038686e-09 635.4103170060997 943.2970308710869
1.959045527870081e-09 632.8806107126968 938.3109343998017
1.9668448619664548e-09 630.3709835318675 932.3796089616403
1.9746441449892416e-09 627.8811973481679 938.7282211061508
1.982443376934697e-09 625.4110177963663 939.8062505166998
1.9902425577990736e-09 622.9602141879049 928.9988382867615
1.998041687578625e-09 620.5285594390809 927.9993300126764
2.0058407662696054e-09 618.115830000908 927.1831769455468
2.0136397938682677e-09 615.7218057906065 913.6911608176257
2.0214387703708653e-09 613.3462701246823 896.9455768780314
2.0292376957736526e-09 610.9890096535493 906.2130215222663
2.037036570072882e-09 608.6498142976562 887.3544629078484
2.0448353932648096e-09 606.3284771850742 892.0387378403329
2.0526341653456862e-09 604.0247945905116 889.0054477375442
2.060432886311767e-09 601.738565875711 890.8930250702713
2.0682315561593052e-09 599.4695934311989 884.7030225212192
2.076030174884555e-09 597.2176826193484 866.3647073412699
2.0838287424837694e-09 594.9826417187214 870.6792706955468
2.091627258953202e-09 592.7642818696572 865.7875623484348
2.0994257242891073e-09 590.5624170210741 858.691505284116
2.107224138487738e-09 588.376863878455 853.811366705247
2.1150225015453487e-09 586.2074418529824 860.8573469535385
2.1228208134581928e-09 584.053973011798 846.02756506972
2.1306190742225238e-09 581.9162820293536 853.2436342592594
2.138417283834596e-09 579.7941961398282 853.8254295497135
2.146215442290662e-09 577.687545090584 857.8515840291557
2.1540135495869767e-09 575.5961610966324 862.239669449956
2.161811605719793e-09 573.5198787960891 864.4589292603616
2.1696096106853655e-09 571.4585352065878 861.8158551036156
2.177407564479948e-09 569.4119696826342 872.3549623842594
2.1852054670997927e-09 567.3800238738712 871.3419639412479
2.193003318541155e-09 565.3625416842373 863.1451211488647
2.2008011188002888e-09 563.3593692319927 859.75257833168
2.2085988678734466e-09 561.3703548105947 860.2900709256504
2.216396565756883e-09 559.3953488503975 848.5959631972003
2.2241942124468514e-09 557.4342038811601 858.8016613618828
2.2319918079396063e-09 555.48677449534 861.0030993372466
2.2397893522314007e-09 553.5529173121553 855.9726657228285
2.247586845318489e-09 551.6324909423936 844.2232840401787
2.255384287197125e-09 549.725355953954 846.8217153397818
2.2631816778635613e-09 547.8313748381007 852.1268265335649
2.2709790173140537e-09 545.9504119764118 842.4760036031196
2.278776305544855e-09 544.0823336084094 839.9905271715169
2.286573542552219e-09 542.2270077998508 841.4963107638889
2.2943707283323993e-09 540.3843044116675 838.4230625482254
2.30216786288165e-09 538.5540950695358 829.6150113329476
2.3099649461962258e-09 536.736253134065 816.7973055831129
2.3177619782723793e-09 534.9306536715869 826.8236701871142
2.325558959106365e-09 533.137173425534 818.863975349978
2.3333558886944364e-09 531.3556907883919 822.867980634094
2.3411527670328478e-09 529.5860857742132 816.3104753982034
2.348949594117852e-09 527.8282399916789 815.9197556699185
2.3567463699457046e-09 526.0820366176944 809.8768833705358
2.3645430945126583e-09 524.34736037151 802.8589211653991
2.372339767814967e-09 522.6240974893514 790.573696022101
2.3801363898488847e-09 520.9121356995479 797.9168044532629
2.3879329606106653e-09 519.2113641981515 788.8148544284612
2.395729480096562e-09 517.5216736250294 788.3864543719687
2.4035259483028303e-09 515.8429560404236 797.5046589092814
2.4113223652257227e-09 514.1751049019667 784.7303516313933
2.419118730861494e-09 512.5180150421403 773.3490323936288
2.4269150452063963e-09 510.8715826461706 780.3558338844798
2.4347113082566854e-09 509.23570523034715 780.300693411045
2.442507520008615e-09 507.6102816207589 776.3633079461531
2.4503036804584375e-09 505.9952119324357 768.5300366167879
2.458099789602408e-09 504.39039754888717 769.7748653136024
2.4658958474367805e-09 502.79574110203 759.2852793967703
2.4736918539578087e-09 501.2111464524963 766.0635876529432
2.481487809161745e-09 499.6365186703122 762.4876250413361
2.489283713044845e-09 498.0717640159398 752.1606273079256
2.497079565603362e-09 496.516789921676 749.8894779265873
2.50487536683355e-09 494.9715049733979 754.825923859127
2.512671116731663e-09 493.43581889264874 757.4933388792439
2.520466815293954e-09 491.9096425190568 755.6508479042659
2.5282624625166783e-09 490.3928877930787 757.5141920194004
2.5360580583960878e-09 488.8854677390642 742.9352075755071
2.543853602928438e-09 487.3872964486285 744.8496188478285
2.5516490961099827e-09 485.89828906433377 747.9875664820327
2.5594445379369747e-09 484.4183617636668 751.8607433931328
2.567239928405668e-09 482.9474317433092 758.0246052414021
2.5750352675123176e-09 481.4854172036941 743.8610215498237
2.582830555253176e-09 480.0322373338431 741.3117800650354
2.5906257916244978e-09 478.5878122964759 732.2908184179344
2.598420976622537e-09 477.1520632133897 728.613212356702
2.6062161102435463e-09 475.7249121511007 746.6337098352072
2.6140111924837805e-09 474.3062821067425 749.0536084587192
2.6218062233394933e-09 472.89609699421686 743.9615756241733
2.6296012028069382e-09 471.49428163059065 737.2103897982805
2.6373961308823696e-09 470.1007617227344 742.8168919477514
2.6451910075620404e-09 468.7154638541977 743.0522443714176
2.6529858328422048e-09 467.3383154723156 749.9446356233466
2.660780606719117e-09 465.9692448755423 749.8427768821649
2.668575329189031e-09 464.6081812010071 741.6553251074736
2.676370000248199e-09 463.25505441228785 746.5924384438382
2.6841646198928763e-09 461.9097952873978 746.6306096367946
2.6919591881193153e-09 460.5723354069813 745.2150977940366
2.6997537049237718e-09 459.242607142714 748.011425092317
2.7075481703024976e-09 457.92054364590473 747.1905958925817
2.715342584251748e-09 456.606078836292 740.7068237089396
2.7231369467677757e-09 455.299147391035 743.4507662657078
2.7309312578468344e-09 453.99968473389214 743.0602015473436
2.7387255174851782e-09 452.7076270245853 739.3749827766756
2.7465197256790603e-09 451.42291114834467 730.0321085827271
2.7543138824247353e-09 450.14547470563184 728.9709666418652
2.7621079877184564e-09 448.87525600203736 727.5753175981041
2.769902041556477e-09 447.61219403834815 727.8747795414463
2.777696043935052e-09 446.3562285007828 733.4129395392417
2.7854899948504327e-09 445.1072997513918 729.8175834642307
2.793283894298875e-09 443.8653488186168 719.1688626405423
2.8010777422766317e-09 442.6303173880094 716.190230758102
2.8088715387799573e-09 441.40214779310406 722.2895611152447
2.8166652838051036e-09 440.1807830064426 725.421592537478
2.824458977348326e-09 438.9661666307469 721.9463605392968
2.8322526194058776e-09 437.7582428902392 722.2345928750551
2.840046209974011e-09 436.5569566221037 728.5745244640102
2.847839749048981e-09 435.3622532680893 723.540938981206
2.8556332366270407e-09 434.1740788662503 718.4612595761685
2.8634266727044444e-09 432.9923800428214 710.4968886064264
2.871220057277445e-09 431.8171040042261 709.4819525394071
2.879013390342296e-09 430.6481985292139 695.8119075176368
2.8868066718952504e-09 429.48561196112644 690.1238227857694
2.8945999019325634e-09 428.3292932002868 686.819248098545
2.902393080450487e-09 427.179191696514 677.9360601300706
2.910186207445276e-09 426.03525744175556 669.2421823330027
2.9179792829131825e-09 424.8974409628401 671.3325729235561
2.9257723068504607e-09 423.76569331434445 677.2884028466711
2.933565279253364e-09 422.63996607157577 677.4598007605821
2.941358200118146e-09 421.5202113236645 685.0658921337633
2.9491510694410603e-09 420.40638166676763 682.9809656429123
2.95694388721836e-09 419.2984301973791 686.832191426918
2.9647366534462983e-09 418.196310505746 700.8411656401565
2.972529368121129e-09 417.0999766693883 700.5910872740301
2.9803220312391054e-09 416.0093832467208 700.970409467317
2.9881146427964817e-09 414.9244852707745 701.5101798459547
2.9959072027895096e-09 413.8452382430167 703.4865778632055
3.0036997112144434e-09 412.7715981272664 713.2067763447973
3.0114921680675376e-09 411.7035213437052 708.5566552648258
3.019284573345043e-09 410.6409647629812 705.2797369309415
3.0270769270432152e-09 409.5838857004027 708.1906380897267
3.034869229158306e-09 408.53224191022343 708.6689211998457
3.0426614796865687e-09 407.4859915800141 722.8341152722663
3.0504536786242582e-09 406.4450933251207 709.9649376171186
3.0582458259676257e-09 405.4095061832087 716.0214292603616
3.066037921712926e-09 404.3791896088887 715.7283657820768
3.073829965856412e-09 403.3541034684256 703.8641131365741
3.081621958394336e-09 402.33420803452736 702.3842850942461
3.0894138993229527e-09 401.3194639812123 710.4920273230821
3.0972057886385136e-09 400.3098323787554 720.8868332851081
3.1049976263372727e-09 399.30527468870906 719.7517645295966
3.1127894124154836e-09 398.305752759 714.9991043871253
3.1205811468693993e-09 397.31122881909903 714.883212942295
3.1283728296952716e-09 396.32166547526396 715.6608115974979
3.1361644608893553e-09 395.33702570585194 711.5442518876764
3.1439560404479023e-09 394.35727285670345 708.9010399443342
3.1517475683671663e-09 393.38237063659335 715.7559403246253
3.1595390446434006e-09 392.4122831127502 713.3566020447531
3.1673304692728573e-09 391.4469747064417 708.0601283482143
3.17512184225179e-09 390.48641018862475 713.3736488301919
3.182913163576451e-09 389.53055467565986 714.7752399209105
3.190704433243095e-09 388.57937362508835 715.6881923776456
3.198495651247974e-09 387.6328328314715 714.7968939456571
3.20628681758734e-09 386.6908984222903 716.6076208043982
3.214077932257445e-09 385.75353685390473 713.5773447833996
3.221868995254546e-09 384.82071490757176 715.6326170152668
3.229660006574892e-09 383.8923996855221 720.0011668802359
3.2374509662147386e-09 382.9685586070916 723.1642390390763
3.2452418741703366e-09 382.04915940491077 719.8594705894511
3.25303273043794e-09 381.1341701211474 731.1645593929123
3.2608235350138016e-09 380.2235591038037 726.2120656277558
3.2686142878941717e-09 379.31729500306733 727.3673416487545
3.276404989075307e-09 378.41534676771215 721.1330794615301
3.2841956385534575e-09 377.5176836415536 723.6352797412368
3.2919862363248755e-09 376.6242751599519 723.5515916074185
3.2997767823858164e-09 375.73509114636516 719.5123732363317
3.3075672767325314e-09 374.8501017089531 711.3605392967372
3.3153577193612733e-09 373.9692772372263 718.170181086034
3.3231481102682937e-09 373.09258839874457 712.1464611235119
3.3309384494498467e-09 372.22000613586016 712.8950384769071
3.338728736902184e-09 371.3515016625079 710.2937265762787
3.3465189726215578e-09 370.4870464610398 710.5264093846451
3.354309156604223e-09 369.6266122791031 714.9446657641645
3.3620992888464277e-09 368.7701711265634 714.8495068962192
3.3698893693444293e-09 367.9176952724684 709.6506894496804
3.3776793980944775e-09 367.0691572420559 713.0169279444996
3.3854693750928247e-09 366.2245298138016 710.4719793733466
3.393259300335724e-09 365.38378601650817 723.5981634769071
3.4010491738194285e-09 364.5468991264344 715.282763930225
3.4088389955401892e-09 363.71384266446415 712.2016403494268
3.416628765494259e-09 362.88459039331286 708.4090298445768
3.4244184836778906e-09 362.0591163147737 709.1718465815146
3.432208150087336e-09 361.2373946670004 711.078662367725
3.4399977647188467e-09 360.4193999218274 716.777709745646
3.4477873275686763e-09 359.6051067821259 714.7553211461089
3.4555768386330763e-09 358.79449017919654 714.9383060515873
3.4633662979082987e-09 357.9875252701966 710.1093939456571
3.4711557053905964e-09 357.1841874356021 717.6656151827051
3.4789450610762226e-09 356.38445227670405 719.3498539462082
3.486734364961426e-09 355.5882956131391 714.7254343722443
3.4945236170424617e-09 354.79569348045106 717.8874516024582
3.50231281731558e-09 354.0066221276879 720.8427803268298
3.510101965777035e-09 353.2210580150281 719.4781504905203
3.5178910624230758e-09 352.43897781144136 720.4582050195658
3.525680107249957e-09 351.6603583923771 722.6844187472443
3.5334691002539287e-09 350.8851768374866 715.42072275959
3.541258041431245e-09 350.11341042837313 711.8536172426147
3.5490469307781574e-09 349.3450366463734 706.8720117531967
3.5568357682909144e-09 348.5800331703669 705.7453135333996
3.5646245539657734e-09 347.8183778746139 711.9717864721121
3.5724132877989804e-09 347.060048826624 705.5103916928462
3.5802019697867913e-09 346.30502428504883 714.0254009589947
3.587990599925457e-09 345.553282697606 716.56654317543
3.595779178211229e-09 344.80480269902756 717.5381453579696
3.603567704640359e-09 344.0595631090362 721.4156194885362
3.6113561792090985e-09 343.3175429303472 723.6707511780754
3.6191446019136983e-09 342.5787213466967 747.4480027832893
3.626932972750413e-09 341.8430777208945 751.8837580605159
3.63472129171549e-09 341.1105915929038 758.2331840071098
3.642509558805184e-09 340.38124267794296 765.073875144676
3.650297774015746e-09 339.655010864614 764.4994858837633
3.6580859373434274e-09 338.9318762130535 769.9760595789243
3.665874048784479e-09 338.2118189531083 773.318202642747
3.673662108335153e-09 337.4948194825331 770.5971972484017
3.6814501159917e-09 336.7808583652121 768.9709709476963
3.6892380717503723e-09 336.06991632940264 782.2460549975199
3.6970259756074206e-09 335.36197426600137 783.8167963583003
3.704813827559097e-09 334.65701322683185 785.0805793237435
3.7126016276016525e-09 333.95501442295455 785.2344697282849
3.7203893757313377e-09 333.2559592229971 785.5331480103616
3.728177071944404e-09 332.5598291515064 781.3044343171297
3.7359647162371044e-09 331.86660588732053 783.4284706721231
3.7437523086056876e-09 331.1762712619622 790.4935257523149
3.751539849046406e-09 330.4888072580507 793.0733171089616
3.7593273375555095e-09 329.80419600773513 784.9291432429454
3.7671147741292515e-09 329.12241979114566 788.6371097194666
3.774902158763881e-09 328.4434610348655 788.9480811494159
3.782689491455651e-09 327.7673023104203 786.9892638406636
3.790476772200811e-09 327.0939263327876 793.9282614087302
3.7982640009956096e-09 326.4233159589234 798.562145199515
3.806051177836303e-09 325.75545418630725 798.813106261023
3.813838302719138e-09 325.0903241515061 795.9137232005071
3.821625375640366e-09 324.4279091287543 800.888232680225
3.82941239659624e-09 323.76819252855177 799.5499200837743
3.837199365583009e-09 323.11115789627934 801.5888904389882
3.844986282596925e-09 322.4567889108302 806.1130099826389
3.852773147634237e-09 321.80506938325937 811.3444311824846
3.860559960691197e-09 321.15598325544784 812.2719158192791
3.868346721764054e-09 320.509514598784 809.6399033427028
3.8761334308490605e-09 319.8656476128607 803.9434050168101
3.8839200879424666e-09 319.224366624188 806.6682253775354
3.891706693040522e-09 318.58565608492137 813.1365051807761
3.899493246139477e-09 317.94950057160526 821.4060088734568
3.907279747235584e-09 317.3158847839312 819.9312531001984
3.915066196325091e-09 316.68479354351206 812.1737902336861
3.922852593404251e-09 316.0562117926689 814.3147011408731
3.930638938469313e-09 315.4301245932345 811.8154159088405
3.938425231516526e-09 314.80651712536945 810.7645649043761
3.946211472542142e-09 314.18537468639266 809.0010213431437
3.953997661542411e-09 313.56668268962653 807.584178998567
3.961783798513584e-09 312.9504266632543 815.5224351025133
3.969569883451908e-09 312.3365922491928 810.5013279183202
3.977355916353636e-09 311.72516520197615 821.3868780657518
3.985141897215018e-09 311.11613138765455 825.2372211543761
3.992927826032303e-09 310.50947678270506 825.837600411982
4.000713702801741e-09 309.9051874729552 825.689613301918
4.0084995275195824e-09 309.3032496525191 837.4218793058312
4.016285300182079e-09 308.7036496227461 834.2440209228947
4.024071020785478e-09 308.1063737911822 824.1771858121142
4.031856689326029e-09 307.51140867054187 825.161365327381
4.039642305799983e-09 306.9187408776938 825.0030097759591
4.047427870203589e-09 306.328357132657 836.0243055555557
4.0552133825331e-09 305.7402442576089 826.869514371142
4.062998842784762e-09 305.15438917590535 826.5139000840499
4.070784250954826e-09 304.5707789111109 827.9467730379189
4.078569607039539e-09 303.98940058604103 831.2013139674273
4.086354911035156e-09 303.4102414218146 831.5889808614419
4.094140162937921e-09 302.8332887369186 835.806533840388
4.101925362744089e-09 302.25852994628116 837.9641599840169
4.109710510449905e-09 301.685952560358 842.5288749035494
4.117495606051618e-09 301.11554418422645 849.5473581142527
4.1252806495454815e-09 300.54729251669187 849.5649818810626
4.133065640927743e-09 299.981185349403 856.6156554852845
4.140850580194651e-09 299.4172105659781 852.7938256103947
4.1486354673424545e-09 298.8553561411401 852.7646751336531
4.1564203023674034e-09 298.295610139862 858.2265917796517
4.164205085265747e-09 297.7379607165221 867.2487892002866
4.171989816033734e-09 297.1823961140679 868.5746923914243
4.179774494667613e-09 296.62890466319044 875.6268472015543
4.187559121163635e-09 296.0774747815067 883.8742964271936
4.195343695518048e-09 295.5280949727521 880.1010449390984
4.2031282177271e-09 294.9807538259816 880.0465632578264
4.210912687787041e-09 294.43544001477926 885.945259107694
4.218697105694119e-09 293.89214229647763 883.9910748732364
4.2264814714445835e-09 293.35084951138435 890.0723207396385
4.2342657850346835e-09 292.8115505820187 885.7018504739859
4.2420500464606665e-09 292.27423451235575 897.8204270351081
4.249834255718783e-09 291.73889038707875 898.833304914848
4.25761841280528e-09 291.2055073708405 905.2194380718145
4.265402517716407e-09 290.6740747075321 893.6908292686288
4.273186570448412e-09 290.1445817195597 891.5070968708665
4.280970570997543e-09 289.61701780712986 898.1069198150905
4.2887545193600505e-09 289.0913724475418 912.0398315214396
4.296538415532181e-09 288.5676351944881 901.1853694747575
4.304322259510184e-09 288.04579567736266 907.026733183146
4.312106051290307e-09 287.525843600576 910.4376963458996
4.319889790868799e-09 287.00776874287857 905.8269908440808
4.327673478241908e-09 286.4915609566905 907.1027224909061
4.335457113405882e-09 285.97721016743947 915.9654706790125
4.343240696356968e-09 285.46470637290525 919.9612647431659
4.351024227091417e-09 284.95403964257093 920.669242414848
4.358807705605475e-09 284.44520011698245 915.5863982239308
4.3665911318953894e-09 283.93817800711304 910.4996917024913
4.37437450595741e-09 283.43296359373625 905.1835920276676
4.382157827787783e-09 282.92954722680446 910.281631496638
4.389941097382758e-09 282.4279193248348 915.8028652722663
4.397724314738582e-09 281.92807037430117 921.4892276716822
4.405507479851501e-09 281.4299909290329 920.7076891809966
4.413290592717766e-09 280.9336716096192 920.9725709945437
4.421073653333621e-09 280.4391031028213 918.1620129243828
4.428856661695319e-09 279.94627616098916 928.6860670194004
4.4366396177991016e-09 279.4551816014858 925.4892586736663
4.4444225216412185e-09 278.9658103061161 921.5662676022378
4.452205373217919e-09 278.4781532205632 916.5500819830247
4.459988172525448e-09 277.99220135382996 919.5683576526676
4.467770919560055e-09 277.5079457776861 923.6092380745702
4.475553614317987e-09 277.0253776261218 930.1121066192682
4.483336256795488e-09 276.5444880948065 936.2181842137898
4.491118846988809e-09 276.06526844055344 934.1600055459105
4.498901384894196e-09 275.5877099807896 949.3560844838515
4.5066838705078956e-09 275.11180409303176 941.718276358576
4.514466303826156e-09 274.6375422143673 942.7962196525023
4.522248684845224e-09 274.16491584094047 947.9216657366072
4.530031013561344e-09 273.69391652744474 953.7734495563273
4.537813289970767e-09 273.224535886619 950.9492506131504
4.545595514069737e-09 272.75676558875034 945.0962783840389
4.553377685854502e-09 272.290597361181 952.9398750964507
4.561159805321307e-09 271.8260229878209 956.2451344108246
4.5689418724664015e-09 271.3630343086646 957.64511081487
4.57672388728603e-09 270.901623219314 955.4664592978396
4.58450584977644e-09 270.4417816705053 954.616832699515
4.592287759933879e-09 269.9835016676407 964.7484576512898
4.600069617754591e-09 269.52677527032563 959.1003008914794
4.607851423234825e-09 269.0715945919096 960.9544563629851
4.615633176370826e-09 268.61795179903265 956.791957740851
4.623414877158839e-09 268.1658391111759 965.3353252108136
4.631196525595115e-09 267.7152488002165 971.2176718198855
4.638978121675895e-09 267.2661731899879 971.0437033247906
4.646759665397426e-09 266.8186046558433 979.4170851934524
4.6545411567559574e-09 266.37253562422427 985.0518163718034
4.6623225957477326e-09 265.92795857223416 991.578651172564
4.6701039823689975e-09 265.48486602721454 988.3522230144953
4.677885316615999e-09 265.0432505663266 986.8496386546517
4.6856665984849825e-09 264.6031048161371 994.25914730765
4.693447827972194e-09 264.1644214522075 1001.531661637456
4.701229005073882e-09 263.7271931986878 1003.1333619240521
4.709010129786286e-09 263.29141282791494 994.9665781387787
4.716791202105657e-09 262.85707316001344 999.8738305362655
4.72457222202824e-09 262.42416706250185 1005.3136797977294
4.732353189550278e-09 261.99268744990235 1012.4135044642858
4.740134104668017e-09 261.5626272833538 1024.6450445050707
4.7479149673777055e-09 261.13397957022903 1026.2206945133378
4.755695777675586e-09 260.7067373637564 1034.509806960979
4.7634765355579045e-09 260.280893762644 1031.646007288911
4.771257241020906e-09 259.8564419107081 1034.9588534777338
4.779037894060837e-09 259.43337499650534 1031.7919319058642
4.786818494673941e-09 259.0116862529686 1037.8852857694005
4.7945990428564646e-09 258.59136895704574 1037.5983279596562
4.802379538604652e-09 258.1724164293426 1046.9083271329366
4.810159981914748e-09 257.7548220337692 1053.3250316909173
4.817940372783e-09 257.3385791771892 1054.4976128472224
4.825720711205649e-09 256.92368130907323 1054.6523299713406
4.833500997178941e-09 256.51012192115496 1057.4575014467594
4.8412812306991214e-09 256.09789454709096 1060.7372185708775
4.849061411762435e-09 255.68699276212354 1069.4948140569886
4.856841540365127e-09 255.27741018274725 1076.553862502756
4.8646216165034404e-09 254.86914046637804 1068.7869268077602
4.87240164017362e-09 254.46217731102615 1070.3383780450838
4.8801816113719125e-09 254.0565144549715 1076.935600267306
4.887961530094561e-09 253.65214567644293 1079.4125037891315
4.895741396337807e-09 253.24906479330002 1076.2054863177912
4.903521210097899e-09 252.8472656627177 1068.2723283179014
4.911300971371079e-09 252.44674218087474 1073.5650387180335
4.919080680153592e-09 252.04748828264428 1081.7162009479719
4.926860336441681e-09 251.64949794128802 1082.859519675926
4.934639940231592e-09 251.25276516815254 1081.7091566082452
4.942419491519566e-09 250.85728401236946 1086.9100236304014
4.95019899030185e-09 250.46304856055738 1080.170665922619
4.957978436574686e-09 250.07005293652767 1079.1674933862435
4.965757830334318e-09 249.6782913009921 1076.9081893463406
4.973537171576989e-09 249.28775785127394 1074.4854359567903
4.981316460298945e-09 248.8984468210212 1066.7990193039022
4.989095696496428e-09 248.51035247992303 1072.2631878995812
4.996874880165681e-09 248.12346913342864 1074.4069492669753
5.00465401130295e-09 247.73779112246854 1070.2768649415787
5.012433089904475e-09 247.3533128231788 1070.856929287919
5.020212115966501e-09 246.97002864662772 1066.0200513944005
5.027991089485272e-09 246.58793303854483 1068.4875509810406
5.035770010457031e-09 246.20702047905283 1077.198204296186
5.043548878878019e-09 245.82728548240183 1077.9339761078043
5.051327694744482e-09 245.44872259670555 1079.9869791666667
5.059106458052662e-09 245.07132640368098 1087.3063495508159
5.066885168798801e-09 244.69509151838977 1084.086939897487
5.074663826979143e-09 244.32001258898174 1091.039970169202
5.08244243258993e-09 243.9460842964415 1090.4599058228616
5.090220985627405e-09 243.57330135433705 1103.5555228312392
5.097999486087812e-09 243.2016585085702 1089.429580715388
5.105777933967392e-09 242.8311505371304 1100.2750220458554
5.113556329262388e-09 242.46177224984967 1106.3473720651457
5.121334671969044e-09 242.09351848816033 1118.0607053295855
5.1291129620835996e-09 241.72638412485526 1123.1664909887568
5.136891199602299e-09 241.3603640638493 1120.275943493717
5.144669384521383e-09 240.99545323994397 1132.4191192680778
5.152447516837098e-09 240.63164661859352 1136.352470169202
5.160225596545682e-09 240.26893919567388 1149.1366550236994
5.168003623643377e-09 239.9073259972526 1152.784770447531
5.175781598126428e-09 239.5468020793618 1149.4529441550926
5.183559519991074e-09 239.18736252777308 1150.9155747078926
5.191337389233558e-09 238.8290024577738 1154.6389130015432
5.1991152058501235e-09 238.47171701394603 1165.8506513861332
5.20689296983701e-09 238.11550136994745 1162.8550846698633
5.2146706811904604e-09 237.76035072829376 1174.0648768187832
5.222448339906715e-09 237.40626032014342 1180.7398279045415
5.230225945982018e-09 237.05322540508408 1182.5046847442682
5.238003499412608e-09 236.7012412709214 1179.0521229469798
5.245781000194729e-09 236.35030323346896 1183.6010182429454
5.253558448324619e-09 236.00040663634095 1186.1373680693343
5.261335843798522e-09 235.65154685074558 1191.8961244075176
5.26911318661268e-09 235.30371927528157 1197.8977296213625
5.276890476763332e-09 234.95691933573576 1194.8393236055997
5.284667714246719e-09 234.61114248488232 1194.7543006641315
5.292444899059082e-09 234.26638420228426 1213.5724791942241
5.300222031196665e-09 233.92263999409613 1215.308555858686
5.307999110655705e-09 233.57990539286936 1206.4371658675045
5.315776137432445e-09 233.23817595735818 1218.8928847001764
5.323553111523125e-09 232.89744727232795 1220.0017137207894
5.331330032923986e-09 232.55771494836512 1219.849097842262
5.339106901631268e-09 232.2189746216887 1217.4995177469136
5.3468837176412114e-09 231.88122195396335 1226.2711416308423
5.354660480950058e-09 231.54445263211417 1225.7876398533951
5.362437191554048e-09 231.20866236814328 1233.1313295717594
5.370213849449419e-09 230.87384689894782 1239.3712625385804
5.377990454632415e-09 230.54000198613917 1244.5202701306218
5.385767007099274e-09 230.20712341586463 1239.0108730847664
5.393543506846236e-09 229.87520699862984 1233.381343350419
5.401319953869542e-09 229.54424856912306 1244.0573588376324
5.40909634816543e-09 229.21424398604103 1238.9301731977514
5.416872689730142e-09 228.88518913191604 1238.144298735119
5.424648978559917e-09 228.55707991294497 1235.6047798170196
5.432425214650996e-09 228.2299122588193 1242.0241367669753
5.440201397999617e-09 227.90368212255692 1243.6634700176369
5.447977528602019e-09 227.57838548033524 1245.4052820491625
5.455753606454443e-09 227.2540183313257 1237.1811618165787
5.463529631553129e-09 226.93057669752986 1241.5624224950398
5.471305603894313e-09 226.6080566236168 1247.8355792548502
5.479081523474238e-09 226.28645417676162 1241.7184830384701
5.486857390289143e-09 225.96576544648593 1239.350680665785
5.494633204335262e-09 225.64598654449944 1241.8008966462744
5.502408965608841e-09 225.32711360454212 1240.0117290839949
5.510184674106115e-09 225.0091427822293 1252.8031907930997
5.517960329823324e-09 224.69207025489655 1246.0760444223986
5.525735932756706e-09 224.3758922214468 1243.506729152888
5.533511482902501e-09 224.06060490219824 1233.1169825424383
5.541286980256947e-09 223.74620453873396 1241.2223996224648
5.5490624248162826e-09 223.43268739375245 1249.6620267030423
5.556837816576745e-09 223.12004975091952 1240.5664665316358
5.564613155534576e-09 222.80828791472143 1245.1135275435406
5.572388441686011e-09 222.49739821031955 1246.6626364087304
5.580163675027289e-09 222.1873769834056 1232.6242835097003
5.587938855554649e-09 221.87822060005877 1228.7329230737435
5.595713983264327e-09 221.56992544660363 1226.332706404321
5.603489058152564e-09 221.2624879294692 1228.4585641258818
5.611264080215597e-09 220.95590447504958 1213.9062672233247
5.6190390494496624e-09 220.65017152956545 1209.1098469190918
5.626813965851001e-09 220.3452855589265 1200.2822902888008
5.6345888294158455e-09 220.0412430485957 1199.1484357776676
5.642363640140439e-09 219.73804050345373 1200.7679794284613
5.6501383980210155e-09 219.4356744476656 1193.0713924024471
5.657913103053816e-09 219.13414142454735 1191.5131121169534
5.665687755235073e-09 218.83343799643484 1194.9966500633818
5.6734623545610275e-09 218.53356074455255 1192.6444003527338
5.681236901027917e-09 218.23450626888442 1189.8694816468255
5.689011394631976e-09 217.93627118804534 1190.0789775545636
5.696785835369443e-09 217.63885213915353 1201.260661237875
5.704560223236556e-09 217.34224577770416 1202.3566847167108
5.71233455822955e-09 217.04644877744423 1207.9787998098545
5.720108840344665e-09 216.75145783024783 1218.7085434578926
5.727883069578134e-09 216.45726964599336 1226.4109691909173
5.735657245926196e-09 216.16388095244076 1235.571082382606
5.743431369385087e-09 215.8712884951103 1242.8919770309744
5.751205439951043e-09 215.57948903716235 1242.493274291777
5.758979457620301e-09 215.28847935927803 1271.575210813492
5.766753422389099e-09 214.99825625954063 1290.402991347002
5.774527334253669e-09 214.70881655331848 1304.1382395695548
5.782301193210253e-09 214.42015707314815 1334.173667948082
5.7900749992550825e-09 214.1322746686192 1358.189303282077
5.797848752384396e-09 213.8451662062593 1372.127795345569
5.805622452594428e-09 213.5588285694209 1408.954940338404
5.813396099881415e-09 213.27325865816806 1438.5259762180335
5.821169694241591e-09 212.9884533891649 1461.5099344135804
5.828943235671197e-09 212.7044096955643 1495.51101603836
5.8367167241664615e-09 212.42112452689838 1521.5027350639332
5.844490159723627e-09 212.1385948489686 1558.9931244488537
5.852263542338924e-09 211.85681764373814 1597.3173983134923
5.860036872008589e-09 211.57578990922383 1625.5129364390434
5.867810148728858e-09 211.2955086593899 1653.4518642526457
5.875583372495967e-09 211.01597092404214 1694.2103794642858
5.883356543306151e-09 210.73717374872294 1739.7050850143298
5.891129661155642e-09 210.45911419460745 1780.0692205412258
5.898902726040678e-09 210.18178933839985 1815.6902850115741
5.906675737957492e-09 209.90519627223136 1866.942618772046
5.914448696902322e-09 209.62933210355828 1895.9544046930116
5.922221602871399e-09 209.35419395506156 1902.9467299796077
5.929994455860958e-09 209.07977896454634 1928.8832224151236
5.937767255867238e-09 208.80608428484283 1981.9101011353616
5.945540002886467e-09 208.5331070837082 2022.6862444196431
5.9533126969148835e-09 208.2608445437283 2079.66975997575
5.9610853379487224e-09 207.9892938622211 2141.078059551367
5.9688579259842136e-09 207.71845225114066 2189.2869888117284
5.976630461017596e-09 207.44831693698123 2224.457000248016
5.984402943045099e-09 207.17888516068308 2267.620666611552
5.992175372062961e-09 206.91015417753815 2308.3098923886687
5.999947748067413e-09 206.64212125709733 2329.5779079861113
6.00772007105469e-09 206.37478368307745 2377.3596471285277
6.015492341021024e-09 206.10813875327003 2399.5804570381397
6.023264557962652e-09 205.84218377944975 2454.3325100584216
6.031036721875804e-09 205.57691608728464 2487.165316358025
6.038808832756714e-09 205.31233301624601 2501.118896053792
6.046580890601617e-09 205.0484319195197 2536.411761463845
6.054352895406745e-09 204.78521016391778 2564.67082782187
6.062124847168331e-09 204.52266512979108 2588.7627969301147
6.069896745882609e-09 204.26079421094204 2623.6334497630073
6.077668591545809e-09 203.9995948145389 2651.4061638833778
6.085440384154169e-09 203.7390643610295 2671.939174107143
6.093212123703917e-09 203.47920028405713 2711.388975005512
6.10098381019129e-09 203.2200000303755 2747.6268670083778
6.1087554436125156e-09 202.96146105976587 2772.718185074956
6.116527023963831e-09 202.70358084495336 2821.628448109568
6.124298551241465e-09 202.4463568715252 2853.7355496307323
6.132070025441653e-09 202.18978663784856 2873.9751260747357
6.139841446560623e-09 201.93386765498985 2925.083894813713
6.147612814594613e-09 201.6785974466338 2951.5628444664903
6.155384129539849e-09 201.42397354900413 2984.689067322531
6.163155391392569e-09 201.16999351078366 3013.822492972884
6.170926600148999e-09 200.9166548930363 3040.0022734788363
6.178697755805374e-09 200.6639552691285 3079.42809950948
6.186468858357924e-09 200.41189222465204 3094.267078648589
6.194239907802885e-09 200.16046335734677 3110.651920056217
6.202010904136483e-09 199.909666277025 3139.888358410494
6.209781847354953e-09 199.65949860549497 3148.117197833995
6.217552737454524e-09 199.40995797648637 3169.087887180335
6.225323574431429e-09 199.1610420355751 3177.6758501432982
6.233094358281897e-09 198.91274844010977 3198.033148010362
6.240865089002161e-09 198.66507485913786 3211.6908998842596
6.248635766588451e-09 198.41801897333298 3207.4835861717374
6.256406391036997e-09 198.1715784749224 3212.9088989473107
6.264176962344034e-09 197.92575106761507 3230.097242890212
6.2719474805057845e-09 197.68053446653073 3218.7209270282187
6.2797179455184885e-09 197.4359263981284 3206.9787188602295
6.2874883573783705e-09 197.19192460013693 3216.885730131173
6.295258716081661e-09 196.9485268214847 3231.0159350198414
6.3030290216245936e-09 196.70573082223052 3227.075892857143
6.310799274003397e-09 196.46353437349512 3245.21556712963
6.3185694732143e-09 196.22193525739272 3259.4803206294096
6.32633961925353e-09 195.98093126696355 3269.1941206459437
6.334109712117325e-09 195.74052020610614 3309.4687637786596
6.341879751801908e-09 195.50069988951148 3315.473124724427
6.349649738303513e-09 195.261468142596 3343.8857886904766
6.357419671618364e-09 195.02282280143643 3363.095961474868
6.365189551742696e-09 194.784761712704 3405.7726038910937
6.372959378672735e-09 194.54728273360033 3438.150077160494
6.380729152404714e-09 194.3103837317924 3458.89541652888
6.388498872934858e-09 194.0740625853495 3493.652670993166
6.3962685402593985e-09 193.8383171826793 3532.788576802249
6.404038154374563e-09 193.60314542246522 3579.382853835979
6.411807715276582e-09 193.36854521360394 3626.8353174603176
6.419577222961685e-09 193.1345144751434 3650.2152915564375
6.427346677426097e-09 192.9010511362214 3717.0850728891096
6.435116078666052e-09 192.66815313600432 3754.2235380842153
6.442885426677774e-09 192.43581842362664 3784.100821897046
6.450654721457492e-09 192.2040449581308 3827.6303116732806
6.458423963001439e-09 191.97283070840703 3875.4640824790567
6.466193151305835e-09 191.7421736531348 3932.1854848710323
6.473962286366917e-09 191.51207178072295 3960.045107886905
6.4817313681809056e-09 191.2825230892522 3999.4304591049386
6.4895003967440336e-09 191.0535255864162 4067.6238184799386
6.497269372052528e-09 190.82507728946456 4096.726087136244
6.505038294102613e-09 190.59717622514532 4146.6061439043215
6.5128071628905195e-09 190.36982042964814 4199.078724371693
6.5205759784124776e-09 190.14300794854793 4250.405953758818
6.52834474066471e-09 189.91673683674904 4286.54937582672
6.536113449643445e-09 189.6910051584294 4312.997857418431
6.54388210534491e-09 189.46581098698536 4387.395454420194
6.5516507077653326e-09 189.24115240497696 4470.96519510582
6.559419256900942e-09 189.01702750407344 4504.532111166226
6.5671877527479615e-09 188.79343438499947 4522.309992283951
6.574956195302619e-09 188.57037115748105 4556.613171020724
6.582724584561143e-09 188.34783594019257 4576.083278218695
6.5904929205197575e-09 188.12582686070385 4598.231130125661
6.598261203174691e-09 187.90434205542758 4625.989032186949
6.606029432522168e-09 187.6833796695673 4640.446945271165
6.613797608558419e-09 187.46293785706536 4665.136890983245
6.621565731279665e-09 187.24301478055193 4672.012028769842
6.629333800682135e-09 187.0236086112935 4691.850990685626
6.637101816762053e-09 186.80471752914258 4697.328076774692
6.64486977951565e-09 186.58633972248703 4704.3217454806
6.652637688939145e-09 186.36847338820047 4738.69281856261
6.660405545028768e-09 186.15111673159225 4733.760471781306
6.6681733477807435e-09 185.93426796635848 4722.968681106702
6.675941097191296e-09 185.71792531453298 4727.275338955027
6.6837087932566494e-09 185.5020870064387 4682.965098655203
6.691476435973036e-09 185.28675128063927 4647.776055445327
6.699244025336674e-09 185.07191638389162 4606.742724867725
6.707011561343791e-09 184.85758057109783 4540.876598324516
6.7147790439906106e-09 184.64374210525818 4478.025793650794
6.7225464732733596e-09 184.43039925742414 4430.32531415344
6.730313849188264e-09 184.2175503066518 4390.911492779983
6.7380811717315426e-09 184.00519353995577 4330.016224371693
6.745848440899428e-09 183.79332725226266 4303.206948578043
6.753615656688137e-09 183.58194974636632 4319.552296902558
6.7613828190939e-09 183.37105933288169 4335.396756503527
6.7691499281129366e-09 183.1606543302004 4338.331300981041
6.776916983741474e-09 182.95073306444561 4358.451037533069
6.784683985975733e-09 182.74129386942812 4396.991360780424
6.792450934811941e-09 182.53233508660173 4368.993606701941
6.800217830246321e-09 182.3238550650199 4328.0425691688715
6.807984672275097e-09 182.11585216129214 4290.187079750882
6.81575146089449e-09 181.9083247395408 4236.825259038801
6.823518196100723e-09 181.70127117135817 4192.932270998677
6.831284877890025e-09 181.49468983576392 4110.052703373016
6.8390515062586155e-09 181.2885791191628 4082.181110146605
6.846818081202715e-09 181.08293741530272 4103.216490299824
6.8545846027185505e-09 180.87776312523286 4156.8766189925045
6.862351070802344e-09 180.6730546572623 4261.346967317019
6.870117485450319e-09 180.4688104269189 4367.6285548941805
6.877883846658698e-09 180.2650288569084 4481.455887621252
6.885650154423703e-09 180.06170837707387 4616.632047784392
6.893416408741555e-09 179.85884742435528 4714.864245756173
6.901182609608479e-09 179.65644444274946 4771.341559193122
6.908948757020694e-09 179.45449788327048 4800.120804398149
6.916714850974427e-09 179.25300620390985 4807.672026565256
6.924480891465895e-09 179.05196786959766 4809.541721781306
6.932246878491324e-09 178.85138135216314 4805.737674988977
6.940012812046935e-09 178.65124513029636 4793.7193769290125
6.947778692128947e-09 178.4515576895096 4764.697317294974
6.9555445187335844e-09 178.25231752209902 4743.344252921076
6.963310291857067e-09 178.05352312710698 4745.286906139771
6.971076011495615e-09 177.85517301028418 4716.990155147708
6.9788416776454555e-09 177.65726568405208 4708.642595348325
6.9866072903028025e-09 177.45979966746623 4724.729111552028
6.994372849463884e-09 177.26277348617865 4710.804294808201
7.002138355124915e-09 177.06618567240182 4684.057643022487
7.009903807282118e-09 176.87003476487166 4706.73828125
7.017669205931715e-09 176.67431930881165 4683.282834545856
7.025434551069927e-09 176.4790378558967 4659.861662257496
7.033199842692972e-09 176.28418896421775 4635.888310185185
7.04096508079707e-09 176.0897711982458 4636.523230820107
7.048730265378444e-09 175.89578312879698 4633.186005015433
7.056495396433315e-09 175.70222333299742 4644.4442722112
7.0642604739579e-09 175.50909039424857 4629.46735146605
7.072025497948421e-09 175.31638290219254 4615.480186287478
7.079790468401094e-09 175.1240994526779 4608.755580357143
7.087555385312147e-09 174.9322386477252 4577.66017691799
7.095320248677787e-09 174.74079909549383 4579.056919642858
7.103085058494247e-09 174.5497794102473 4566.85584766314
7.110849814757737e-09 174.35917821232104 4561.088927469136
7.1186145174644805e-09 174.16899412808817 4550.11684303351
7.126379166610694e-09 173.97922578992709 4551.786816578484
7.134143762192599e-09 173.78987183618835 4545.222525352734
7.141908304206412e-09 173.6009309111624 4518.864672894621
7.149672792648351e-09 173.41240166504704 4493.455928957232
7.15743722751464e-09 173.22428275391513 4479.282614087302
7.1652016088014934e-09 173.03657283968315 4473.92223324515
7.17296593650513e-09 172.84927059007896 4451.432084986773
7.18073021062177e-09 172.6623746786106 4425.552076444003
7.188494431147627e-09 172.47588378453491 4408.650759204145
7.1962585980789236e-09 172.2897965928262 4399.567453428131
7.204022711411875e-09 172.10411179414575 4374.938512731482
7.211786771142701e-09 171.91882808481074 4352.352154982364
7.219550777267619e-09 171.73394416676393 4339.658323688272
7.2273147297828474e-09 171.54945874754327 4309.822944223986
7.235078628684601e-09 171.36537054025192 4285.831369874339
7.2428424739690994e-09 171.1816782635281 4289.682953042328
7.250606265632557e-09 170.99838064151567 4291.27628279321
7.258370003671196e-09 170.81547640383408 4291.109698798501
7.266133688081229e-09 170.63296428554978 4288.652240410053
7.273897318858874e-09 170.4508430271463 4294.812885802469
7.2816608960003465e-09 170.26911137449588 4294.02271412037
7.289424419501868e-09 170.0877680788301 4297.729449129189
7.297187889359648e-09 169.906811896712 4293.51848407187
7.304951305569911e-09 169.72624159000682 4269.282062940917
7.312714668128865e-09 169.5460559258547 4270.880628582452
7.320477977032731e-09 169.3662536766417 4292.625489142417
7.3282412322777235e-09 169.18683361997262 4269.380649250441
7.33600443386006e-09 169.0077945386429 4276.202463624339
7.343767581775956e-09 168.82913522061128 4256.4158606150795
7.3515306760216276e-09 168.6508544589724 4240.4534901344805
7.3592937165932845e-09 168.47295105192973 4244.911885471782
7.367056703487151e-09 168.2954238027682 4220.575017912258
7.374819636699438e-09 168.11827151982786 4213.86291611552
7.382582516226361e-09 167.94149301647695 4199.891079695767
7.390345342064133e-09 167.7650871110855 4177.141651510142
7.398108114208972e-09 167.5890526269988 4208.540013227514
7.405870832657092e-09 167.4133883925115 4219.1543692129635
7.413633497404708e-09 167.2380932408415 4194.5828855268965
7.421396108448032e-09 167.06316601010414 4188.769772376543
7.429158665783284e-09 166.8886055432864 4166.961461089066
7.4369211694066725e-09 166.71441068822176 4188.491684578925
7.444683619314415e-09 166.54058029756436 4207.131937555115
7.452446015502726e-09 166.36711322876417 4212.688629850089
7.460208357967814e-09 166.19400834404195 4197.15270888448
7.467970646705901e-09 166.02126451036398 4197.849840167549
7.475732881713197e-09 165.84888059941792 4231.579757771165
7.483495062985911e-09 165.67685548758791 4217.73475391314
7.491257190520265e-09 165.50518805593 4220.276296571869
7.499019264312466e-09 165.3338771901484 4224.103973765433
7.50678128435873e-09 165.16292178057088 4216.273182594798
7.51454325065527e-09 164.99232072212504 4217.761932319224
7.522305163198299e-09 164.8220729143145 4226.23225997575
7.530067021984029e-09 164.65217726119516 4233.255070546737
7.53782882700867e-09 164.48263267135187 4225.4070560515875
7.545590578268442e-09 164.31343805787466 4234.830660273369
7.553352275759548e-09 164.1445923383361 4238.428302744709
7.561113919478208e-09 163.9760944347676 4230.206094301147
7.568875509420632e-09 163.80794327363688 4230.3591063161375
7.576637045583034e-09 163.6401377858251 4225.696201223545
7.584398527961621e-09 163.47267690660416 4199.548886684303
7.592159956552607e-09 163.3055595756142 4212.152398864639
7.599921331352205e-09 163.13878473684113 4202.334380511465
7.607682652356624e-09 162.9723513385945 4221.039358741182
7.615443919562082e-09 162.80625833348532 4220.63922646605
7.623205132964781e-09 162.64050467840434 4219.146170910494
7.630966292560938e-09 162.4750893344997 4217.278232473545
7.638727398346763e-09 162.31001126715574 4208.018043154762
7.646488450318465e-09 162.14526944597122 4188.45916694224
7.654249448472258e-09 161.98086284473774 4176.988432815256
7.66201039280435e-09 161.8167904414188 4139.565042162699
7.669771283310955e-09 161.65305121812818 4133.251763668431
7.677532119988281e-09 161.48964416110928 4135.38035989859
7.685292902832539e-09 161.326568260714 4125.480823550485
7.693053631839936e-09 161.16382251138205 4114.732814566799
7.700814307006687e-09 161.00140591162 4104.00264894731
7.708574928328999e-09 160.83931746398125 4078.052179783951
7.716335495803083e-09 160.6775561750451 4076.6528707837306
7.724096009425145e-09 160.51612105539687 4081.284601658951
7.7318564691914e-09 160.35501111960727 4054.097980048501
7.73961687509805e-09 160.19422538621296 4050.8430128417112
7.747377227141316e-09 160.0337628776959 4040.7678330302033
7.755137525317398e-09 159.8736226204642 4042.1702594521607
7.762897769622504e-09 159.7138036448322 4036.167414158951
7.770657960052848e-09 159.55430498500056 4025.5751384755295
7.77841809660464e-09 159.39512567903728 3998.218694885362
7.78617817927408e-09 159.2362647688583 3994.598420965609
7.793938208057386e-09 159.07772130020786 3992.9718329750885
7.80169818295076e-09 158.91949432264005 3972.094821290785
7.809458103950414e-09 158.76158288949912 3961.6727637235454
7.817217971052551e-09 158.6039860579013 3958.7760933366403
7.82497778425339e-09 158.44670288871527 3942.9641685956794
7.832737543549122e-09 158.28973244654446 3929.2283261684306
7.84049724893597e-09 158.13307379970738 3929.3483555169755
7.848256900410132e-09 157.97672602022024 3903.4132840057323
7.85601649796782e-09 157.82068818377792 3894.090608465609
7.86377604160524e-09 157.6649593697361 3891.21681065366
7.871535531318597e-09 157.50953866109307 3859.316371803351
7.879294967104101e-09 157.35442514447163 3865.26794325948
7.887054348957962e-09 157.1996179101013 3776.2993792713846
7.894813676876378e-09 157.0451160518007 3706.7357838679454
7.902572950855565e-09 156.8909186669595 3815.9767347332454
7.910332170891719e-09 156.73702485652117 3795.3525442294977
7.918091336981056e-09 156.5834337249652 3782.485876873898
7.925850449119774e-09 156.43014438029022 3766.2886663635363
7.933609507304087e-09 156.27715593399606 3764.1959463183425
7.941368511530196e-09 156.1244675010672 3723.155089147928
7.949127461794309e-09 155.97207819995532 3706.486820712081
7.95688635809263e-09 155.81998715256262 3687.2572716876107
7.964645200421366e-09 155.66819348422464 3644.816709380512
7.972403988776719e-09 155.51669632369382 3651.330587935406
7.980162723154898e-09 155.36549480312252 3643.053350970018
7.987921403552105e-09 155.21458805804673 3637.669115823413
7.99568002996455e-09 155.0639752273693 3624.95170579806
8.003438602388431e-09 154.913655453344 3617.3103711970903
8.01119712081996e-09 154.76362788155865 3605.1360987103176
8.018955585255336e-09 154.61389166091956 3611.684286127646
8.026713995690764e-09 154.46444594363498 3608.842523699295
8.034472352122451e-09 154.3152898851992 3598.9461564429016
8.042230654546598e-09 154.16642264437687 3588.919615299824
8.049988902959411e-09 154.0178433831868 3573.3500571814375
8.057747097357096e-09 153.86955126688662 3585.7248952821874
8.065505237735851e-09 153.72154546395694 3598.1774794697976
8.073263324091885e-09 153.57382514608577 3596.9197978670636
8.081021356421397e-09 153.42638948815332 3585.6919987323636
8.088779334720593e-09 153.2792376682163 3571.8896570491625
8.096537258985676e-09 153.1323688674929 3557.339048032408
8.104295129212845e-09 152.98578227034753 3553.8443321483687
8.112052945398313e-09 152.83947706427554 3577.1375006889334
8.119810707538272e-09 152.69345243988872 3525.6508177634482
8.12756841562893e-09 152.54770759089973 3504.6180555555557
8.135326069666487e-09 152.4022417141078 3549.8798500881835
8.143083669647147e-09 152.2570540093835 3553.3371224647267
8.150841215567114e-09 152.11214367965448 3560.16052138448
8.158598707422586e-09 151.96750993089077 3564.64027364418
8.166356145209766e-09 151.82315197209013 3549.4876749889772
8.174113528924854e-09 151.6790690152638 3545.551370287699
8.181870858564058e-09 151.5352602754219 3549.5970430996476
8.189628134123574e-09 151.39172497055972 3514.2725728891096
8.197385355599604e-09 151.24846232164293 3502.001918678351
8.20514252298835e-09 151.10547155259385 3514.652140514771
8.212899636286013e-09 150.96275189027733 3502.598586309524
8.220656695488795e-09 150.8203025644868 3501.1664668761027
8.228413700592895e-09 150.67812280793052 3502.352706128748
8.236170651594515e-09 150.53621185621768 3514.8924231150795
8.243927548489856e-09 150.39456894784473 3499.2039379409175
8.251684391275114e-09 150.25319332418195 3506.289355296517
8.25944117994649e-09 150.11208422945955 3515.8856233465613
8.267197914500189e-09 149.97124091075443 3514.874045827822
8.27495459493241e-09 149.83066261797674 3514.137938161376
8.282711221239347e-09 149.6903486038568 3508.0956514550267
8.290467793417203e-09 149.5502981239314 3506.2497072034835
8.29822431146218e-09 149.41051043653087 3501.802489803792
8.305980775370476e-09 149.27098480276618 3486.362933338845
8.313737185138287e-09 149.13172048651563 3482.9554708167993
8.321493540761817e-09 148.992716754412 3499.690961888228
8.329249842237263e-09 148.8539728758297 3498.946535356041
8.337006089560818e-09 148.71548812287213 3497.5460896164022
8.344762282728687e-09 148.5772617703585 3497.0586178626545
8.352518421737068e-09 148.4392930958116 3510.1414723875664
8.360274506582159e-09 148.3015813794451 3515.2601583167993
8.368030537260156e-09 148.16412590415104 3502.740454833554
8.375786513767256e-09 148.02692595548726 3509.1812375992067
8.383542436099661e-09 147.8899808216651 3501.1428192515436
8.391298304253569e-09 147.75328979353714 3516.874362736993
8.399054118225173e-09 147.61685216458503 3502.1987468309085
8.406809878010673e-09 147.48066723090704 3512.467723489859
8.414565583606266e-09 147.34473429120627 3513.494509204145
8.422321235008149e-09 147.20905264677842 3504.570174713404
8.430076832212519e-09 147.07362160149984 3503.5449563216494
8.437832375215575e-09 146.93844046181567 3512.861655368166
8.445587864013508e-09 146.80350853672812 3514.8731846615965
8.453343298602525e-09 146.6688251377843 3516.5563512731483
8.461098678978808e-09 146.53438957906516 3511.7323392030426
8.468854005138563e-09 146.4002011771732 3491.9744646990744
8.476609277077985e-09 146.2662592512211 3503.331972690697
8.484364494793269e-09 146.1325631228205 3498.005900710979
8.492119658280606e-09 145.99911211607025 3485.6581548996915
8.499874767536201e-09 145.8659055575449 3485.081638558201
8.507629822556243e-09 145.7329427762838 3477.9495976631397
8.515384823336925e-09 145.6002231037795 3497.967027667549
8.523139769874452e-09 145.46774587396652 3501.173442322531
8.53089466216501e-09 145.3355104232106 3510.661186204806
8.538649500204795e-09 145.20351609029711 3526.862444196429
8.546404283990008e-09 145.07176221642032 3529.5789930555557
8.554159013516834e-09 144.94024814517255 3525.233169367284
8.561913688781477e-09 144.80897322253284 3544.3723303847005
8.569668309780124e-09 144.67793679685667 3558.850188078704
8.577422876508973e-09 144.5471382188647 3548.1525573192243
8.585177388964215e-09 144.41657684163226 3564.2170621141977
8.592931847142048e-09 144.2862520205787 3579.812334656085
8.600686251038666e-09 144.1561631134567 3590.728098820547
8.608440600650252e-09 144.026309480342 3601.7235725308647
8.616194895973012e-09 143.89669048362225 3589.446872933201
8.623949137003134e-09 143.76730548798733 3591.961788332231
8.63170332373681e-09 143.63815386041858 3577.6537698412703
8.639457456170236e-09 143.50923497017843 3589.961764219577
8.647211534299599e-09 143.38054818880042 3602.830980627205
8.654965558121099e-09 143.25209289007856 3605.1878375771607
8.662719527630927e-09 143.12386845005764 3616.7197661761465
8.670473442825269e-09 142.99587424702295 3626.8169229497357
8.678227303700323e-09 142.86810966149 3644.3624269731044
8.685981110252278e-09 142.74057407619483 3640.32920662478
8.69373486247733e-09 142.61326687608394 3652.7740919863318
8.701488560371668e-09 142.48618744830446 3643.3164716986334
8.709242203931478e-09 142.35933518219434 3637.490630511464
8.716995793152961e-09 142.23270946927235 3663.384813850309
8.7247493280323e-09 142.10630970322867 3673.1401909722226
8.732502808565693e-09 141.98013527991495 3678.7501377865965
8.74025623474933e-09 141.85418559733483 3707.1939415233687
8.748009606579393e-09 141.7284600556345 3720.4041453097448
8.755762924052083e-09 141.6029580570927 3720.1146212246476
8.763516187163587e-09 141.47767900611174 3738.974196015212
8.771269395910091e-09 141.35262230920804 3756.065641534392
8.77902255028779e-09 141.2277873750023 3757.4628492890215
8.78677565029287e-09 141.10317361421076 3761.503768463404
8.794528695921529e-09 140.97878043963541 3755.650766093475
8.802281687169946e-09 140.8546072661554 3749.2240892306
8.81003462403432e-09 140.73065351071708 3742.6752128802914
8.817787506510833e-09 140.6069185923256 3757.4818810626107
8.825540334595679e-09 140.48340193203532 3771.302307236552
8.833293108285039e-09 140.36010295294125 3764.954099840168
8.841045827575114e-09 140.23702108016934 3783.0373849481925
8.848798492462082e-09 140.11415574086848 3774.3339740410056
8.856551102942136e-09 139.9915063642009 3773.031115658069
8.864303659011467e-09 139.86907238133352 3762.0388627094358
8.87205616066626e-09 139.7468532254294 3714.5621314208556
8.879808607902701e-09 139.6248483316387 3714.3442046957675
8.887561000716983e-09 139.50305713709005 3745.085014329806
8.89531333910529e-09 139.38147908088197 3742.877466380071
8.903065623063809e-09 139.2601136040743 3737.414331183863
8.91081785258873e-09 139.13896014967932 3733.9094190917112
8.918570027676238e-09 139.01801816265373 3740.220820243607
8.926322148322523e-09 138.8972870898897 3741.7838713899914
8.934074214523769e-09 138.77676638020677 3741.2512400793653
8.941826226276162e-09 138.65645548434333 3734.427600033069
8.94957818357589e-09 138.53635385494823 3732.185605434304
8.957330086419143e-09 138.41646094657253 3740.453111221341
8.965081934802105e-09 138.29677621566128 3719.4966655643743
8.97283372872096e-09 138.17729912054534 3708.5325899746476
8.980585468171893e-09 138.05802912143312 3706.9192467206794
8.988337153151092e-09 137.93896568040242 3712.3091655643743
8.996088783654742e-09 137.8201082613924 3714.1686473489863
9.003840359679031e-09 137.70145633019555 3610.3665467923283
9.011591881220145e-09 137.58300935444973 2937.7279162533073
9.01934334827426e-09 137.4647668036302 2021.4443566054895
