string
20201021_p9.5_degreeper_secondprocessedoffset angle 0.1260715537418118 in rad by: offset_angle in degree:_8.5offset 0th. order in px_-131
nm eV  counts
1.2573785472723266e-08 98.60530329406566 1638.677926128013
1.2581529110893176e-08 98.54461402620215 2424.9394198265727
1.2589272628629277e-08 98.48400036018512 3062.3135976998824
1.2597016025929039e-08 98.42346215487609 3170.7791602366256
1.260475930278993e-08 98.36299926948772 3198.801532186949
1.2612502459209415e-08 98.30261156358267 3207.965282370664
1.262024549518497e-08 98.24229889707249 3238.373957414756
1.2627988410714052e-08 98.18206113021664 3255.761959876543
1.2635731205794134e-08 98.12189812362129 3287.418820730453
1.2643473880422675e-08 98.06180973823834 3306.157820767196
1.2651216434597137e-08 98.00179583536432 3317.913796112581
1.2658958868314982e-08 97.9418562766393 3352.2531323486187
1.2666701181573673e-08 97.8819909240458 3367.878155313051
1.2674443374370666e-08 97.82219963990784 3398.4940613977074
1.268218544670342e-08 97.76248228688978 3426.956225198413
1.2689927398569394e-08 97.7028387279953 3470.868836346267
1.2697669229966043e-08 97.64326882656637 3495.8071538800705
1.2705410940890817e-08 97.58377244628225 3512.479423868313
1.2713152531341179e-08 97.52434945115826 3544.7160447898295
1.2720894001314575e-08 97.46499970554501 3586.9780184450324
1.2728635350808458e-08 97.40572307412718 3625.3813703336273
1.2736376579820279e-08 97.34651942192257 3655.176780202822
1.2744117688347486e-08 97.287388614281 3681.104910714286
1.2751858676387527e-08 97.22833051688345 3727.495177469136
1.2759599543937848e-08 97.16934499574084 3747.091876102293
1.2767340290995901e-08 97.11043191719314 3773.6281047912994
1.2775080917559125e-08 97.05159114790838 3830.439585170488
1.2782821423624959e-08 96.99282255488158 3878.984834288654
1.2790561809190858e-08 96.93412600543368 3912.6319536302176
1.2798302074254252e-08 96.87550136721079 3949.0785291740153
1.2806042218812588e-08 96.81694850818289 3987.3024599500295
1.2813782242863303e-08 96.75846729664305 4036.4491016313937
1.2821522146403835e-08 96.7000576012064 4060.388787845385
1.2829261929431617e-08 96.6417192908091 4120.826627718989
1.2837001591944095e-08 96.58345223470732 4173.2646696796
1.2844741133938695e-08 96.52525630247644 4227.645961934157
1.2852480555412848e-08 96.46713136400992 4282.045120517343
1.2860219856363996e-08 96.4090772895183 4325.675108392123
1.2867959036789564e-08 96.3510939495284 4360.0969099059375
1.287569809668698e-08 96.2931812148823 4409.1418191505
1.288343703605368e-08 96.23533895673617 4473.731812169312
1.2891175854887087e-08 96.1775670465597 4504.743211713698
1.2898914553184629e-08 96.11986535613481 4586.737488977073
1.290665313094373e-08 96.0622337575549 4650.0492816725455
1.291439158816182e-08 96.00467212322376 4702.982069370958
1.2922129924836315e-08 95.9471803258548 4755.943746325691
1.2929868140964642e-08 95.88975823846994 4807.097479423868
1.293760623654422e-08 95.83240573439882 4838.519574882423
1.294534421157247e-08 95.77512268727777 4872.65257569077
1.2953082066046813e-08 95.71790897104886 4901.652979864785
1.2960819799964664e-08 95.66076445995913 4930.754014182834
1.296855741332344e-08 95.60368902855953 4951.319903733099
1.2976294906120555e-08 95.546682551704 4980.843759185773
1.2984032278353427e-08 95.48974490454864 5034.623521090535
1.2991769530019467e-08 95.43287596255078 5081.458379262199
1.2999506661116088e-08 95.37607560146796 5091.887079291593
1.30072436716407e-08 95.31934369735721 5130.4484494415055
1.3014980561590713e-08 95.26268012657398 5129.645566945915
1.302271733096354e-08 95.20608476577135 5158.37903255438
1.3030453979756582e-08 95.1495574918991 5195.1735651822455
1.303819050796725e-08 95.09309818220281 5222.430279982364
1.3045926915592945e-08 95.03670671422299 5232.509553203998
1.3053663202631077e-08 94.98038296579413 5258.533720972957
1.3061399369079046e-08 94.92412681504395 5285.2675356408
1.3069135414934254e-08 94.8679381403924 5322.056143445033
1.3076871340194104e-08 94.81181682055082 5346.659226190476
1.3084607144855994e-08 94.75576273452111 5359.6829071134625
1.3092342828917318e-08 94.69977576159485 5396.006439226925
1.3100078392375483e-08 94.64385578135227 5435.846423059965
1.310781383522788e-08 94.58800267366169 5445.990501910641
1.3115549157471903e-08 94.53221631867841 5467.372409611993
1.3123284359104947e-08 94.47649659684399 5477.27912808642
1.313101944012441e-08 94.42084338888523 5500.408675044092
1.3138754400527679e-08 94.3652565758136 5527.538075029394
1.3146489240312145e-08 94.30973603892411 5506.1385765726045
1.3154223959475198e-08 94.25428165979464 5516.859430114639
1.3161958558014227e-08 94.19889332028501 5548.063914609053
1.316969303592662e-08 94.14357090253615 5569.006053424457
1.3177427393209762e-08 94.08831428896937 5592.612066431511
1.3185161629861035e-08 94.03312336228537 5654.066312095826
1.3192895745877833e-08 93.97799800546346 5695.830256099353
1.320062974125753e-08 93.92293810176085 5697.806896678425
1.320836361599751e-08 93.86794353471169 5746.51574441505
1.3216097370095153e-08 93.81301418812623 5779.426578115815
1.3223831003547841e-08 93.75814994609016 5817.574312904174
1.3231564516352948e-08 93.70335069296367 5824.042383156967
1.3239297908507856e-08 93.64861631338059 5815.352044753086
1.3247031180009938e-08 93.59394669224778 5821.860440549677
1.3254764330856571e-08 93.53934171474411 5854.353275646678
1.3262497361045128e-08 93.48480126631978 5872.364647633745
1.3270230270572983e-08 93.43032523269548 5893.379537771899
1.3277963059437503e-08 93.37591349986164 5939.9554490005885
1.3285695727636063e-08 93.3215659540775 5963.283087154615
1.3293428275166029e-08 93.26728248187048 6032.266635435039
1.3301160702024774e-08 93.21306297003531 6054.05882569077
1.330889300820966e-08 93.15890730563326 6075.936673280424
1.3316625193718057e-08 93.10481537599132 6099.753545708407
1.3324357258547328e-08 93.05078706870148 6143.189208553792
1.3332089202694836e-08 92.9968222716199 6135.432649911817
1.333982102615794e-08 92.94292087286621 6149.702105379189
1.3347552728934011e-08 92.88908276082256 6156.249586640211
1.33552843110204e-08 92.83530782413311 6174.716618900647
1.3363015772414473e-08 92.78159595170303 6205.953804747208
1.3370747113113582e-08 92.72794703269788 6233.115538653733
1.337847833311509e-08 92.67436095654276 6272.54179526749
1.3386209432416348e-08 92.62083761292163 6281.241595017637
1.3393940411014712e-08 92.56737689177648 6293.255575764257
1.3401671268907536e-08 92.5139786833066 6301.458287404468
1.3409402006092172e-08 92.46064287796789 6256.319949661964
1.3417132622565971e-08 92.40736936647197 6300.154458774251
1.3424863118326283e-08 92.35415803978559 6367.086777998236
1.3432593493370458e-08 92.3010087891298 6387.74360670194
1.3440323747695845e-08 92.24792150597919 6410.15317276602
1.3448053881299787e-08 92.19489608206125 6425.384746105233
1.3455783894179632e-08 92.14193240935553 6437.452233980012
1.3463513786332726e-08 92.08903038009294 6469.971845605526
1.3471243557756406e-08 92.03618988675507 6494.280708039389
1.347897320844802e-08 91.98341082207335 6508.690705834803
1.3486702738404909e-08 91.93069307902846 6522.471845605526
1.349443214762441e-08 91.87803655084953 6517.880291005291
1.3502161436103862e-08 91.82544113101339 6556.687793944739
1.3509890603840604e-08 91.77290671324393 6575.334683641976
1.3517619650831974e-08 91.7204331915113 6564.7563014403295
1.3525348577075304e-08 91.66802046003131 6554.921737213404
1.3533077382567934e-08 91.61566841326459 6574.453216857731
1.354080606730719e-08 91.56337694591598 6598.702739197531
1.3548534631290406e-08 91.51114595293379 6566.857409244562
1.3556263074514915e-08 91.45897532950907 6554.746151161082
1.3563991396978045e-08 91.40686497107495 6596.639706422693
1.3571719598677122e-08 91.35481477330593 6618.391249632569
1.357944767960948e-08 91.30282463211715 6627.935313786008
1.3587175639772441e-08 91.25089444366374 6682.498989564962
1.3594903479163333e-08 91.19902410434014 6743.843281525574
1.3602631197779474e-08 91.14721351077938 6777.235725308642
1.3610358795618194e-08 91.09546255985235 6780.251782039977
1.361808627267681e-08 91.04377114866725 6779.452481995885
1.3625813628952646e-08 90.99213917456872 6790.366925705468
1.3633540864443018e-08 90.94056653513735 6841.349803424457
1.3641267979145245e-08 90.8890531281889 6836.734228027631
1.3648994973056647e-08 90.83759885177362 6832.547444517931
1.365672184617454e-08 90.78620360417557 6859.425659538507
1.3664448598496233e-08 90.7348672839121 6888.297876249266
1.3672175230019047e-08 90.6835897897329 6894.927064961787
1.3679901740740294e-08 90.63237102061962 6904.72741218401
1.3687628130657278e-08 90.58121087578505 6943.839010141094
1.3695354399767319e-08 90.53010925467245 6960.221423059965
1.370308054806772e-08 90.479066056955 6954.11660420341
1.3710806575555791e-08 90.42808118253504 6973.976704879483
1.371853248222884e-08 90.37715453154345 6973.222552910053
1.372625826808417e-08 90.32628600433905 6979.461575911229
1.373398393311909e-08 90.27547550150781 6989.725575029394
1.3741709477330902e-08 90.22472292386239 6979.422766019989
1.3749434900716905e-08 90.17402817244134 6992.147909318049
1.3757160203274405e-08 90.12339114850853 7001.274847516167
1.3764885385000697e-08 90.07281175355254 7001.7994010875955
1.3772610445893087e-08 90.02228988928589 7014.84126984127
1.3780335385948866e-08 89.97182545764456 7030.420203189301
1.3788060205165333e-08 89.92141836078729 7032.569168871252
1.3795784903539786e-08 89.87106850109485 7045.217473177543
1.380350948106952e-08 89.82077578116962 7070.242596266902
1.3811233937751824e-08 89.7705401038348 7073.164544753086
1.3818958273583992e-08 89.72036137213384 7065.76218952087
1.3826682488563315e-08 89.67023948932976 7069.631237139918
1.3834406582687086e-08 89.62017435890462 7062.741402116402
1.3842130555952589e-08 89.57016588455886 7062.23861882716
1.3849854408357115e-08 89.52021397021066 7053.482050999412
1.3857578139897947e-08 89.47031851999537 7065.141277189889
1.3865301750572372e-08 89.42047943826485 7071.297628233392
1.3873025240377678e-08 89.37069662958683 7097.44460978836
1.3880748609311142e-08 89.32096999874446 7102.534584435626
1.388847185737005e-08 89.2712994507355 7104.590406378601
1.3896194984551683e-08 89.22168489077185 7098.705265285126
1.3903917990853317e-08 89.17212622427891 7120.216554600235
1.3911640876272232e-08 89.12262335689496 7133.3246068489125
1.3919363640805709e-08 89.07317619447058 7144.755153218695
1.392708628445102e-08 89.02378464306805 7164.222516166961
1.3934808807205442e-08 88.97444860896076 7194.032554379777
1.3942531209066244e-08 88.92516799863263 7170.105268959436
1.3950253490030709e-08 88.87594271877744 7162.685322971782
1.3957975650096098e-08 88.82677267629839 7155.107932833627
1.3965697689259689e-08 88.77765777830734 7193.980654761905
1.397341960751875e-08 88.72859793212439 7207.0825984714875
1.3981141404870547e-08 88.67959304527714 7224.314833186361
1.3988863081312349e-08 88.63064302550026 7218.115309009407
1.3996584636841418e-08 88.58174778073482 7222.299887933569
1.4004306071455024e-08 88.53290721912771 7242.886537330982
1.401202738515043e-08 88.48412124903108 7226.320500808349
1.4019748577924895e-08 88.43538977900181 7245.707166740153
1.402746964977568e-08 88.3867127178009 7270.808393959436
1.403519060070005e-08 88.33808997439289 7293.955945032334
1.4042911430695265e-08 88.28952145794526 7304.734623015874
1.4050632139758575e-08 88.24100707782803 7324.62039792769
1.4058352727887244e-08 88.19254674361295 7308.275876322751
1.4066073195078524e-08 88.14414036507316 7333.903126837155
1.407379354132967e-08 88.09578785218247 7328.66870590829
1.4081513766637937e-08 88.0474891151149 7320.303314226926
1.4089233871000578e-08 87.9992440642441 7322.2710905349795
1.409695385441484e-08 87.95105261014277 7360.700231481482
1.4104673716877973e-08 87.90291466358214 7364.253380364492
1.4112393458387234e-08 87.85483013553136 7384.910806143445
1.4120113078939864e-08 87.80679893715707 7359.9680335097
1.4127832578533108e-08 87.75882097982273 7358.719870664316
1.4135551957164215e-08 87.71089617508814 7388.5974243092305
1.4143271214830424e-08 87.66302443470889 7391.807208994709
1.4150990351528989e-08 87.61520567063575 7384.281764403292
1.415870936725714e-08 87.56743979501428 7388.664847883598
1.4166428262012123e-08 87.51972672018415 7392.741585831864
1.4174147035791181e-08 87.47206635867865 7360.139256319812
1.4181865688591546e-08 87.42445862322418 7377.165821575544
1.4189584220410458e-08 87.37690342673972 7394.863315696649
1.4197302631245153e-08 87.32940068233623 7399.747574955909
1.420502092109287e-08 87.28195030331618 7382.375992063492
1.4212739089950837e-08 87.23455220317304 7363.638300999412
1.4220457137816288e-08 87.18720629559073 7357.8241659318055
1.422817506468646e-08 87.13991249444302 7378.018261316873
1.4235892870558577e-08 87.0926707137932 7387.783289241623
1.4243610555429866e-08 87.04548086789336 7382.407591122869
1.4251328119297565e-08 86.99834287118394 7393.829365079366
1.4259045562158898e-08 86.95125663829323 7406.946006025867
1.4266762884011082e-08 86.90422208403693 7418.73759920635
1.4274480084851354e-08 86.85723912341746 7423.837356701941
1.428219716467693e-08 86.81030767162359 7427.464726631393
1.4289914123485036e-08 86.76342764402987 7425.374687683716
1.429763096127289e-08 86.71659895619615 7434.429012345679
1.4305347678037713e-08 86.66982152386704 7440.713367136978
1.4313064273776726e-08 86.62309526297143 7441.100639329807
1.432078074848715e-08 86.57642008962196 7432.534171075838
1.4328497102166193e-08 86.52979592011462 7444.91503159906
1.4336213334811076e-08 86.48322267092806 7446.732896090535
1.4343929446419012e-08 86.43670025872326 7448.32919973545
1.4351645436987214e-08 86.39022860034297 7467.203850676073
1.4359361306512898e-08 86.34380761281116 7492.564851557908
1.4367077054993269e-08 86.2974372133327 7492.777869635509
1.437479268242554e-08 86.25111731929262 7497.792383156967
1.4382508188806919e-08 86.20484784825585 7519.612268518519
1.4390223574134617e-08 86.15862871796658 7519.039994855967
1.4397938838405835e-08 86.11245984634783 7523.819352586714
1.440565398161778e-08 86.06634115150099 7554.212136243386
1.4413369003767659e-08 86.02027255170525 7553.540472516167
1.4421083904852666e-08 85.97425396541726 7552.2054122574955
1.4428798684870015e-08 85.92828531127044 7570.64337154615
1.4436513343816898e-08 85.88236650807474 7599.831808495003
1.4444227881690518e-08 85.83649747481596 7582.089487801293
1.4451942298488073e-08 85.7906781306554 7604.105673133451
1.445965659420676e-08 85.74490839492933 7616.340755437978
1.4467370768843776e-08 85.69918818714852 7620.928497942387
1.447508482239631e-08 85.65351742699785 7620.573743386243
1.4482798754861561e-08 85.60789603433565 7624.327601410935
1.4490512566236723e-08 85.56232392919343 7641.742541152264
1.4498226256518986e-08 85.51680103177529 7656.333314961787
1.450593982570554e-08 85.47132726245752 7679.351300705468
1.4513653273793569e-08 85.42590254178818 7671.108447236919
1.4521366600780269e-08 85.38052679048641 7673.612764550265
1.4529079806662822e-08 85.33519992944227 7678.2660016166965
1.4536792891438416e-08 85.28992187971608 7714.019969870665
1.4544505855104233e-08 85.244692562538 7726.233006319812
1.455221869765746e-08 85.19951189930768 7718.243772045856
1.4559931419095275e-08 85.15437981159363 7718.498952821869
1.4567644019414863e-08 85.10929622113288 7722.559615667255
1.4575356498613398e-08 85.06426104983056 7734.607308201059
1.4583068856688067e-08 85.0192742197593 7746.972920340976
1.4590781093636039e-08 84.97433565315895 7743.311930482069
1.4598493209454495e-08 84.92944527243601 7740.379096854792
1.4606205204140612e-08 84.88460300016325 7726.065457818931
1.4613917077691565e-08 84.83980875907923 7702.253545708407
1.4621628830104518e-08 84.79506247208792 7705.351355820106
1.4629340461376652e-08 84.75036406225811 7704.321814373898
1.4637051971505132e-08 84.70571345282319 7689.664811140506
1.4644763360487131e-08 84.66111056718047 7680.265468841858
1.4652474628319819e-08 84.61655532889093 7696.925521751911
1.4660185775000355e-08 84.57204766167872 7666.76302542622
1.4667896800525914e-08 84.52758748943067 7682.965810552616
1.4675607704893656e-08 84.48317473619595 7676.465038947678
1.4683318488100746e-08 84.43880932618558 7658.692588918284
1.4691029150144349e-08 84.39449118377198 7662.445620223399
1.4698739691021619e-08 84.35022023348864 7674.152979864785
1.4706450110729723e-08 84.30599640002957 7664.6749154908875
1.4714160409265821e-08 84.2618196082489 7659.148662551441
1.4721870586627067e-08 84.21768978316057 7653.680096266902
1.4729580642810616e-08 84.17360684993777 7634.552928424457
1.473729057781363e-08 84.12957073391253 7642.672876249266
1.474500039163326e-08 84.08558136057538 7642.964616402117
1.475271008426666e-08 84.04163865557489 7636.705063198119
1.4760419655710976e-08 83.99774254471724 7640.865483539095
1.4768129105963373e-08 83.9538929539657 7625.2839322457385
1.4775838435020987e-08 83.91008980944054 7597.361478542034
1.4783547642880972e-08 83.8663330374182 7596.691743827161
1.4791256729540477e-08 83.82262256433114 7583.3047655790715
1.4798965694996649e-08 83.77895831676736 7609.213514109348
1.4806674539246627e-08 83.73534022147004 7624.962062757202
1.4814383262287561e-08 83.69176820533697 7638.549290858319
1.4822091864116595e-08 83.64824219542034 7652.630621693122
1.4829800344730864e-08 83.60476211892625 7665.654210758377
1.4837508704127513e-08 83.56132790321423 7675.644290123457
1.4845216942303684e-08 83.51793947579694 7663.584104938272
1.4852925059256508e-08 83.47459676433978 7665.484090241035
1.4860633054983129e-08 83.43129969666033 7662.875698118754
1.486834092948068e-08 83.38804820072816 7668.68478101117
1.4876048682746296e-08 83.34484220466432 7691.803350970018
1.488375631477711e-08 83.30168163674088 7694.231426366843
1.4891463825570255e-08 83.25856642538066 7719.878012933569
1.4899171215122863e-08 83.2154964991568 7727.388668430335
1.4906878483432064e-08 83.17247178679229 7744.348361258084
1.4914585630494985e-08 83.12949221715968 7736.399268812464
1.492229265630876e-08 83.08655771928058 7735.617651381541
1.4929999560870504e-08 83.04366822232542 7745.316725455615
1.4937706344177353e-08 83.00082365561289 7743.323320840682
1.494541300622643e-08 82.95802394860966 7760.715296149324
1.495311954701485e-08 82.91526903092999 7727.812775573192
1.496082596653975e-08 82.87255883233526 7717.376543209877
1.4968532264798235e-08 82.82989328273372 7726.281690917108
1.4976238441787435e-08 82.78727231217998 7722.214322457378
1.4983944497504463e-08 82.7446958508747 7747.561912110524
1.499165043194644e-08 82.70216382916418 7743.708021017049
1.4999356245110482e-08 82.65967617753998 7742.944223985891
1.5007061936993702e-08 82.61723282663857 7760.893959435626
1.5014767507593216e-08 82.57483370724094 7723.535695914168
1.5022472956906132e-08 82.53247875027222 7724.9285346854795
1.503017828492957e-08 82.49016788680123 7748.972203850676
1.503788349166063e-08 82.44790104804031 7723.400756907701
1.504558857709643e-08 82.40567816534467 7732.561360964139
1.505329354123408e-08 82.36349917021225 7740.095532039977
1.5060998384070673e-08 82.32136399428329 7735.777208259848
1.5068703105603325e-08 82.27927256933988 7708.959986772487
1.5076407705829143e-08 82.23722482730564 7721.348287771899
1.5084112184745225e-08 82.19522070024539 7713.908362727808
1.5091816542348673e-08 82.15326012036476 7711.25
1.5099520778636594e-08 82.11134302000977 7703.503453850676
1.5107224893606084e-08 82.06946933166658 7707.630621693122
1.5114928887254234e-08 82.02763898796107 7702.754997060553
1.5122632759578156e-08 81.98585192165835 7733.6906599059375
1.513033651057494e-08 81.94410806566268 7721.103303203998
1.5138040140241683e-08 81.90240735301684 7708.129501028807
1.5145743648575473e-08 81.86074971690196 7730.1596487360375
1.5153447035573405e-08 81.81913509063708 7728.063730893592
1.5161150301232578e-08 81.77756340767871 7723.411044973545
1.5168853445550075e-08 81.7360346016207 7729.1583994709
1.517655646852299e-08 81.69454860619368 7739.607951205174
1.5184259370148407e-08 81.65310535526478 7732.056143445033
1.5191962150423416e-08 81.61170478283734 7732.4088771311
1.5199664809345102e-08 81.57034682305041 7730.4159318048205
1.5207367346910555e-08 81.52903141017856 7729.760251322751
1.521506976311685e-08 81.48775847863146 7736.198100382128
1.5222772057961072e-08 81.44652796295355 7713.01183127572
1.5230474231440308e-08 81.40533979782359 7675.387639623751
1.523817628355163e-08 81.36419391805453 7689.255125661376
1.524587821429212e-08 81.32309025859298 7670.392875514403
1.525358002365886e-08 81.28202875451888 7673.824312904174
1.5261281711648925e-08 81.24100934104531 7711.566725455615
1.5268983278259383e-08 81.20003195351804 7695.892397854203
1.527668472348732e-08 81.15909652741506 7792.057521310994
1.5284386047329796e-08 81.11820299834658 7859.867633009994
1.5292087249783895e-08 81.07735130205431 7868.336915784833
1.5299788330846682e-08 81.03654137441143 7895.049695032334
1.5307489290515228e-08 80.99577315142209 7886.240722369195
1.53151901287866e-08 80.95504656922108 7855.338771310994
1.5322890845657868e-08 80.91436156407362 7876.6342408877135
1.5330591441126095e-08 80.87371807237483 7884.416152263375
1.5338291915188346e-08 80.8331160306496 7885.006430041152
1.534599226784169e-08 80.79255537555213 7886.149415784833
1.5353692499083185e-08 80.7520360438656 7899.487066431511
1.5361392608909894e-08 80.71155797250198 7885.811195620224
1.5369092597318873e-08 80.67112109850154 7887.991714432687
1.5376792464307187e-08 80.63072535903257 7909.391166960611
1.538449220987189e-08 80.59037069139112 7917.526638741917
1.5392191834010042e-08 80.55005703300056 7914.065347589653
1.5399891336718695e-08 80.50978432141142 7913.639862580835
1.540759071799491e-08 80.46955249430088 7900.011206643151
1.541528997783573e-08 80.42936148947263 7934.6095127865965
1.542298911623822e-08 80.38921124485633 7958.329016019989
1.543068813319942e-08 80.3491016985076 7933.2516718107
1.543838702871638e-08 80.30903278860737 7971.749338624339
1.544608580278616e-08 80.26900445346175 7986.310442386832
1.545378445540579e-08 80.22901663150175 7987.404100529101
1.5461482986572334e-08 80.18906926128278 7999.499926513816
1.5469181396282825e-08 80.14916228148458 7997.79513888889
1.547687968453431e-08 80.10929563091067 8007.272100970018
1.548457785132383e-08 80.06946924848816 8003.495737801293
1.5492275896648434e-08 80.02968307326745 8031.909630364492
1.549997382050516e-08 79.98993704442184 8030.20300558495
1.5507671622891042e-08 79.95023110124735 8001.166042034098
1.551536930380312e-08 79.91056518316229 7993.544606114051
1.552306686323843e-08 79.87093922970696 7975.998401675485
1.553076430119401e-08 79.8313531805434 7982.5634736919465
1.5538461617666895e-08 79.79180697545507 7987.059909611993
1.5546158812654116e-08 79.75230055434655 7989.446097883598
1.555385588615271e-08 79.71283385724315 7959.803975602587
1.55615528381597e-08 79.67340682429077 7937.305077895356
1.5569249668672123e-08 79.63401939575542 7915.890101410935
1.5576946377687e-08 79.59467151202307 7901.993680188125
1.558464296520137e-08 79.5553631135992 7908.604681069959
1.559233943121225e-08 79.51609414110868 7900.841324955909
1.5600035775716666e-08 79.47686453529533 7927.924842004703
1.5607731998711647e-08 79.43767423702164 7943.57280643739
1.5615428100194212e-08 79.39852318726851 7978.627737360376
1.562312408016138e-08 79.35941132713499 7982.839689888301
1.5630819938610177e-08 79.32033859783786 8000.370554085832
1.5638515675537624e-08 79.28130494071145 7977.378747795415
1.5646211290940727e-08 79.24231029720735 7974.153622868901
1.5653906784816513e-08 79.20335460889402 7975.477109053498
1.5661602157162e-08 79.16443781745654 7946.975400499707
1.5669297407974198e-08 79.12555986469638 7935.436875367432
1.5676992537250118e-08 79.08672069253109 7927.426881246326
1.5684687544986776e-08 79.0479202429939 7934.337705761317
1.5692382431181177e-08 79.00915845823359 7909.96178718401
1.570007719583034e-08 78.97043528051404 7894.607583774251
1.5707771838931273e-08 78.93175065221413 7922.242155349794
1.5715466360480975e-08 78.89310451582735 7901.473214285715
1.572316076047646e-08 78.85449681396143 7895.46498383304
1.573085503891473e-08 78.81592748933824 7882.958737507349
1.573854919579279e-08 78.77739648479337 7847.368092298648
1.5746243231107638e-08 78.73890374327593 7859.3461566725455
1.5753937144856286e-08 78.70044920784815 7875.821759259259
1.5761630937035724e-08 78.66203282168529 7889.358741181658
1.5769324607642958e-08 78.62365452807516 7889.659299676661
1.5777018156674985e-08 78.58531427041798 7894.433788947678
1.5784711584128796e-08 78.54701199222607 7897.364509847149
1.5792404890001397e-08 78.50874763712348 7902.891956937096
1.5800098074289773e-08 78.47052114884586 7882.738095238095
1.5807791136990924e-08 78.43233247124007 7897.302322163434
1.5815484078101836e-08 78.39418154826402 7875.113903586126
1.5823176897619507e-08 78.35606832398622 7873.448431069959
1.583086959554092e-08 78.3179927425857 7888.991218400941
1.583856217186307e-08 78.27995474835159 7904.710280717225
1.584625462658294e-08 78.24195428568295 7900.889550264551
1.585394695969752e-08 78.20399129908843 7920.709141681365
1.5861639171203792e-08 78.16606573318606 7900.315072016461
1.5869331261098744e-08 78.12817753270288 7912.549878747795
1.5877023229379352e-08 78.09032664247484 7898.270502645503
1.5884715076042603e-08 78.05251300744635 7904.124320252793
1.5892406801085474e-08 78.01473657267013 7925.883579512052
1.5900098404504946e-08 77.97699728330689 7903.458902851265
1.5907789886298005e-08 77.93929508462506 7894.997887272193
1.5915481246461612e-08 77.90162992200067 7907.512033362728
1.592317248499275e-08 77.86400174091682 7917.753894767784
1.59308636018884e-08 77.82641048696362 7893.098177542623
1.5938554597145524e-08 77.78885610583791 7862.9016938565555
1.59462454707611e-08 77.75133854334288 7886.427377278072
1.59539362227321e-08 77.71385774538795 7893.521917254557
1.5961626853055495e-08 77.6764136579884 7897.417144326867
1.5969317361728246e-08 77.63900622726526 7893.586676954733
1.597700774874733e-08 77.60163539944477 7901.723894032922
1.598469801410971e-08 77.5643011208585 7930.886059670782
1.5992388157812346e-08 77.52700333794279 7941.222442680776
1.6000078179852206e-08 77.4897419972386 7944.800485008818
1.600776808022625e-08 77.45251704539129 7950.134663433275
1.601545785893145e-08 77.41532842915029 7938.005309376837
1.602314751596475e-08 77.37817609536897 7914.745829659025
1.603083705132312e-08 77.3410599910042 7919.680886243386
1.6038526465003515e-08 77.30398006311627 7945.014513521458
1.6046215757002893e-08 77.26693625886853 7939.755566578484
1.605390492731821e-08 77.22992852552721 7910.341251469724
1.606159397594642e-08 77.19295681046111 7918.328924162258
1.606928290288447e-08 77.15602106114144 7937.780900940624
1.607697170812932e-08 77.11912122514144 7908.22953409759
1.608466039167792e-08 77.08225725013622 7900.138154027043
1.6092348953527218e-08 77.04542908390253 7880.172416960611
1.6100037393674163e-08 77.00863667431844 7893.17294973545
1.61077257121157e-08 76.97187996936316 7915.411522633745
1.6115413908848778e-08 76.93515891711675 7910.300282921811
1.6123101983870336e-08 76.89847346575993 7914.3073927101705
1.6130789937177326e-08 76.86182356357374 7929.863591269842
1.613847776876669e-08 76.82520915893939 7938.2727990887715
1.6146165478635363e-08 76.788630200338 7920.163966049383
1.615385306678029e-08 76.75208663635034 7921.136096413875
1.6161540533198408e-08 76.71557841565657 7930.533142269253
1.6169227877886655e-08 76.67910548703601 7924.3476263962375
1.617691510084197e-08 76.64266779936698 7931.425172692534
1.6184602202061286e-08 76.60626530162644 7924.576811434451
1.6192289181541534e-08 76.56989794288984 7911.412680041152
1.6199976039279656e-08 76.53356567233077 7910.432741769548
1.6207662775272577e-08 76.4972684392209 7909.71570032334
1.621534938951723e-08 76.4610061929296 7894.563400205761
1.6223035882010544e-08 76.42477888292379 7888.499963256908
1.6230722252749446e-08 76.3885864587676 7901.174768518519
1.6238408501730865e-08 76.35242887012225 7893.733649323927
1.6246094628951727e-08 76.31630606674575 7892.970770870077
1.6253780634408957e-08 76.2802179984927 7873.360247648442
1.626146651809948e-08 76.24416461531403 7881.272597001764
1.6269152280020212e-08 76.20814586725683 7896.624871399177
1.627683792016808e-08 76.17216170446399 7896.401014109348
1.6284523438540006e-08 76.13621207717411 7900.018647119342
1.6292208835132897e-08 76.10029693572123 7891.699551734274
1.6299894109943685e-08 76.06441623053452 7879.63210978836
1.6307579262969277e-08 76.02856991213817 7883.448339212228
1.6315264294206593e-08 75.9927579311511 7888.454401822458
1.632294920365255e-08 75.9569802382867 7878.204181363903
1.633063399130405e-08 75.92123678435274 7896.451903292182
1.633831865715801e-08 75.88552752025099 7877.506613756614
1.634600320121135e-08 75.849852396977 7880.635288065844
1.6353687623460965e-08 75.81421136562005 7854.707341269842
1.636137192390377e-08 75.77860437736275 7859.032095091123
1.6369056102536674e-08 75.74303138348087 7862.80992798354
1.6376740159356578e-08 75.70749233534315 7864.107602145797
1.638442409436039e-08 75.67198718441101 7857.446171369783
1.6392107907545007e-08 75.63651588223844 7854.199551734274
1.6399791598907342e-08 75.60107838047165 7875.738076866549
1.6407475168444286e-08 75.56567463084895 7844.824459876543
1.6415158616152742e-08 75.53030458520047 7826.941872427984
1.642284194202961e-08 75.49496819544797 7827.155166078777
1.6430525146071785e-08 75.45966541360464 7826.3457157554385
1.6438208228276168e-08 75.4243961917748 7814.032095091123
1.6445891188639653e-08 75.38916048215383 7805.605985449735
1.6453574027159125e-08 75.35395823702783 7802.4956826866555
1.6461256743831485e-08 75.31878940877338 7817.953134185774
1.6468939338653626e-08 75.28365394985748 7806.557172251617
1.6476621811622435e-08 75.2485518128372 7792.733502351558
1.6484304162734804e-08 75.2134829503595 7799.845495296884
1.649198639198761e-08 75.17844731516111 7813.370168283363
1.649966849937775e-08 75.1434448600681 7789.077564667843
1.6507350484902105e-08 75.10847553799589 7775.6124154908875
1.6515032348557565e-08 75.07353930194894 7785.682962228101
1.6522714090341007e-08 75.03863610502054 7771.867835097002
1.653039571024932e-08 75.00376590039262 7748.333700764257
1.6538077208279374e-08 74.96892864133557 7729.324937536743
1.6545758584428057e-08 74.93412428120789 7733.2793209876545
1.6553439838692247e-08 74.89935277345619 7727.503490593768
1.6561120971068816e-08 74.86461407161485 7731.3711603468555
1.656880198155464e-08 74.82990812930585 7736.4188345091125
1.65764828701466e-08 74.79523490023848 7734.764017489712
1.658416363684157e-08 74.7605943382093 7708.01550558495
1.6591844281636414e-08 74.72598639710182 7698.846634332745
1.6599524804528007e-08 74.69141103088633 7687.520300558495
1.6607205205513215e-08 74.65686819361966 7666.443636096414
1.661488548458892e-08 74.62235783944497 7658.209509112287
1.6622565641751978e-08 74.58787992259167 7638.317993092299
1.6630245676999258e-08 74.55343439737506 7644.352311140506
1.663792559032762e-08 74.51902121819626 7629.2526455026455
1.664560538173394e-08 74.48464033954184 7630.44780643739
1.665328505121507e-08 74.45029171598381 7634.398056290418
1.6660964598767876e-08 74.41597530217933 7610.838018077602
1.6668644024389216e-08 74.38169105287048 7609.292328042328
1.6676323328075955e-08 74.34743892288411 7621.845881099353
1.6684002509824942e-08 74.31321886713164 7586.257624191652
1.6691681569633044e-08 74.2790308406088 7585.914719282775
1.669936050749711e-08 74.24487479839557 7586.623952821869
1.6707039323413992e-08 74.21075069565585 7564.1928461199295
1.671471801738055e-08 74.17665848763725 7557.258965314521
1.6722396589393635e-08 74.14259812967107 7543.3156047913
1.6730075039450092e-08 74.10856957717192 7562.780900940624
1.6737753367546778e-08 74.07457278563759 7542.4418540564375
1.6745431573680533e-08 74.0406077106489 7536.980636390359
1.675310965784821e-08 74.00667430786943 7521.860853909465
1.676078762004665e-08 73.9727725330454 7527.919054967666
1.676846546027271e-08 73.93890234200539 7522.880291005291
1.677614317852322e-08 73.90506369066027 7497.366255144033
1.6783820774795028e-08 73.87125653500289 7519.076921663727
1.6791498249084975e-08 73.83748083110794 7496.832561728395
1.6799175601389902e-08 73.80373653513179 7495.645576131687
1.6806852831706646e-08 73.77002360331224 7473.905147707232
1.6814529940032044e-08 73.73634199196839 7471.9612544091715
1.682220692636293e-08 73.7026916575004 7457.302046590241
1.682988379069615e-08 73.66907255638928 7452.962687389771
1.6837560533028523e-08 73.63548464519685 7428.068783068783
1.6845237153356892e-08 73.60192788056537 7437.122005437978
1.685291365167809e-08 73.56840221921745 7420.243514844209
1.6860590027988936e-08 73.53490761795587 7391.378508965315
1.686826628228627e-08 73.50144403366332 7383.76598324515
1.6875942414566915e-08 73.46801142330233 7358.470385067608
1.6883618424827705e-08 73.43460974391493 7380.3752388301
1.6891294313065455e-08 73.4012389526227 7349.768242945326
1.6898970079276995e-08 73.36789900662632 7336.8461566725455
1.6906645723459148e-08 73.33458986320554 7338.542309670782
1.6914321245608735e-08 73.30131147971899 7295.951370517343
1.6921996645722574e-08 73.268063813604 7317.241236772487
1.692967192379749e-08 73.23484682237633 7263.49041005291
1.6937347079830297e-08 73.2016604636301 7250.802377278072
1.6945022113817817e-08 73.16850469503757 7257.8125
1.6952697025756865e-08 73.13537947434891 7267.27733686067
1.696037181564425e-08 73.10228475939213 7267.7016736478545
1.6968046483476786e-08 73.06922050807279 7263.434193121693
1.697572102925129e-08 73.03618667837388 7246.059257422105
1.6983395452964577e-08 73.0031832283556 7230.355167915932
1.6991069754613446e-08 72.9702101161553 7200.458370076426
1.6998743934194715e-08 72.93726729998711 7178.387483465609
1.700641799170519e-08 72.90435473814193 7137.557640726044
1.701409192714167e-08 72.87147238898721 7145.443121693122
1.7021765740500968e-08 72.8386202109667 7132.996536963551
1.7029439431779883e-08 72.80579816260038 7139.383221266902
1.703711300097522e-08 72.77300620248423 7125.826398074662
1.704478644808378e-08 72.74024428929003 7120.782398221634
1.7052459773102367e-08 72.70751238176527 7085.0534152704295
1.7060132976027774e-08 72.67481043873288 7104.531479644327
1.70678060568568e-08 72.64213841909117 7097.666308421517
1.7075479015586243e-08 72.60949628181353 7098.044532627866
1.70831518522129e-08 72.57688398594834 7095.962577160494
1.709082456673357e-08 72.54430149061879 7081.849555408583
1.7098497159145032e-08 72.51174875502272 7085.363021751911
1.710616962944409e-08 72.47922573843239 7047.865961199294
1.7113841977627527e-08 72.44673240019435 7016.16939484127
1.712151420369214e-08 72.4142686997293 6989.449864050559
1.7129186307634707e-08 72.3818345965319 6989.756255511464
1.7136858289452027e-08 72.34943005017053 6969.2547123015875
1.7144530149140878e-08 72.31705502028724 6954.399847516167
1.7152201886698046e-08 72.28470946659753 6949.674869562023
1.715987350212031e-08 72.25239334889018 6939.485321134627
1.7167544995404458e-08 72.22010662702704 6933.657728909465
1.7175216366547274e-08 72.18784926094293 6917.185157627866
1.7182887615545536e-08 72.15562121064545 6875.871729864785
1.7190558742396012e-08 72.12342243621488 6844.790426587302
1.719822974709549e-08 72.09125289780387 6859.992375808349
1.720590062964075e-08 72.05911255563736 6851.588036449148
1.7213571390028556e-08 72.02700137001247 6832.397486772487
1.722124202825568e-08 71.99491930129831 6801.021917254557
1.7228912544318906e-08 71.96286630993563 6792.626534024103
1.7236582938215e-08 71.93084235643697 6781.386087228101
1.7244253209940736e-08 71.89884740138628 6750.9562849059375
1.7251923359492873e-08 71.86688140543885 6735.068112507349
1.7259593386868187e-08 71.83494432932108 6688.349270649618
1.726726329206344e-08 71.80303613383039 6670.087218915344
1.72749330750754e-08 71.77115677983504 6627.234623015873
1.728260273590083e-08 71.73930622827392 6622.504684744268
1.7290272274536493e-08 71.70748444015648 6628.471625146973
1.7297941690979152e-08 71.67569137656244 6611.821768445033
1.7305610985225566e-08 71.64392699864182 6595.411614491476
1.7313280157272493e-08 71.6121912676146 6585.082947530865
1.732094920711669e-08 71.58048414477068 6595.636849647267
1.7328618134754915e-08 71.54880559146963 6560.930289168136
1.733628694018393e-08 71.5171555691406 6541.678470385068
1.7343955623400482e-08 71.48553403928216 6520.664728468548
1.735162418440132e-08 71.45394096346217 6512.2456459435625
1.7359292623183203e-08 71.4223763033175 6519.898864638448
1.736696093974288e-08 71.39084002055401 6519.356169165198
1.7374629134077106e-08 71.35933207694632 6461.019345238095
1.738229720618262e-08 71.3278524343377 6445.150968180482
1.7389965156056173e-08 71.2964010546399 6410.003031305115
1.7397632983694513e-08 71.26497789983296 6395.0806510875955
1.7405300689094376e-08 71.23358293196515 6380.736744929453
1.7412968272252517e-08 71.20221611315267 6369.772468400941
1.7420635733165673e-08 71.17087740557966 6387.9533638301
1.7428303071830584e-08 71.13956677149794 6406.4496068489125
1.743597028824399e-08 71.10828417322689 6372.272146898883
1.744363738240263e-08 71.07702957315331 6364.387492651382
1.7451304354303244e-08 71.04580293373125 6372.051780202822
1.745897120394256e-08 71.0146042174819 6355.800677910053
1.746663793131732e-08 70.98343338699335 6336.12511941505
1.7474304536424257e-08 70.95229040492055 6310.970982142858
1.74819710192601e-08 70.92117523398508 6315.189640285126
1.748963737982159e-08 70.89008783697503 6307.90045377719
1.7497303618105444e-08 70.85902817674491 6292.530496766608
1.7504969734108394e-08 70.8279962162154 6244.407242063492
1.7512635727827174e-08 70.79699191837321 6233.202160493827
1.7520301599258506e-08 70.76601524627104 6218.928020282187
1.7527967348399116e-08 70.73506616302734 6189.477788800706
1.7535632975245725e-08 70.7041446318262 6183.167667915932
1.754329847979506e-08 70.67325061591714 6174.075497868901
1.7550963862043838e-08 70.6423840786151 6173.371408362728
1.7558629121988785e-08 70.6115449833001 6139.864372060553
1.7566294259626617e-08 70.58073329341734 6122.041124706056
1.757395927495405e-08 70.54994897247684 6106.527088844798
1.7581624167967806e-08 70.51919198405338 6076.336208480306
1.7589288938664593e-08 70.48846229178638 6068.600455614344
1.759695358704113e-08 70.4577598593797 6066.759902263375
1.760461811309413e-08 70.42708465060159 6044.571345899471
1.76122825168203e-08 70.39643662928444 6044.35345936214
1.7619946798216358e-08 70.36581575932465 6026.77721744562
1.7627610957279006e-08 70.33522200468259 5999.552515064668
1.763527499400496e-08 70.30465532938237 5980.222111992945
1.7642938908390917e-08 70.27411569751172 5977.801890432099
1.7650602700433593e-08 70.24360307322182 5985.100033068783
1.7658266370129685e-08 70.21311742072723 5951.33111037625
1.76659299174759e-08 70.1826587043057 5918.984558715461
1.7673593342468936e-08 70.15222688829803 5937.207065696649
1.7681256645105497e-08 70.12182193710795 5915.656415343916
1.7688919825382283e-08 70.09144381520196 5873.9863040123455
1.769658288329599e-08 70.06109248710922 5866.486028439153
1.7704245818843316e-08 70.0307679174214 5863.128260949442
1.771190863202096e-08 70.00047007079249 5830.342721193416
1.7719571322825612e-08 69.97019891193878 5815.527538947678
1.772723389125397e-08 69.93995440563863 5794.0531764403295
1.7734896337302717e-08 69.90973651673234 5778.97633744856
1.774255866096856e-08 69.87954521012202 5748.098912404468
1.7750220862248168e-08 69.84938045077155 5729.142278439153
1.7757882941138243e-08 69.81924220370624 5731.175595238095
1.7765544897635472e-08 69.7891304340129 5721.374696869489
1.7773206731736542e-08 69.75904510683958 5687.8046461640215
1.7780868443438132e-08 69.72898618739552 5651.850198412699
1.7788530032736927e-08 69.69895364095093 5644.786338918284
1.7796191499629614e-08 69.6689474328369 5621.013512272193
1.780385284411287e-08 69.63896752844528 5604.600418871252
1.7811514066183374e-08 69.60901389322856 5583.831018518519
1.7819175165837813e-08 69.57908649269963 5561.769088036449
1.782683614307285e-08 69.54918529243183 5541.511427101705
1.7834496997885176e-08 69.51931025805861 5521.548491696061
1.784215773027146e-08 69.48946135527358 5514.718731628454
1.7849818340228372e-08 69.45963854983029 5489.219852292769
1.7857478827752587e-08 69.42984180754209 5477.7812683715465
1.7865139192840778e-08 69.40007109428204 5458.557603982951
1.7872799435489618e-08 69.37032637598271 5442.341499485597
1.788045955569577e-08 69.3406076186362 5435.968685699589
1.7888119553455906e-08 69.3109147882938 5431.768399103469
1.7895779428766688e-08 69.28124785106607 5410.082442313345
1.7903439181624784e-08 69.25160677312255 5397.424538874192
1.791109881202686e-08 69.22199152069169 5394.390569885361
1.7918758319969577e-08 69.19240206006079 5356.508120223398
1.7926417705449595e-08 69.16283835757575 5326.913166887125
1.7934076968463575e-08 69.13330037964103 5318.49220127866
1.7941736109008182e-08 69.10378809271945 5299.651583627278
1.7949395127080063e-08 69.0743014633322 5285.598682760141
1.7957054022675883e-08 69.04484045805853 5260.3091012639625
1.7964712795792295e-08 69.01540504353574 5232.69257973251
1.797237144642595e-08 68.98599518645902 5219.1073265726045
1.7980029974573506e-08 68.95661085358141 5210.121068489124
1.7987688380231616e-08 68.92725201171345 5192.02638154027
1.799534666339692e-08 68.89791862772337 5150.634736919459
1.8003004824066083e-08 68.86861066853666 5128.349821796002
1.801066286223574e-08 68.83932810113618 5107.821915417402
1.8018320777902544e-08 68.81007089256185 5085.115511096414
1.8025978571063136e-08 68.78083900991074 5071.2738370811285
1.8033636241714167e-08 68.75163242033669 5041.171323853616
1.8041293789852274e-08 68.7224510910504 5043.243358686067
1.8048951215474103e-08 68.69329498931923 5027.08167989418
1.8056608518576293e-08 68.66416408246702 4998.1097516166965
1.8064265699155484e-08 68.63505833787409 4974.792814888301
1.8071922757208312e-08 68.60597772297699 4968.966830173427
1.8079579692731416e-08 68.5769222052685 4936.314989344503
1.8087236505721436e-08 68.54789175229737 4922.361937830688
1.8094893196174994e-08 68.5188863316684 4895.766690549677
1.8102549764088737e-08 68.48990591104207 4867.448835243974
1.811020620945929e-08 68.46095045813462 4857.284639550265
1.811786253228329e-08 68.43201994071782 4838.128352807173
1.8125518732557356e-08 68.40311432661896 4810.943378894768
1.813317481027812e-08 68.37423358372058 4771.478404247501
1.8140830765442216e-08 68.34537767996045 4770.5550044091715
1.8148486598046263e-08 68.31654658333147 4747.491227586714
1.815614230808689e-08 68.28774026188145 4733.177129262199
1.8163797895560717e-08 68.25895868371313 4697.582166740153
1.8171453360464363e-08 68.23020181698394 4692.515248383304
1.8179108702794464e-08 68.20146962990589 4686.750027557319
1.8186763922547622e-08 68.17276209074561 4671.308834876543
1.8194419019720464e-08 68.14407916782402 4660.181419018225
1.8202073994309603e-08 68.11542082951635 4650.581459435626
1.8209728846311664e-08 68.08678704425198 4609.9368018812465
1.8217383575723252e-08 68.0581777805143 4584.813345091123
1.8225038182540982e-08 68.02959300684068 4569.699763007055
1.8232692666761472e-08 68.00103269182223 4563.476263962375
1.824034702838133e-08 67.97249680410381 4539.790472516167
1.8248001267397164e-08 67.94398531238383 4528.790004041741
1.8255655383805585e-08 67.91549818541417 4505.864059744268
1.8263309377603197e-08 67.88703539200003 4479.378169091711
1.8270963248786613e-08 67.8585969009999 4471.805371840094
1.827861699735243e-08 67.83018268132537 4438.962972148736
1.828627062329726e-08 67.80179270194101 4416.191899985303
1.8293924126617695e-08 67.77342693186434 4391.524103468548
1.8301577507310344e-08 67.74508534016559 4382.744111919459
1.8309230765371804e-08 67.71676789596775 4366.2480709876545
1.8316883900798678e-08 67.68847456844628 4348.508000808348
1.8324536913587557e-08 67.66020532682916 4346.763989932393
1.8332189803735044e-08 67.63196014039664 4312.2622262639625
1.8339842571237723e-08 67.6037389784813 4290.276905129336
1.8347495216092204e-08 67.57554181046767 4284.231104864785
1.835514773829506e-08 67.54736860579247 4270.600106554968
1.8362800137842902e-08 67.51921933394412 4260.230654761905
1.8370452414732305e-08 67.491093964463 4229.799933862434
1.837810456895987e-08 67.46299246694103 4230.737204218107
1.8385756600522174e-08 67.43491481102178 4209.069297472075
1.839340850941581e-08 67.40686096640023 4198.946529614933
1.840106029563736e-08 67.3788309028227 4200.182383524398
1.840871195918341e-08 67.35082459008677 4180.724435993533
1.8416363500050537e-08 67.32284199804116 4160.338863168725
1.8424014918235332e-08 67.29488309658552 4154.225317827749
1.8431666213734363e-08 67.26694785567057 4127.137253821282
1.8439317386544222e-08 67.23903624529767 4103.596643518518
1.8446968436661478e-08 67.21114823551898 4071.7129170340977
1.845461936408271e-08 67.18328379643722 4071.273102219283
1.846227016880449e-08 67.15544289820558 4069.4636427101705
1.84699208508234e-08 67.12762551102765 4057.154293430335
1.8477571410136004e-08 67.09983160515728 4048.6441339653147
1.848522184673888e-08 67.07206115089846 4032.7072310405647
1.849287216062859e-08 67.04431411860531 4016.640487213404
1.8500522351801712e-08 67.01659047868179 3996.852357069371
1.850817242025481e-08 66.98889020158182 3990.0674695032335
1.851582236598445e-08 66.961213257809 3992.4440586419755
1.8523472188987197e-08 66.93355961791659 3959.8542677101705
1.8531121889259615e-08 66.90592925250736 3934.3518977807175
1.8538771466798267e-08 66.87832213223355 3922.774333112875
1.8546420921599717e-08 66.85073822779668 3911.7048794826574
1.855407025366052e-08 66.82317750994754 3915.2500367430926
1.8561719462977245e-08 66.79563994948599 3900.467509920635
1.8569368549546437e-08 66.76812551726096 3897.454576352146
1.8577017513364663e-08 66.74063418417022 3879.5692791005295
1.858466635442847e-08 66.71316592116044 3875.887253821282
1.8592315072734415e-08 66.68572069922693 3853.9763374485597
1.8599963668279054e-08 66.65829848941365 3843.1030460023517
1.8607612141058937e-08 66.63089926281302 3824.232896090535
1.8615260491070612e-08 66.60352299056589 3815.58807319224
1.862290871831063e-08 66.57616964386143 3792.7755272633744
1.8630556822775536e-08 66.54883919393697 3770.797968106996
1.8638204804461882e-08 66.52153161207796 3742.4255033803647
1.864585266336621e-08 66.49424686961785 3705.9348361258085
1.8653500399485066e-08 66.46698493793801 3685.607409244562
1.8661148012814988e-08 66.43974578846756 3660.4124412110523
1.8668795503352526e-08 66.41252939268335 3632.0583939594358
1.867644287109421e-08 66.38533572210986 3613.9305922986478
1.8684090116036585e-08 66.358164748319 3605.888631687243
1.869173723817619e-08 66.33101644293014 3601.1846661890067
1.8699384237509558e-08 66.30389077760992 3583.2008285567313
1.8707031114033227e-08 66.27678772407222 3575.6675071649033
1.8714677867743732e-08 66.24970725407798 3560.2590158362727
1.87223244986376e-08 66.22264933943518 3538.7402401161085
1.872997100671137e-08 66.19561395199871 3515.3055188124636
1.8737617391961567e-08 66.16860106367025 3508.195868239271
1.8745263654384725e-08 66.14161064639822 3485.5809542181073
1.8752909793977368e-08 66.11464267217765 3473.8355654761904
1.876055581073602e-08 66.08769711305011 3464.6945730452676
1.8768201704657215e-08 66.06077394110353 3443.4697190990596
1.8775847475737467e-08 66.03387312847228 3429.860445142563
1.878349312397331e-08 66.00699464733682 3411.1201820620226
1.879113864936126e-08 65.98013846992389 3393.891185332158
1.879878405189783e-08 65.95330456850618 3387.750197494121
1.8806429331579555e-08 65.92649291540235 3364.339542915932
1.881407448840294e-08 65.89970348297692 3348.6278521825398
1.8821719522364508e-08 65.87293624364015 3341.08392122281
1.8829364433460766e-08 65.84619116984801 3346.285778586126
1.8837009221688234e-08 65.81946823410196 3303.0918393592005
1.884465388704343e-08 65.79276740894896 3309.4636656746034
1.885229842952286e-08 65.76608866698139 3303.0667162698414
1.8859942849123034e-08 65.73943198083687 3271.160737250147
1.8867587145840463e-08 65.71279732319822 3236.884461346267
1.8875231319671653e-08 65.68618466679338 3232.317754262199
1.8882875370613116e-08 65.65959398439526 3214.537932649912
1.8890519298661348e-08 65.63302524882172 3202.384741512346
1.8898163103812858e-08 65.60647843293543 3190.3733098177545
1.8905806786064153e-08 65.57995350964374 3172.2947668650795
1.891345034541173e-08 65.55345045189871 3153.5046020723107
1.8921093781852085e-08 65.52696923269691 3135.7151124338625
1.8928737095381726e-08 65.50050982507933 3097.6266947751324
1.8936380285997148e-08 65.47407220213137 3093.3773561507937
1.8944023353694844e-08 65.44765633698269 3081.24905845826
1.8951666298471312e-08 65.4212622028071 3070.7031709288653
1.8959309120323046e-08 65.39488977282252 3057.7602099867727
1.896695181924654e-08 65.36853902029088 3036.671259553204
1.897459439523828e-08 65.34220991851798 3032.642609126984
1.8982236848294765e-08 65.31590244085345 3026.8605783362727
1.8989879178412476e-08 65.28961656069067 3013.9157572751324
1.899752138558791e-08 65.26335225146664 2999.48261133157
1.900516346981754e-08 65.23710948666192 3003.145759847149
1.901280543109787e-08 65.21088823980047 2998.8512731481483
1.9020447269425363e-08 65.18468848444971 2993.059803975603
1.9028088984796518e-08 65.15851019422027 2976.4529137272193
1.9035730577207805e-08 65.13235334276604 2956.8847139550267
1.904337204665572e-08 65.1062179037839 2943.8933899176955
1.9051013393136724e-08 65.08010385101389 2917.536605305703
1.9058654616647306e-08 65.05401115823886 2888.1084196796005
1.906629571718394e-08 65.02793979928457 2873.6179085831864
1.90739366947431e-08 65.0018897480195 2867.7453979276897
1.9081577549321257e-08 64.97586097835482 2849.821405606996
1.908921828091489e-08 64.94985346424424 2835.820243606702
1.9096858889520464e-08 64.92386717968401 2824.0009553204
1.910449937513446e-08 64.89790209871272 2818.996454291593
1.9112139737753333e-08 64.87195819541135 2810.944343400941
1.911977997737356e-08 64.84603544390308 2816.97551532187
1.9127420093991605e-08 64.82013381835323 2812.8292640358613
1.9135060087603934e-08 64.79425329296919 2792.8782242063494
1.914269995820701e-08 64.76839384200031 2789.944885361552
1.9150339705797296e-08 64.74255543973784 2786.092900315991
1.915797933037125e-08 64.71673806051487 2769.2299336787187
1.9165618831925335e-08 64.69094167870617 2761.988283546443
1.9173258210456018e-08 64.66516626872809 2740.8032958553795
1.918089746595974e-08 64.63941180503866 2734.999425889183
1.918853659843297e-08 64.6136782621373 2719.191720862728
1.9196175607872157e-08 64.5879656145648 2703.4087255658437
1.920381449427376e-08 64.56227383690326 2698.394648368607
1.9211453257634227e-08 64.53660290377601 2687.8584977586715
1.9219091897950014e-08 64.51095278984752 2671.344567533804
1.9226730415217566e-08 64.48532346982327 2666.843768371546
1.923436880943333e-08 64.45971491844976 2646.0331009332745
1.9242007080593766e-08 64.43412711051427 2639.2949459876545
1.9249645228695302e-08 64.40856002084502 2630.153930592299
1.9257283253734396e-08 64.38301362431083 2611.6710758377426
1.9264921155707488e-08 64.3574878958212 2609.0334270282187
1.9272558934611023e-08 64.33198281032617 2597.5808118386244
1.928019659044144e-08 64.30649834281627 2578.3818342151676
1.928783412319518e-08 64.2810344683224 2565.971074000588
1.9295471532868675e-08 64.2555911619158 2545.1040288800705
1.9303108819458374e-08 64.23016839870786 2531.1018334803057
1.9310745982960703e-08 64.20476615385022 2530.4801403586125
1.9318383023372105e-08 64.17938440253447 2448.487126139036
1.932601994068901e-08 64.15402311999227 2364.658472957084
1.9333656734907847e-08 64.12868228149516 2491.5694122942386
1.9341293406025053e-08 64.10336186235448 2481.926692937978
1.9348929954037052e-08 64.07806183792133 2489.1296939300414
1.935656637894028e-08 64.05278218358644 2488.417429085832
1.9364202680731156e-08 64.02752287478022 2471.3884984935335
1.937183885940611e-08 64.00228388697245 2462.814107510288
1.9379474914961575e-08 63.977065195672395 2446.6732574588477
1.9387110847393957e-08 63.951866776428716 2418.48425558495
1.9394746656699695e-08 63.92668860482924 2403.9144942313346
1.9402382342875198e-08 63.90153065650106 2388.6886849647267
1.941001790591689e-08 63.87639290711034 2376.6327252351557
1.941765334582119e-08 63.85127533236228 2370.726227219283
1.9425288662584518e-08 63.82617790800101 2360.218139146091
1.9432923856203285e-08 63.80110060980957 2348.454493680188
1.944055892667391e-08 63.77604341360978 2331.8746784979426
1.9448193873992803e-08 63.75100629526217 2321.483134920635
1.9455828698156372e-08 63.725989230665945 2303.521710574662
1.9463463399161033e-08 63.70099219575882 2292.63932521311
1.9471097977003202e-08 63.676015166517004 2283.8478744121107
1.947873243167928e-08 63.65105811895515 2258.6724950396824
1.9486366763185673e-08 63.62612102912623 2250.288846634333
1.949400097151879e-08 63.601203873121456 2255.3814162624926
1.9501635056675035e-08 63.576306627070245 2240.788139329806
1.9509269018650808e-08 63.551429267140094 2246.389279284245
1.951690285744251e-08 63.52657176953654 2247.5962209729573
1.952453657304655e-08 63.501734110503044 2249.1643013301
1.953217016545932e-08 63.476916266321 2245.4548794826574
1.9539803634677223e-08 63.45211821330953 2248.561530900941
1.9547436980696655e-08 63.427339927825535 2204.866415895062
1.9555070203514003e-08 63.40258138626357 2182.5042943489125
1.9562703303125675e-08 63.377842565055715 2228.0883946942977
1.9570336279528056e-08 63.35312344067158 2206.1261757789534
1.957796913271754e-08 63.32842398961821 2194.51398074662
1.958560186269052e-08 63.303744188439985 2188.60759755291
1.9593234469443378e-08 63.27908401371858 2176.2150710978835
1.9600866952972504e-08 63.25444344207287 2169.6105691505
1.9608499313274295e-08 63.2298224501588 2166.2987305261613
1.961613155034512e-08 63.20522101466948 2156.2781314300414
1.962376366418137e-08 63.18063911233493 2142.778558568489
1.9631395654779436e-08 63.15607671992205 2129.6383561140506
1.9639027522135693e-08 63.13153381423465 2120.1261665931806
1.9646659266246517e-08 63.10701037211328 2119.9548059964727
1.9654290887108294e-08 63.08250637043514 2120.520557760141
1.9661922384717404e-08 63.05802178611409 2114.26550558495
1.9669553759070213e-08 63.03355659610054 2096.9192294973545
1.9677185010163103e-08 63.00911077738134 2080.127222957084
1.9684816137992445e-08 62.984684306979744 2084.5087907848324
1.9692447142554615e-08 62.96027716195536 2071.7204723324517
1.9700078023845985e-08 62.93588931940402 2057.365382495591
1.9707708781862924e-08 62.91152075645777 2042.7393353174605
1.9715339416601797e-08 62.88717145028476 2052.6329411008232
1.9722969928058978e-08 62.86284137808917 2030.4457855673134
1.973060031623083e-08 62.83853051711118 2022.041216563786
1.9738230581113715e-08 62.814238844626836 2016.6504997060554
1.9745860722704e-08 62.78996633794803 2009.7325332524986
1.9753490740998056e-08 62.7657129744224 1993.5437793944739
1.9761120635992226e-08 62.741478731433325 1992.6933145943563
1.9768750407682883e-08 62.717263586399724 1987.0363481040565
1.9776380056066385e-08 62.69306751677611 1989.5369222148736
1.9784009581139084e-08 62.66889050005248 1972.8097672325105
1.9791638982897336e-08 62.64473251375423 1959.5238324882423
1.9799268261337504e-08 62.620593535442055 1941.4773249191653
1.9806897416455935e-08 62.59647354271199 1924.3305638227514
1.9814526448248982e-08 62.572372513195226 1925.9057401895943
1.9822155356712997e-08 62.54829042455809 1914.061191027337
1.982978414184433e-08 62.52422725450198 1907.1818737139918
1.9837412803639327e-08 62.500182980763284 1903.8333838550852
1.984504134209434e-08 62.47615758111331 1888.5640569885363
1.9852669757205708e-08 62.45215103335824 1880.3398736037625
1.9860298048969783e-08 62.42816331533901 1863.1775426219872
1.9867926217382905e-08 62.40419440493131 1852.8397587815991
1.987555426244141e-08 62.38024428004548 1848.4268215388008
1.9883182184141653e-08 62.3563129186264 1831.8092298647855
1.9890809982479962e-08 62.33240029865352 1822.7348572530864
1.989843765745268e-08 62.30850639814071 1818.4772399507642
1.990606520905614e-08 62.28463119513625 1819.7595738719872
1.991369263728668e-08 62.260774667722686 1812.2129445914168
1.9921319942140635e-08 62.23693679401686 1811.179292511758
1.9928947123614336e-08 62.21311755216978 1814.3173592739565
1.9936574181704123e-08 62.189316920366515 1794.685192074515
1.9944201116406316e-08 62.16553487682628 1783.2931685405645
1.9951827927717246e-08 62.1417713998022 1779.889736276455
1.9959454615633243e-08 62.118026467581345 1767.0442708333335
1.996708118015064e-08 62.09430005848459 1752.7680753049676
1.9974707621265746e-08 62.07059215086667 1747.2793921773957
1.9982333938974903e-08 62.04690272311596 1738.835243974133
1.9989960133274427e-08 62.02323175365452 1733.3681244488537
1.999758620416063e-08 61.999579220938024 1733.5614505254264
2.000521215162985e-08 61.975945103455594 1727.5063267012051
2.0012837975678395e-08 61.952329379729875 1723.7779132679307
2.0020463676302586e-08 61.928732028316865 1705.6641428755145
2.002808925349873e-08 61.90515302780593 1697.5441606040565
2.003571470726316e-08 61.88159235681962 1688.442012511023
2.0043340037592175e-08 61.85804999401376 1683.6411945179307
2.005096524448209e-08 61.83452591807727 1667.4627631723986
2.005859032792923e-08 61.81102010773211 1653.3784469613463
2.0066215287929883e-08 61.78753254173333 1648.7897169863315
2.0073840124480372e-08 61.76406319886882 1627.2711134994122
2.0081464837577004e-08 61.740612057959396 1629.0221170451205
2.008908942721608e-08 61.7171790978587 1633.997177671223
2.0096713893393908e-08 61.69376429745308 1622.4390868422986
2.010433823610679e-08 61.67036763566161 1611.697714579659
2.0111962455351025e-08 61.64698909143597 1612.1691514182835
2.0119586551122925e-08 61.62362864376036 1604.5361758708113
2.012721052341878e-08 61.60028627165154 1588.8344517012051
2.0134834372234893e-08 61.576961954158676 1579.934746564521
2.0142458097567554e-08 61.553655670363305 1584.3095743312758
2.015008169941307e-08 61.53036739937925 1575.0321616879778
2.0157705177767727e-08 61.50709712035262 1576.916600069812
2.016532853262782e-08 61.48384481246167 1588.6055766828338
2.0172951763989644e-08 61.46061045491681 1585.191259277631
2.0180574871849488e-08 61.437394026960476 1586.268428957231
2.018819785620364e-08 61.414195507867134 1589.3781461272781
2.019582071704839e-08 61.39101487694315 1578.5845412624926
2.0203443454380016e-08 61.36785211352682 1577.6302887088477
2.021106606819482e-08 61.34470719698818 1569.3849780460025
2.0218688558489076e-08 61.321580106729066 1558.455791170635
2.0226310925259075e-08 61.298470822182985 1553.209509112287
2.0233933168501084e-08 61.27537932281512 1539.1177179783951
2.0241555288211398e-08 61.25230558812215 1538.4042015726045
2.024917728438628e-08 61.229249597632325 1534.0121734457673
2.025679915702203e-08 61.20621133090528 1515.3813358869784
2.0264420906114902e-08 61.18319076753213 1514.416335978836
2.0272042531661188e-08 61.16018788713521 1500.8209440218989
2.0279664033657154e-08 61.13720266936819 1507.0934262014991
2.028728541209907e-08 61.11423509391596 1485.865793558936
2.0294906666983214e-08 61.0912851404945 1467.6334118716932
2.0302527798305853e-08 61.06835278885091 1489.8674263301
2.0310148806063263e-08 61.0454380187633 1494.9278342702823
2.0317769690251698e-08 61.02254081004081 1496.1201820620224
2.0325390450867432e-08 60.99966114252341 1487.4381682649912
2.0333011087906728e-08 60.97679899608196 1477.1967202197238
2.034063160136585e-08 60.953954350618126 1488.4602692350088
2.034825199124106e-08 60.93112718606426 1494.0694467408878
2.035587225752862e-08 60.90831748238343 1483.8997510655497
2.036349240022479e-08 60.8855252195693 1477.00402566505
2.0371112419325828e-08 60.86275037764611 1475.7377898111406
2.0378732314827992e-08 60.83999293666856 1471.6592491549088
2.0386352086727536e-08 60.81725287672183 1461.806669330541
2.0393971735020713e-08 60.79453017792148 1451.8768830834804
2.040159125970378e-08 60.77182482041336 1447.603236607143
2.0409210660772988e-08 60.74913678437361 1441.0997551991477
2.0416829938224586e-08 60.7264660500086 1353.6376120664315
2.0424449092054828e-08 60.70381259755479 1077.7969071502057
2.0432068122259954e-08 60.68117640727882 727.1939644878013
