string
20201022_m3.4_degreeper_secondprocessedoffset angle -0.07605956110903464 in rad by: offset_angle in degree:_-2.7offset 0th. order in px_-171
nm eV  counts
-7.598624750442569e-09 -163.1666216995624 305.8210785073578
-7.591582916480914e-09 -163.31797251410703 459.79672257357805
-7.584541084466849e-09 -163.4696043286775 566.7037450396825
-7.577499254396712e-09 -163.62151792664284 576.5220294932209
-7.570457426266849e-09 -163.77371409428645 579.150863405258
-7.563415600073597e-09 -163.92619362081993 581.2157557250331
-7.556373775813295e-09 -164.07895729839672 577.325283151455
-7.549331953482281e-09 -164.23200592212567 590.9554889012896
-7.542290133076897e-09 -164.38534029008477 585.870372953869
-7.535248314593478e-09 -164.53896120333533 590.5984674685847
-7.528206498028363e-09 -164.69286946593573 597.6206003017527
-7.521164683377886e-09 -164.84706588495544 594.6251085069445
-7.514122870638384e-09 -165.00155127048916 591.0343424479166
-7.507081059806194e-09 -165.15632643567096 595.856781167328
-7.500039250877651e-09 -165.31139219668864 598.796779410549
-7.49299744384909e-09 -165.46674937279815 602.2000196345899
-7.485955638716843e-09 -165.62239878633773 606.4094147858797
-7.478913835477243e-09 -165.7783412627427 609.3049975198413
-7.471872034126628e-09 -165.9345776305599 612.1854719535384
-7.464830234661326e-09 -166.09110872146246 614.4325112640543
-7.457788437077671e-09 -166.24793537026449 617.460216703869
-7.450746641371995e-09 -166.40505841493592 618.5894019717261
-7.443704847540625e-09 -166.5624786966176 624.475978629299
-7.436663055579893e-09 -166.72019705963598 622.5161882027116
-7.429621265486133e-09 -166.8782143515184 620.5238327752976
-7.422579477255672e-09 -167.0365314230084 618.6629877645503
-7.415537690884836e-09 -167.19514912808083 617.9447544642857
-7.4084959063699576e-09 -167.3540683239571 616.1645817832341
-7.401454123707361e-09 -167.51328987112092 619.9207847635582
-7.394412342893374e-09 -167.67281463333356 619.092365244709
-7.387370563924327e-09 -167.83264347764955 613.3900101273148
-7.380328786796542e-09 -167.99277727443254 608.6797598379629
-7.373287011506346e-09 -168.15321689737092 602.3975100239749
-7.366245238050063e-09 -168.31396322349377 600.8079246238426
-7.35920346642402e-09 -168.47501713318678 594.0236751818783
-7.3521616966245395e-09 -168.6363795102085 596.0139586433531
-7.345119928647945e-09 -168.79805124170636 594.1610475570436
-7.338078162490561e-09 -168.96003321823287 599.7459439070767
-7.331036398148707e-09 -169.1223263337622 597.7061838624338
-7.323994635618709e-09 -169.2849314857064 584.7209046378969
-7.316952874896884e-09 -169.44784957493212 585.6084681919643
-7.309911115979557e-09 -169.61108150577704 581.7982959242725
-7.302869358863045e-09 -169.77462818606693 581.2447038277116
-7.295827603543669e-09 -169.93849052713205 583.563644489914
-7.288785850017749e-09 -170.10266944382448 591.1406895874669
-7.281744098281605e-09 -170.26716585453485 585.097664000496
-7.274702348331552e-09 -170.43198068120978 588.4916604662699
-7.267660600163908e-09 -170.59711484936875 591.2562727347884
-7.260618853774992e-09 -170.76256928812163 588.8750671709656
-7.25357710916112e-09 -170.92834493018614 585.793544870205
-7.2465353663186095e-09 -171.0944427119052 584.661365327381
-7.239493625243774e-09 -171.26086357326483 580.5282195560516
-7.232451885932929e-09 -171.4276084579116 586.3516890914352
-7.225410148382388e-09 -171.59467831317065 594.8335167617395
-7.218368412588467e-09 -171.76207409006352 587.2838696676587
-7.21132667854748e-09 -171.92979674332628 572.9891880580357
-7.204284946255737e-09 -172.09784723142772 557.7325329654432
-7.197243215709552e-09 -172.26622651658752 585.0995241195436
-7.190201486905237e-09 -172.43493556479453 585.3524693080357
-7.183159759839103e-09 -172.60397534582552 585.2230463583003
-7.176118034507461e-09 -172.77334683326345 586.9195395171957
-7.169076310906622e-09 -172.94305100451643 582.8105210400132
-7.162034589032892e-09 -173.1130888408364 586.1815088665675
-7.154992868882585e-09 -173.28346132733796 585.252937437996
-7.147951150452007e-09 -173.45416945301758 580.1382843501984
-7.140909433737467e-09 -173.62521421077258 583.9163385623347
-7.133867718735273e-09 -173.79659659742046 579.1402529761905
-7.1268260054417316e-09 -173.96831761371828 582.8395828166337
-7.1197842938531465e-09 -174.1403782643822 584.3122649016203
-7.112742583965828e-09 -174.3127795581068 582.7854275173611
-7.10570087577608e-09 -174.4855225075851 584.823578042328
-7.098659169280208e-09 -174.65860812952826 590.6147590112433
-7.091617464474514e-09 -174.83203744468557 592.2261103877315
-7.084575761355304e-09 -175.00581147786446 595.6959506241733
-7.07753405991888e-09 -175.17993125795073 594.8339714575067
-7.070492360161547e-09 -175.35439781792883 605.9906709862764
-7.063450662079604e-09 -175.52921219490236 599.8175765749008
-7.056408965669355e-09 -175.7043754301145 602.0976950024801
-7.049367270927101e-09 -175.87988856896882 602.3913096271494
-7.042325577849141e-09 -176.05575266105 598.7861534804895
-7.035283886431778e-09 -176.2319687601447 608.444808717758
-7.028242196671309e-09 -176.40853792426276 601.1007228629298
-7.021200508564033e-09 -176.58546121565828 609.1869729662699
-7.014158822106251e-09 -176.76273970085094 607.5808686755952
-7.007117137294258e-09 -176.9403744506474 608.9854006489749
-7.000075454124353e-09 -177.1183665401629 605.3679703000992
-6.993033772592834e-09 -177.29671704884294 612.6788814484127
-6.985992092695994e-09 -177.47542706048523 611.1560226521163
-6.978950414430131e-09 -177.65449766326134 607.1903599330357
-6.971908737791541e-09 -177.83392994973903 608.3353019593254
-6.9648670627765156e-09 -178.01372501690454 611.9012845155423
-6.957825389381351e-09 -178.1938839661847 612.9965691137567
-6.950783717602343e-09 -178.3744079034695 608.2988952959656
-6.943742047435783e-09 -178.55529793913485 611.3725456762567
-6.936700378877962e-09 -178.7365551880653 614.0318157862104
-6.929658711925172e-09 -178.91818076967692 619.6006866939484
-6.922617046573708e-09 -179.10017580794013 615.2971617683531
-6.915575382819857e-09 -179.2825414314034 615.0902028563162
-6.908533720659912e-09 -179.465278773216 616.7051272114749
-6.9014920600901614e-09 -179.648388971152 617.7183779761905
-6.894450401106897e-09 -179.83187316763335 625.7331710896163
-6.887408743706403e-09 -180.01573250975423 626.8030263103506
-6.880367087884972e-09 -180.19996814930442 624.0201822916666
-6.87332543363889e-09 -180.38458124279367 632.7399450231482
-6.866283780964445e-09 -180.56957295147578 631.5215954654432
-6.859242129857921e-09 -180.7549444413731 637.5866247106482
-6.8522004803156096e-09 -180.94069688330072 644.4965923652447
-6.84515883233379e-09 -181.12683145289157 647.9274631076389
-6.838117185908751e-09 -181.31334933062072 640.7779508721892
-6.831075541036775e-09 -181.50025170183076 640.1800181878307
-6.824033897714149e-09 -181.68753975675665 648.8358599950396
-6.816992255937154e-09 -181.87521469055113 647.3698665881283
-6.809950615702073e-09 -182.06327770331015 654.1324172247024
-6.802908977005189e-09 -182.25173000009826 656.9017288773148
-6.795867339842783e-09 -182.44057279097464 664.2211939897487
-6.788825704211137e-09 -182.62980729101872 660.1862599206349
-6.781784070106533e-09 -182.8194347203564 654.4521587714947
-6.774742437525248e-09 -183.00945630418644 652.5336139012896
-6.767700806463564e-09 -183.19987327280637 653.947177786045
-6.76065917691776e-09 -183.39068686163952 649.4643580522487
-6.753617548884112e-09 -183.58189831126154 654.9013155175264
-6.746575922358902e-09 -183.77350886742718 648.8104151165675
-6.739534297338405e-09 -183.96551978109764 652.0696743758267
-6.7324926738188976e-09 -184.15793230846757 659.8630900710979
-6.725451051796656e-09 -184.3507477109925 657.2126141906415
-6.71840943126796e-09 -184.5439672554163 657.7057808366402
-6.71136781222908e-09 -184.73759221379933 665.550060453869
-6.704326194676292e-09 -184.93162386354595 666.6216259507275
-6.69728457860587e-09 -185.1260634874327 668.809074280754
-6.690242964014093e-09 -185.3209123736366 673.3828822544643
-6.6832013508972245e-09 -185.5161718157638 674.3237330522487
-6.676159739251544e-09 -185.71184311287786 676.8717680431548
-6.669118129073321e-09 -185.9079275695288 671.2488813450727
-6.66207652035883e-09 -186.10442649578192 688.1609468005952
-6.655034913104338e-09 -186.30134120724728 689.3680994750331
-6.647993307306117e-09 -186.49867302510867 688.1735852761243
-6.640951702960437e-09 -186.69642327615352 689.0403800843254
-6.633910100063568e-09 -186.89459329280237 689.7073438533399
-6.626868498611777e-09 -187.09318441313894 689.131916025959
-6.619826898601333e-09 -187.29219798094024 691.6265320147156
-6.6127853000285034e-09 -187.49163534570678 694.9601624503969
-6.605743702889558e-09 -187.69149786269318 699.6096411003638
-6.598702107180759e-09 -187.89178689293894 696.1072022776125
-6.591660512898378e-09 -188.09250380329905 693.0400183945105
-6.584618920038673e-09 -188.29364996647558 700.0473116112764
-6.577577328597916e-09 -188.4952267610483 684.8707191426918
-6.570535738572368e-09 -188.69723557150678 684.5988911623677
-6.563494149958293e-09 -188.89967778828185 688.8964146205357
-6.556452562751956e-09 -189.1025548077774 687.3175249049273
-6.549410976949617e-09 -189.30586803240277 693.8927072999338
-6.5423693925475405e-09 -189.50961887060475 697.275047019676
-6.535327809541988e-09 -189.71380873690032 693.4616066261574
-6.528286227929219e-09 -189.91843905190933 705.1003973420966
-6.521244647705497e-09 -190.12351124238734 705.8113477595899
-6.514203068867079e-09 -190.3290267412591 711.4128585896163
-6.507161491410225e-09 -190.53498698765154 716.1253849413029
-6.500119915331197e-09 -190.7413934269275 709.8367280505952
-6.493078340626249e-09 -190.94824751071974 716.115138785549
-6.486036767291642e-09 -191.1555506969647 714.2994481646825
-6.478995195323632e-09 -191.36330444993686 714.3913225446429
-6.471953624718475e-09 -191.57151024028335 719.8471989707341
-6.464912055472431e-09 -191.78016954505833 710.152023396164
-6.457870487581752e-09 -191.98928384775832 705.5817263971561
-6.450828921042692e-09 -192.19885463835712 706.8739226810516
-6.44378735585151e-09 -192.40888341334104 711.6702551463294
-6.4367457920044565e-09 -192.61937167574504 703.383220692791
-6.429704229497789e-09 -192.830320935188 706.1070731026786
-6.422662668327756e-09 -193.04173270790932 705.9205599991733
-6.415621108490611e-09 -193.2536085168049 706.8773871527778
-6.4085795499826065e-09 -193.46594989146377 699.4481362640543
-6.401537992799993e-09 -193.67875836820508 699.8789424189815
-6.394496436939023e-09 -193.89203549011492 695.9940295345568
-6.387454882395945e-09 -194.1057828070838 696.1936099743717
-6.38041332916701e-09 -194.32000187584416 700.1343290137236
-6.373371777248466e-09 -194.53469426000802 698.7050471230159
-6.366330226636562e-09 -194.7498615301053 707.3710989169973
-6.3592886773275455e-09 -194.96550526362185 702.6945219494048
-6.3522471293176654e-09 -195.18162704503808 708.2731223131614
-6.345205582603167e-09 -195.39822846586796 715.5711573040675
-6.338164037180297e-09 -195.61531112469777 719.9374819155092
-6.331122493045302e-09 -195.83287662722572 715.7571356233466
-6.324080950194426e-09 -196.05092658630136 722.6394107556217
-6.317039408623914e-09 -196.2694626219655 725.1204401248347
-6.309997868330011e-09 -196.48848636149035 715.9296177455357
-6.302956329308959e-09 -196.70799943941984 716.079685433201
-6.295914791557004e-09 -196.92800349761035 724.6025158110119
-6.288873255070386e-09 -197.14850018527173 725.991843894676
-6.281831719845347e-09 -197.36949115900833 723.3772347263558
-6.274790185878129e-09 -197.59097808286066 730.0840463789683
-6.267748653164974e-09 -197.81296262834687 721.7132316468254
-6.2607071217021205e-09 -198.0354464745053 725.510238405258
-6.253665591485807e-09 -198.2584313079364 723.1784861731151
-6.246624062512275e-09 -198.48191882284544 723.9026615203373
-6.239582534777765e-09 -198.70591072108542 724.5672329695767
-6.232541008278512e-09 -198.9304087122005 722.4305348875662
-6.225499483010752e-09 -199.15541451346917 727.8365756241733
-6.218457958970726e-09 -199.3809298499482 723.4512571304564
-6.211416436154669e-09 -199.6069564545167 716.7374777819114
-6.204374914558816e-09 -199.8334960679206 718.5980360243055
-6.1973333941794026e-09 -200.06055043881716 725.8368727265212
-6.190291875012664e-09 -200.28812132382012 720.7001307250331
-6.183250357054834e-09 -200.51621048754492 730.0098069609788
-6.176208840302147e-09 -200.74481970265435 730.0012555803571
-6.169167324750835e-09 -200.9739507499045 732.4592504753638
-6.162125810397131e-09 -201.20360541819093 718.9063223379629
-6.155084297237267e-09 -201.4337855045953 713.553230406746
-6.148042785267475e-09 -201.66449281443218 715.5209289227844
-6.141001274483986e-09 -201.89572916129632 714.4629448784722
-6.133959764883029e-09 -202.12749636711015 715.556968729332
-6.126918256460835e-09 -202.3597962621716 701.2828931051587
-6.119876749213633e-09 -202.59263068520235 705.7101831183862
-6.112835243137652e-09 -202.82600148339625 704.1608873801257
-6.105793738229118e-09 -203.05991051246838 698.3262157944775
-6.098752234484261e-09 -203.29435963670383 693.3325221147487
-6.091710731899307e-09 -203.52935072900772 698.5593481316138
-6.084669230470483e-09 -203.76488567095478 703.1186859292328
-6.077627730194014e-09 -204.00096635283967 694.0427930720899
-6.070586231066126e-09 -204.23759467372747 698.672996238426
-6.063544733083044e-09 -204.4747725415047 694.3818695229828
-6.056503236240991e-09 -204.71250187293066 696.8237640542328
-6.049461740536193e-09 -204.9507845936887 692.5946413070436
-6.04242024596487e-09 -205.1896226384388 693.7398235987104
-6.035378752523248e-09 -205.42901795086945 692.3861297123016
-6.0283372602075455e-09 -205.66897248375065 690.1452959656085
-6.021295769013987e-09 -205.90948819898674 689.5036194816469
-6.014254278938792e-09 -206.15056706767027 690.2116402116402
-6.0072127899781804e-09 -206.39221107013555 685.667976500496
-6.000171302128373e-09 -206.63442219601285 678.0889111069775
-5.993129815385589e-09 -206.87720244428326 675.2760261656746
-5.986088329746045e-09 -207.12055382333352 661.1982835234788
-5.979046845205962e-09 -207.36447835101137 656.6711154513889
-5.972005361761556e-09 -207.6089780546814 652.388519448578
-5.9649638794090435e-09 -207.85405497128124 639.2219173693783
-5.9579223981446425e-09 -208.09971114737812 626.3109912367725
-5.950880917964568e-09 -208.34594863922575 608.9789031498016
-5.943839438865035e-09 -208.5927695128218 598.1763625372024
-5.936797960842259e-09 -208.8401758439657 596.1638377356151
-5.9297564838924535e-09 -209.08816971831672 588.402576264881
-5.922715008011833e-09 -209.3367532314527 591.4662181712963
-5.915673533196609e-09 -209.58592848892897 588.2668702463625
-5.908632059442997e-09 -209.83569760633793 591.1837565104166
-5.901590586747205e-09 -210.0860627093689 607.2528056795635
-5.894549115105448e-09 -210.33702593386818 625.944240348049
-5.887507644513935e-09 -210.5885894259003 648.8455713665675
-5.880466174968876e-09 -210.8407553418087 668.8490797577712
-5.873424706466482e-09 -211.09352584827755 688.0176943824405
-5.866383239002962e-09 -211.3469031223939 708.5620892237104
-5.8593417725745235e-09 -211.60088935171004 734.5975322420635
-5.852300307177375e-09 -211.85548673430654 749.7976216311177
-5.845258842807724e-09 -212.11069747885554 769.0312112475199
-5.838217379461778e-09 -212.36652380468485 791.2981925843254
-5.831175917135743e-09 -212.62296794184203 813.5051334118717
-5.824134455825824e-09 -212.88003213115945 824.4098953166337
-5.817092995528228e-09 -213.13771862431935 848.1527054398148
-5.810051536239159e-09 -213.3960296839196 853.4378513558202
-5.80301007795482e-09 -213.65496758354024 867.9673884961971
-5.795968620671416e-09 -213.91453460780966 874.9074978298611
-5.7889271643851495e-09 -214.17473305247222 880.5189525462963
-5.781885709092222e-09 -214.43556522445584 899.5773602843915
-5.774844254788837e-09 -214.69703344194008 903.6219773065476
-5.767802801471195e-09 -214.95914003442482 896.8479611028439
-5.760761349135497e-09 -215.22188734279962 907.0613425925926
-5.753719897777944e-09 -215.4852777194133 910.878513558201
-5.746678447394732e-09 -215.7493135281441 911.8356946511243
-5.7396369979820645e-09 -216.0139971444704 903.7530511119378
-5.732595549536138e-09 -216.27933095554215 913.6101939690807
-5.72555410205315e-09 -216.5453173602524 916.532707093254
-5.7185126555292995e-09 -216.81195876930974 921.4718812003969
-5.711471209960782e-09 -217.07925760531108 925.0033120453043
-5.704429765343793e-09 -217.34721630281513 923.5091404183202
-5.697388321674531e-09 -217.61583730841605 931.9834216889881
-5.6903468789491895e-09 -217.8851230808183 942.0295603918651
-5.683305437163962e-09 -218.15507609091136 943.4884362599206
-5.676263996315044e-09 -218.4256988218454 950.4962978463955
-5.669222556398629e-09 -218.69699376910745 958.5477430555555
-5.662181117410909e-09 -218.96896344059812 972.290519593254
-5.655139679348075e-09 -219.2416103567089 981.3729383680555
-5.648098242206323e-09 -219.51493705039974 980.9029741236773
-5.64105680598184e-09 -219.78894606727806 1000.4285094246031
-5.6340153706708185e-09 -220.0636399656772 1008.8525080605159
-5.626973936269448e-09 -220.33902131673645 1011.8258721891534
-5.619932502773919e-09 -220.61509270448107 1023.6655247602513
-5.612891070180419e-09 -220.89185672590315 1028.6493882275133
-5.605849638485138e-09 -221.16931599104313 1044.8940765542327
-5.598808207684261e-09 -221.44747312307183 1051.8429129464287
-5.591766777773978e-09 -221.72633075837297 1047.4121197089946
-5.584725348750474e-09 -222.00589154662663 1052.9775752314815
-5.5776839206099376e-09 -222.28615815089316 1061.432544849537
-5.570642493348551e-09 -222.5671332476978 1071.7596622850529
-5.563601066962501e-09 -222.84881952711564 1084.5619729662699
-5.556559641447972e-09 -223.13121969285774 1093.5943235367063
-5.549518216801147e-09 -223.41433646235762 1110.495582217262
-5.542476793018209e-09 -223.69817256685823 1121.609085648148
-5.535435370095344e-09 -223.98273075149984 1121.9798952132937
-5.528393948028729e-09 -224.26801377540892 1142.945968708664
-5.52135252681455e-09 -224.55402441178663 1170.6007564484128
-5.514311106448985e-09 -224.84076544799942 1189.0538039434523
-5.507269686928216e-09 -225.12823968566894 1196.4372468171296
-5.500228268248422e-09 -225.4164499407638 1224.3556754298943
-5.493186850405783e-09 -225.70539904369116 1240.178287243717
-5.486145433396478e-09 -225.99508983938966 1238.906058821098
-5.479104017216684e-09 -226.28552518742262 1256.7244905340608
-5.47206260186258e-09 -226.57670796207213 1250.3343718998017
-5.465021187330341e-09 -226.86864105243413 1256.7828776041667
-5.457979773616145e-09 -227.1613273625135 1291.9743871941137
-5.450938360716168e-09 -227.4547698113208 1315.1656539351852
-5.443896948626584e-09 -227.7489713329692 1323.2735046709656
-5.436855537343569e-09 -228.04393487677206 1337.9289796213625
-5.4298141268632975e-09 -228.3396634073417 1354.2092375578704
-5.422772717181942e-09 -228.6361599046888 1370.558650586971
-5.415731308295676e-09 -228.9334273643223 1384.626281415344
-5.408689900200671e-09 -229.2314687973504 1407.1188099371693
-5.401648492893101e-09 -229.53028723058208 1402.5606243799602
-5.3946070863691365e-09 -229.8298857066299 1415.597888764881
-5.3875656806249466e-09 -230.130267284013 1435.0172939401455
-5.380524275656703e-09 -230.43143503726117 1447.4096292162699
-5.373482871460576e-09 -230.73339205701993 1457.6080677496693
-5.3664414680327325e-09 -231.0361414501562 1467.701828083664
-5.359400065369343e-09 -231.33968633986476 1481.1144696593915
-5.352358663466574e-09 -231.6440298657757 1507.670578083664
-5.345317262320594e-09 -231.9491751840628 1532.9878110532406
-5.3382758619275695e-09 -232.25512546755246 1541.8843781001983
-5.331234462283667e-09 -232.56188390583378 1567.4857959242725
-5.32419306338505e-09 -232.8694537053695 1595.8607184193122
-5.317151665227886e-09 -233.1778380896074 1612.27130869709
-5.310110267808338e-09 -233.48704029909328 1628.1340267443784
-5.3030688711225715e-09 -233.7970635915842 1641.9751002397486
-5.296027475166749e-09 -234.1079112421631 1666.2810123181216
-5.288986079937031e-09 -234.41958654335417 1674.8038297784392
-5.2819446854295836e-09 -234.7320928052387 1692.454044725529
-5.2749032916405655e-09 -235.04543335557284 1714.501911789021
-5.26786189856614e-09 -235.35961153990525 1747.477626901455
-5.260820506202466e-09 -235.67463072169645 1760.7579468419312
-5.253779114545704e-09 -235.99049428243882 1775.2732566550926
-5.246737723592013e-09 -236.30720562177746 1799.0103701636904
-5.239696333337553e-09 -236.6247681576323 1813.4455863508597
-5.232654943778479e-09 -236.9431853263211 1831.4567780671296
-5.225613554910952e-09 -237.2624605826831 1844.6854487020503
-5.218572166731128e-09 -237.5825974002045 1866.9501488095239
-5.211530779235163e-09 -237.9035992711439 1899.1048022073412
-5.204489392419213e-09 -238.2254697066596 1902.705341641865
-5.197448006279434e-09 -238.54821223693756 1921.5286975033068
-5.190406620811979e-09 -238.87183041132056 1926.7843863673943
-5.183365236013004e-09 -239.19632779843798 1946.248294890873
-5.176323851878662e-09 -239.52170798633745 1964.3002335482804
-5.169282468405106e-09 -239.84797458261679 1984.1299809854497
-5.162241085588488e-09 -240.1751312145574 1996.9454261739418
-5.155199703424961e-09 -240.50318152925877 2021.3973627645503
-5.148158321910674e-09 -240.83212919377402 2041.3967943948412
-5.141116941041781e-09 -241.16197789524634 2045.6078352347884
-5.13407556081443e-09 -241.492731341047 2079.7802372685187
-5.127034181224771e-09 -241.82439325891426 2107.0318803736773
-5.119992802268952e-09 -242.15696739709318 2123.8253864914022
-5.1129514239431236e-09 -242.49045752447702 2152.0680906911375
-5.105910046243432e-09 -242.8248674307497 2189.1453166335978
-5.098868669166026e-09 -243.160200926529 2219.353412285053
-5.0918272927070485e-09 -243.4964618435119 2250.9876508763227
-5.08478591686265e-09 -243.83365403461977 2278.4113446593915
-5.077744541628975e-09 -244.17178137414624 2307.4229600694443
-5.070703167002166e-09 -244.51084775790522 2340.2931030919312
-5.06366179297837e-09 -244.8508571033805 2369.569744130291
-5.05662041955373e-09 -245.1918133498769 2403.9366732804233
-5.049579046724389e-09 -245.53372045867215 2463.4541687334654
-5.042537674486491e-09 -245.8765824131704 2499.965319113757
-5.035496302836176e-09 -246.22040321905706 2530.9690600198414
-5.028454931769587e-09 -246.56518690445455 2562.4382440476193
-5.021413561282864e-09 -246.91093752007976 2588.1038566468255
-5.014372191372147e-09 -247.25765913940276 2617.031890707672
-5.007330822033576e-09 -247.60535585880663 2641.562892691799
-5.000289453263293e-09 -247.9540317977488 2651.2991071428573
-4.993248085057432e-09 -248.303691098924 2657.187117642196
-4.986206717412133e-09 -248.65433792842802 2668.939308449074
-4.979165350323536e-09 -249.0059764759232 2696.289486193783
-4.972123983787774e-09 -249.35861095480573 2726.7780981316137
-4.965082617800985e-09 -249.71224560237337 2749.1056857638887
-4.958041252359305e-09 -250.06688467999544 2783.2302724041006
-4.950999887458868e-09 -250.42253247328412 2794.9374069940477
-4.9439585230958094e-09 -250.7791932922669 2822.878337880291
-4.936917159266263e-09 -251.13687147156077 2861.827628968254
-4.929875795966362e-09 -251.4955713705478 2889.4558118386244
-4.922834433192241e-09 -251.85529737355228 2911.6155030588625
-4.915793070940029e-09 -252.21605389001942 2939.6985057043653
-4.908751709205859e-09 -252.57784535469543 2975.338458994709
-4.901710347985863e-09 -252.94067622780923 3000.5244502314813
-4.894668987276171e-09 -253.30455099525588 3026.52769510582
-4.887627627072913e-09 -253.66947416878136 3039.8069816468255
-4.880586267372216e-09 -254.03545028616912 3071.2165178571427
-4.873544908170212e-09 -254.40248391142805 3107.611214451058
-4.8665035494630295e-09 -254.77057963498223 3115.276785714286
-4.859462191246794e-09 -255.13974207386266 3117.7499483300267
-4.852420833517631e-09 -255.5099758718999 3135.6096436838625
-4.8453794762716706e-09 -255.88128569991883 3147.614345651455
-4.8383381195050374e-09 -256.25367625593526 3153.856491815476
-4.831296763213855e-09 -256.6271522653541 3167.091342179233
-4.8242554073942504e-09 -257.001718481169 3178.626105737434
-4.817214052042346e-09 -257.3773796841643 3187.283709490741
-4.8101726971542664e-09 -257.75414068311807 3178.9814814814813
-4.803131342726135e-09 -258.13200631500774 3189.252449156746
-4.796089988754071e-09 -258.51098144521694 3223.7614810681216
-4.7890486352342e-09 -258.8910709677439 3243.1174871858466
-4.782007282162641e-09 -259.2722798054129 3242.8586722883597
-4.774965929535515e-09 -259.65461291008626 3238.892619460979
-4.767924577348943e-09 -260.03807526287886 3261.1403459821427
-4.7608832255990425e-09 -260.42267187437477 3260.9005146329364
-4.753841874281934e-09 -260.808407784845 3264.6891534391534
-4.746800523393734e-09 -261.1952880644681 3256.34748057209
-4.739759172930563e-09 -261.5833178135521 3244.535610945767
-4.732717822888536e-09 -261.9725021627589 3230.519593253968
-4.7256764732637705e-09 -262.36284627332986 3202.5862061838625
-4.718635124052381e-09 -262.7543553373149 3198.179367146164
-4.711593775250484e-09 -263.1470345778017 3172.3771494708994
-4.704552426854194e-09 -263.5408892491486 3136.840877149471
-4.697511078859625e-09 -263.9359246372188 3100.210462136243
-4.690469731262891e-09 -264.3321460596169 3100.217303240741
-4.6834283840601044e-09 -264.72955886592734 3077.279854910714
-4.676387037247378e-09 -265.1281684379555 3040.806557953042
-4.669345690820824e-09 -265.52798018997015 3019.777302414021
-4.662304344776553e-09 -265.9289995689493 3023.222149884259
-4.655262999110676e-09 -266.3312320548268 3006.536013971561
-4.648221653819303e-09 -266.7346831607425 2967.1168568121693
-4.641180308898543e-09 -267.1393584332941 2938.0541708002647
-4.6341389643445046e-09 -267.54526345279095 2920.6849991732806
-4.627097620153299e-09 -267.95240383351097 2911.997468171296
-4.620056276321031e-09 -268.3607852239595 2889.2220052083335
-4.613014932843808e-09 -268.77041330713035 2866.625671709656
-4.605973589717736e-09 -269.18129380076937 2836.603990988757
-4.598932246938923e-09 -269.5934324576407 2800.7947565310847
-4.591890904503474e-09 -270.00683506579514 2762.039672205688
-4.584849562407493e-09 -270.4215074488413 2731.0720072751324
-4.577808220647083e-09 -270.8374554662187 2693.4875888723545
-4.5707668792183496e-09 -271.25468501347433 2648.5784556878307
-4.563725538117396e-09 -271.6732020225404 2631.5895854001324
-4.556684197340323e-09 -272.09301246201653 2617.13388723545
-4.549642856883234e-09 -272.5141223374525 2590.897373098545
-4.54260151674223e-09 -272.93653769163507 2602.9742063492063
-4.53556017691341e-09 -273.3602646048774 2579.135768022487
-4.528518837392877e-09 -273.78530919531 2589.316323578042
-4.521477498176727e-09 -274.2116776191758 2583.947306960979
-4.514436159261061e-09 -274.63937607112734 2584.5954034391534
-4.507394820641978e-09 -275.0684107845264 2606.538101438492
-4.500353482315574e-09 -275.4987880317473 2587.2156291335978
-4.493312144277946e-09 -275.93051412448244 2593.5641534391534
-4.4862708065251935e-09 -276.36359541405045 2606.448361028439
-4.47922946905341e-09 -276.7980382917084 2604.772331762566
-4.47218813185869e-09 -277.23384918896573 2606.2721354166665
-4.4651467949371305e-09 -277.6710345779016 2615.8414971891534
-4.458105458284824e-09 -278.1096009714856 2611.500671709656
-4.451064121897865e-09 -278.549554923901 2591.5187768683863
-4.444022785772347e-09 -278.9909030308711 2581.4669622189153
-4.436981449904361e-09 -279.4336519299893 2555.976603835979
-4.42994011429e-09 -279.8778083010514 2521.772517774471
-4.4228987789253555e-09 -280.32337886639186 2518.445787863757
-4.415857443806516e-09 -280.7703703912229 2499.5904637896824
-4.4088161089295744e-09 -281.2187896839767 2501.3750516699733
-4.401774774290618e-09 -281.6686435966513 2509.04847676918
-4.394733439885736e-09 -282.11993902515974 2514.95790963955
-4.3876921057110175e-09 -282.57268290968204 2507.2511677414022
-4.38065077176255e-09 -283.0268822350213 2506.0739500661375
-4.37360943803642e-09 -283.4825440309629 2520.945777529762
-4.3665681045287146e-09 -283.93967537263705 2547.943349041005
-4.359526771235519e-09 -284.3982833808851 2562.054728835979
-4.35248543815292e-09 -284.85837522262926 2571.5978112599205
-4.345444105277e-09 -285.31995811124597 2578.6492332175926
-4.338402772603846e-09 -285.7830393069428 2597.688140707672
-4.3313614401295386e-09 -286.24762611713936 2627.462466931217
-4.324320107850163e-09 -286.7137258968514 2638.9562458664022
-4.317278775761801e-09 -287.18134604907914 2642.0477017195767
-4.310237443860532e-09 -287.6504940251993 2658.416625330688
-4.303196112142442e-09 -288.1211773253605 2678.862702546296
-4.296154780603607e-09 -288.59340349888356 2679.05576223545
-4.289113449240109e-09 -289.06718014466463 2706.190372850529
-4.282072118048028e-09 -289.5425149115829 2720.445911871693
-4.2750307870234405e-09 -290.01941549891256 2727.39470692791
-4.267989456162427e-09 -290.49788965673815 2729.0779079861113
-4.2609481254610635e-09 -290.9779451863745 2747.0252976190477
-4.253906794915428e-09 -291.4595899407908 2753.4827525628307
-4.246865464521597e-09 -291.94283182503887 2777.158637152778
-4.239824134275645e-09 -292.4276787966857 2790.2194940476193
-4.232782804173649e-09 -292.9141388662498 2791.296937003968
-4.225741474211683e-09 -293.40222009764295 2797.020595651455
-4.218700144385819e-09 -293.8919306086157 2830.342303240741
-4.211658814692134e-09 -294.3832785712071 2827.53037161045
-4.204617485126699e-09 -294.8762722121996 2835.0798507771165
-4.197576155685584e-09 -295.37091981357815 2824.054212136243
-4.190534826364865e-09 -295.8672297129939 2814.4979125330688
-4.18349349716061e-09 -296.36521030423273 2786.009910300926
-4.176452168068892e-09 -296.8648700376886 2734.6227471891534
-4.169410839085777e-09 -297.3662174208415 2683.873604910714
-4.1623695102073374e-09 -297.86926101874 2633.0779389880954
-4.1553281814296424e-09 -298.3740094544894 2583.412254050926
-4.1482868527487565e-09 -298.88047140974464 2536.335503472222
-4.14124552416075e-09 -299.38865562520743 2498.959521742725
-4.134204195661689e-09 -299.8985709011296 2493.124111276455
-4.12716286724764e-09 -300.41022609782095 2497.9583333333335
-4.120121538914668e-09 -300.92363013616256 2479.631882440476
-4.1130802106588385e-09 -301.43879199812517 2469.45845734127
-4.1060388824762164e-09 -301.95572072729294 2519.6339802414022
-4.098997554362864e-09 -302.47442542939297 2533.9093915343915
-4.0919562263148475e-09 -302.99491527282953 2539.234343998016
-4.084914898328227e-09 -303.5171994892247 2551.6742414847886
-4.077873570399066e-09 -304.0412873739638 2571.123604910714
-4.070832242523424e-09 -304.5671882867475 2602.5421316964284
-4.0637909146973645e-09 -305.0949116521481 2635.8374875992063
-4.056749586916945e-09 -305.62446696017327 2662.905247602513
-4.0497082591782285e-09 -306.15586376683456 2692.243665261243
-4.042666931477272e-09 -306.68911169472256 2722.945426173942
-4.035625603810133e-09 -307.2242204335876 2770.4385127314813
-4.028584276172871e-09 -307.7611997409264 2835.1629050925926
-4.021542948561544e-09 -308.3000594425755 2852.8884548611113
-4.014501620972208e-09 -308.84080943331065 2903.3746279761904
-4.007460293400917e-09 -309.38345967745244 2949.0237061838625
-4.000418965843729e-09 -309.92802020947806 2957.8196821263227
-3.993377638296697e-09 -310.4745011346401 2972.459935102513
-3.986336310755878e-09 -311.0229126295917 2997.11505869709
-3.979294983217324e-09 -311.5732649430182 3015.349681712963
-3.972253655677086e-09 -312.1255683962757 3034.476634837963
-3.96521232813122e-09 -312.67983338403576 3055.9423466435187
-3.958171000575776e-09 -313.23607037493844 3093.923890128968
-3.951129673006806e-09 -313.7942899122508 3106.446170221561
-3.94408834542036e-09 -314.3545026145332 3145.451202876984
-3.93704701781249e-09 -314.9167191763125 3184.4455191798943
-3.930005690179241e-09 -315.4809503687633 3224.7146887400795
-3.922964362516667e-09 -316.04720704039454 3283.291408316799
-3.915923034820813e-09 -316.6155001177463 3325.9099702380954
-3.908881707087728e-09 -317.1858406060914 3384.041687334656
-3.901840379313457e-09 -317.7582395901467 3433.714265046296
-3.894799051494051e-09 -318.33270823479046 3469.3110635747353
-3.887757723625552e-09 -318.9092577857893 3513.6032056051586
-3.880716395704005e-09 -319.48789957053106 3532.2546399636244
-3.873675067725457e-09 -320.0686449987671 3538.1618613591268
-3.866633739685952e-09 -320.6515055633623 3542.89115203373
-3.8595924115815305e-09 -321.2364928410534 3548.3961950231483
-3.8525510834082366e-09 -321.823618493215 3551.792007688492
-3.845509755162116e-09 -322.4128942666344 3561.0705501818784
-3.838468426839206e-09 -323.00433199429614 3591.996703455688
-3.8314270984355485e-09 -323.59794359617274 3618.3693886408732
-3.824385769947184e-09 -324.1937410800263 3644.612857556217
-3.817344441370154e-09 -324.79173654221773 3674.295004546958
-3.810303112700495e-09 -325.39194216852604 3713.8033544146824
-3.8032617839342484e-09 -325.9943702349754 3755.6968936011904
-3.79622045506745e-09 -326.5990331086726 3791.3236297123017
-3.789179126096139e-09 -327.20594324865317 3837.5922102347886
-3.782137797016351e-09 -327.8151132067371 3869.2712880291006
-3.775096467824122e-09 -328.42655562839445 3882.411685681217
-3.768055138515487e-09 -329.0402832536201 3914.327091600529
-3.761013809086484e-09 -329.6563089178183 3925.692336309524
-3.753972479533143e-09 -330.2746455526987 3944.9563492063494
-3.746931149851501e-09 -330.89530618717987 3934.6488508597886
-3.739889820037591e-09 -331.5183039483051 3944.6066881613756
-3.732848490087444e-09 -332.1436520621683 3959.908172123016
-3.725807159997092e-09 -332.77136385484914 3999.6179315476193
-3.7187658297625684e-09 -333.40145275335993 4020.6925843253966
-3.7117244993799006e-09 -334.0339322866039 4048.832465277778
-3.7046831688451214e-09 -334.66881608634196 4076.8768601190477
-3.6976418381542606e-09 -335.30611788817333 4144.319217096561
-3.6906005073033437e-09 -335.94585153252604 4171.621507109789
-3.683559176288402e-09 -336.58803096565805 4188.949322089947
-3.6765178451054633e-09 -337.2326702406714 4207.766079695767
-3.669476513750553e-09 -337.87978351853747 4230.369812334656
-3.6624351822196987e-09 -338.52938506913347 4223.270275297619
-3.6553938505089263e-09 -339.1814892722917 4226.888310185185
-3.6483525186142597e-09 -339.83611061886063 4234.820560515873
-3.6413111865317238e-09 -340.49326371177824 4239.350446428572
-3.6342698542573444e-09 -341.1529632671577 4250.69033151455
-3.6272285217871437e-09 -341.81522411538646 4264.885809358466
-3.6201871891171445e-09 -342.4800612022371 4309.215091765873
-3.6131458562433686e-09 -343.14748958999206 4364.974723048942
-3.606104523161839e-09 -343.8175244585808 4413.012132109789
-3.599063189868575e-09 -344.490181106731 4450.2617600859785
-3.592021856359597e-09 -345.1654749531329 4485.156353339947
-3.5849805226309273e-09 -345.843421537617 4500.56322337963
-3.5779391886785823e-09 -346.5240365223472 4526.827194940476
-3.5708978544985815e-09 -347.20733569302575 4542.945436507936
-3.563856520086943e-09 -347.8933349601144 4565.674871858466
-3.5568151854396834e-09 -348.58205036006916 4542.384031911376
-3.5497738505528195e-09 -349.27349805659003 4547.414372519841
-3.5427325154223683e-09 -349.9676943418855 4559.566881613757
-3.5356911800443453e-09 -350.66465563795197 4563.684027777777
-3.5286498444147633e-09 -351.36439849786956 4574.56712962963
-3.5216085085296393e-09 -352.06693960711146 4606.751922123016
-3.514567172384985e-09 -352.77229578487123 4609.937107308201
-3.5075258359768155e-09 -353.48048398540425 4616.874751984127
-3.50048449930114e-09 -354.1915212993872 4666.965670469577
-3.4934431623539735e-09 -354.9054249552915 4701.804088128307
-3.4864018251313257e-09 -355.6222123207763 4716.2765376984125
-3.479360487629207e-09 -356.3419009040961 4762.157076719577
-3.4723191498436265e-09 -357.0645083555265 4771.334552744709
-3.4652778117705965e-09 -357.790052468807 4769.104538690476
-3.458236473406123e-09 -358.5185511826021 4772.6444899140215
-3.451195134746216e-09 -359.25002258197907 4766.5026455026455
-3.444153795786881e-09 -359.9844848999054 4750.476727843916
-3.4371124565241272e-09 -360.72195651876285 4733.1042080026455
-3.4300711169539586e-09 -361.462455971882 4756.016968419312
-3.423029777072384e-09 -362.20600194509393 4788.924045138889
-3.4159884368754042e-09 -362.9526132783033 4811.9927662037035
-3.408947096359027e-09 -363.702308967078 4817.832795965608
-3.401905755519255e-09 -364.4551081642617 4831.299086474868
-3.3948644143520917e-09 -365.2110301816038 4863.555452215608
-3.3878230728535392e-09 -365.97009449141166 4885.854559358466
-3.3807817310196002e-09 -366.73232072822225 4914.0688244047615
-3.373740388846276e-09 -367.49772869049514 4912.370225694444
-3.3666990463295673e-09 -368.2663383423271 4889.245845734127
-3.3596577034654716e-09 -369.03816981518776 4908.913607804233
-3.3526163602499937e-09 -369.81324340967643 4901.583705357143
-3.345575016679129e-09 -370.5915795973038 4928.627066798942
-3.3385336727488755e-09 -371.37319902229285 4957.479021990741
-3.3314923284552322e-09 -372.15812250340446 4966.404265873016
-3.3244509837941954e-09 -372.94637103578617 5049.515397652116
-3.3174096387617632e-09 -373.73796579284385 5063.73119212963
-3.3103682933539296e-09 -374.53292812813805 5064.321056547619
-3.3033269475666897e-09 -375.3312795773037 5050.5008060515875
-3.296285601396039e-09 -376.13304185999476 5030.263310185185
-3.2892442548379716e-09 -376.9382368818545 4985.232928240741
-3.282202907888481e-09 -377.7468867365102 4921.774574239418
-3.2751615605435565e-09 -378.5590137075944 4915.1781167328045
-3.268120212799196e-09 -379.3746402707905 4882.140707671958
-3.261078864651389e-09 -380.1937890959083 4865.472036210317
-3.2540375160961234e-09 -381.01648304898333 4861.110263723545
-3.2469961671293927e-09 -381.8427451944038 4848.09447337963
-3.239954817747184e-09 -382.67259879706756 4871.0529307209
-3.2329134679454894e-09 -383.5060673245646 4928.154927248677
-3.225872117720295e-09 -384.34317444939 4966.544642857143
-3.2188307670675894e-09 -385.1839440511847 4981.309131117725
-3.21178941598336e-09 -386.02840021900676 4998.136057374339
-3.2047480644635937e-09 -386.8765672536313 4929.603835978836
-3.197706712504275e-09 -387.72846966988277 4897.017237103175
-3.190665360101389e-09 -388.58413219899575 4915.987950562169
-3.183624007250923e-09 -389.4435797910083 4880.540178571428
-3.1765826539488587e-09 -390.30683761718836 4875.244708994709
-3.1695413001911803e-09 -391.1739310724898 4928.312954695767
-3.162499945973872e-09 -392.0448857780432 4911.740492724868
-3.155458591292913e-09 -392.9197275836801 4879.800326554233
-3.1484172361442873e-09 -393.79848257048934 4841.943865740741
-3.1413758805239747e-09 -394.68117705340995 4779.942191633598
-3.1343345244279563e-09 -395.5678375838573 4735.675140542328
-3.1272931678522124e-09 -396.45849095238583 4675.550574570106
-3.1202518107927214e-09 -397.3531641913875 4618.162450396825
-3.1132104532454597e-09 -398.25188457782673 4530.075727513227
-3.1061690952064085e-09 -399.15467963601174 4484.347738921958
-3.099127736671544e-09 -400.06157714040586 4473.623553240741
-3.0920863776368424e-09 -400.9726051184753 4419.180431547619
-3.085045018098279e-09 -401.8877918535765 4376.691964285715
-3.0780036580518305e-09 -402.807165887883 4328.728071263227
-3.070962297493471e-09 -403.7307560253531 4198.890418320106
-3.063920936419176e-09 -404.65859133473776 4071.5196552579364
-3.0568795748249162e-09 -405.590701152631 3938.4980985449733
-3.049838212706668e-09 -406.52711508656074 3732.453125
-3.042796850060399e-09 -407.46786301812546 3542.042886078042
-3.035755486882087e-09 -408.41297510617056 3403.3899739583335
-3.028714123167697e-09 -409.36248179001393 3382.5585007440477
-3.021672758913204e-09 -410.3164137927115 3444.761253720238
-3.0146313941145744e-09 -411.274802124373 3570.579695767196
-3.00759002876778e-09 -412.2376780855208 3788.7517981150795
-3.0005486628687866e-09 -413.2050732704989 4096.400834986773
-2.9935072964135656e-09 -414.1770195709271 4434.59730489418
-2.9864659293980807e-09 -415.15354917920774 4727.860284391534
-2.9794245618183015e-09 -416.1346945920779 4977.042307374339
-2.9723831936701912e-09 -417.12048861421613 5189.349206349207
-2.9653418249497188e-09 -418.11096436189695 5341.987289186508
-2.958300455652845e-09 -419.1061552667013 5462.170490244709
-2.951259085775537e-09 -420.1060950792758 5542.983093584656
-2.944217715313757e-09 -421.1108178731504 5571.019965277777
-2.9371763442634678e-09 -422.1203580486073 5559.146040013227
-2.930134972620632e-09 -423.13475033660785 5557.697337962963
-2.9230936003812124e-09 -424.15402980277526 5594.7694899140215
-2.9160522275411675e-09 -425.17823185143584 5624.751818783069
-2.9090108540964614e-09 -426.20739222971696 5653.738033234127
-2.901969480043049e-09 -427.24154703170825 5694.055514219577
-2.894928105376895e-09 -428.2807327026788 5729.473999669312
-2.8878867300939526e-09 -429.32498604336126 5769.386388062169
-2.8808453541901837e-09 -430.3743442142935 5809.211082175926
-2.8738039776615427e-09 -431.42884474022907 5845.496631117725
-2.866762600503988e-09 -432.48852551460845 5892.8416005291
-2.8597212227134748e-09 -433.5534248040996 5938.9335524140215
-2.85267984428596e-09 -434.6235812532033 5966.209821428572
-2.8456384652173953e-09 -435.6990338889292 6005.098813657408
-2.8385970855037388e-09 -436.77982212553826 6087.601479828042
-2.8315557051409403e-09 -437.86598576936046 6192.724516369048
-2.824514324124955e-09 -438.9575650236796 6304.278273809524
-2.8174729424517336e-09 -440.0546004936955 6386.367042824074
-2.8104315601172302e-09 -441.15713319155776 6459.008453207672
-2.8033901771173924e-09 -442.2652045414782 6532.426607969577
-2.7963487934481735e-09 -443.37885638491724 6583.449115410053
-2.7893074091055212e-09 -444.49813098585236 6626.010850694444
-2.782266024085386e-09 -445.6230710361233 6635.100777116402
-2.7752246383837154e-09 -446.7537196608616 6588.801235945767
-2.7681832519964584e-09 -447.89012042400026 6524.403852513227
-2.7611418649195606e-09 -449.03231733387025 6533.420944940476
-2.7541004771489697e-09 -450.18035484888054 6502.049954530423
-2.7470590886806313e-09 -451.3342778832874 6434.080625826719
-2.7400176995104905e-09 -452.49413181305164 6413.557064318783
-2.732976309634492e-09 -453.65996248178624 6445.751240079365
-2.7259349190485826e-09 -454.8318162067968 6467.563492063492
-2.7188935277487007e-09 -456.00973978521654 6475.08097718254
-2.711852135730793e-09 -457.1937805002338 6518.32138723545
-2.7048107429907988e-09 -458.3839861274213 6545.3942625661375
-2.6977693495246624e-09 -459.5804049411601 6578.440724206349
-2.6907279553283232e-09 -460.78308572116816 6630.778025793651
-2.6836865603977228e-09 -461.9920777591291 6652.055679563492
-2.6766451647287986e-09 -463.207430865427 6613.124338624339
-2.669603768317492e-09 -464.4291953759866 6586.687582671958
-2.662562371159739e-09 -465.65742215922376 6578.010747354498
-2.65552097325148e-09 -466.8921626231044 6560.1262607473545
-2.6484795745886483e-09 -468.1334687223185 6497.376405423281
-2.6414381751671854e-09 -469.38139296556534 6422.406849371693
-2.634396774983022e-09 -470.6359884229607 6420.846002810847
-2.627355374032097e-09 -471.8973087335569 6439.766782407408
-2.6203139723103437e-09 -473.16540811299024 6457.688347387566
-2.6132725698136967e-09 -474.44034136124736 6493.299065806878
-2.606231166538088e-09 -475.7221638705605 6514.103091931217
-2.5991897624794505e-09 -477.01093163342927 6564.287223048942
-2.592148357633719e-09 -478.30670125077353 6604.663525132275
-2.585106951996821e-09 -479.60952994022165 6614.271143353175
-2.578065545564689e-09 -480.91947554453054 6612.292286706349
-2.5710241383332537e-09 -482.2365965401478 6641.135168650793
-2.563982730298443e-09 -483.5609520459129 6601.395543981482
-2.5569413214561875e-09 -484.89260183190277 6587.127996858466
-2.5498999118024144e-09 -486.2316063284239 6574.186611276455
-2.542858501333053e-09 -487.5780266351538 6570.8989335317465
-2.5358170900440276e-09 -488.93192453043525 6639.28623098545
-2.528775677931264e-09 -490.293362480725 6692.368592923281
-2.5217342649906934e-09 -491.66240365019985 6733.375971395502
-2.514692851218236e-09 -493.03911191052873 6781.008122519841
-2.5076514366098167e-09 -494.423551850803 6795.383411871693
-2.50061002116136e-09 -495.815788787639 6785.847408234127
-2.4935686048687897e-09 -497.2158887754501 6747.720362103175
-2.486527187728027e-09 -498.6239186168941 6704.308139054233
-2.479485769734996e-09 -500.0399458734974 6665.892671130952
-2.4724443508856142e-09 -501.4640388764628 6653.305782903439
-2.4654029311758073e-09 -502.8962667376587 6615.629588293651
-2.458361510601489e-09 -504.33669936080366 6618.9455811838625
-2.451320089158585e-09 -505.7854074528349 6615.304625496032
-2.444278666843009e-09 -507.24246253548256 6637.3109292328045
-2.437237243650682e-09 -508.70793695703725 6630.819692460317
-2.430195819577521e-09 -510.18190390432636 6652.752356150793
-2.4231543946194416e-09 -511.66443741489803 6660.8062582671955
-2.41611296877236e-09 -513.1556123894177 6614.477492559524
-2.409071542032194e-09 -514.655504604282 6582.334490740741
-2.4020301143948554e-09 -516.1641907244566 6578.111999834656
-2.3949886858562606e-09 -517.681748316537 6581.106378141534
-2.3879472564123216e-09 -519.2082558620439 6607.5853587962965
-2.380905826058954e-09 -520.7437927709512 6565.956163194444
-2.373864394792066e-09 -522.2884393954592 6557.763620205026
-2.3668229626075718e-09 -523.8422770440076 6500.912925760582
-2.3597815295013833e-09 -525.4053879955447 6455.042183366402
-2.3527400954694105e-09 -526.9778555140514 6388.51136739418
-2.3456986605075614e-09 -528.559763863325 6347.615368716931
-2.3386572246117456e-09 -530.151198322032 6261.879918981482
-2.3316157877778723e-09 -531.7522451990325 6196.278211805556
-2.32457435000185e-09 -533.3629918489842 6093.378534226191
-2.3175329112795834e-09 -534.9835266882309 5991.377480158731
-2.3104914716069825e-09 -536.6139392109789 5872.212239583333
-2.3034500309799512e-09 -538.2543200057747 5720.617559523809
-2.2964085893943943e-09 -539.9047607722822 5582.7158771494705
-2.2893671468462174e-09 -541.5653543383697 5468.811383928572
-2.282325703331324e-09 -543.2361946775162 5410.1517650462965
-2.2752842588456177e-09 -544.9173769265373 5411.6604249338625
-2.2682428133850017e-09 -546.608997403643 5435.419911541006
-2.261201366945376e-09 -548.3111536268345 5520.5590897817465
-2.2541599195226453e-09 -550.0239443326412 5596.119150958994
-2.2471184711127076e-09 -551.7474694952157 5642.6799561838625
-2.2400770217114648e-09 -553.4818303457841 5655.759672619048
-2.233035571314814e-09 -555.2271293924682 5634.663380456349
-2.225994119918657e-09 -556.9834704404794 5633.493634259259
-2.2189526675188905e-09 -558.7509586127029 5560.744481646825
-2.2119112141114118e-09 -560.52970037067 5547.3239500661375
-2.204869759692118e-09 -562.3198035359343 5567.354083994709
-2.197828304256906e-09 -564.1213773118595 5570.451140873016
-2.1907868478016714e-09 -565.9345323058263 5566.078269675926
-2.1837453903223092e-09 -567.7593805518693 5623.179460152116
-2.1767039318147123e-09 -569.5960355337537 5671.085482804233
-2.1696624722747766e-09 -571.4446122084996 5681.823288690476
-2.162621011698392e-09 -573.3052270303697 5684.430555555556
-2.155579550081455e-09 -575.177997975321 5692.727947255291
-2.1485380874198546e-09 -577.0630445659452 5664.709346064815
-2.141496623709483e-09 -578.9604878968944 5609.854600694444
-2.1344551589462286e-09 -580.8704506608136 5598.797557043651
-2.1274136931259845e-09 -582.793057174786 5584.047309027777
-2.120372226244638e-09 -584.7284334073086 5562.262380125661
-2.1133307582980786e-09 -586.6767070058035 5527.642857142857
-2.1062892892821922e-09 -588.6380073246839 5499.463458994709
-2.099247819192869e-09 -590.6124654539815 5465.635830026455
-2.092206348025993e-09 -592.600214248557 5431.874875992064
-2.0851648757774507e-09 -594.6013883578972 5426.932208994709
-2.078123402443129e-09 -596.6161242565212 5425.35582010582
-2.0710819280189107e-09 -598.6445602750069 5399.163587136243
-2.0640404525006803e-09 -600.6868366316506 5356.089533730159
-2.056998975884321e-09 -602.7430954647783 5324.622271825397
-2.0499574981657177e-09 -604.8134808657219 5279.758225859789
-2.0429160193407497e-09 -606.8981389124807 5236.328000992064
-2.0358745394052988e-09 -608.9972177040761 5186.697275958994
-2.0288330583552468e-09 -611.1108673956254 5127.836578207672
-2.021791576186473e-09 -613.2392402341485 5084.604786706349
-2.0147500928948584e-09 -615.3824905951235 5088.81958912037
-2.007708608476279e-09 -617.5407750198144 5093.864273313492
-2.0006671229266166e-09 -619.7142522533826 5101.904865244709
-1.9936256362417457e-09 -621.9030832838126 5028.193493716931
-1.986584148417543e-09 -624.1074313816596 5003.673342427249
-1.9795426594498883e-09 -626.3274621406464 4968.109581679894
-1.972501169334655e-09 -628.5633435191352 4907.519407242064
-1.9654596780677166e-09 -630.815245882484 4812.39060433201
-1.9584181856449494e-09 -633.0833420463197 4773.36330191799
-1.9513766920622265e-09 -635.3678073207495 4733.527447089947
-1.9443351973154205e-09 -637.6688195555308 4680.897424768518
-1.937293701400405e-09 -639.9865591862266 4627.45134755291
-1.93025220431305e-09 -642.3212092813732 4591.894221230159
-1.923210706049227e-09 -644.6729555906803 4566.814091435185
-1.9161692066048066e-09 -647.0419865942982 4479.093894675926
-1.9091277059756583e-09 -649.4284935531717 4435.025256283069
-1.9020862041576534e-09 -651.8326705605141 4406.585400132275
-1.8950447011466555e-09 -654.2547145944312 4353.1811755952385
-1.8880031969385383e-09 -656.6948255717153 4279.871775793651
-1.880961691529163e-09 -659.1532064028597 4184.154668898809
-1.8739201849144013e-09 -661.6300630482984 4120.084945436508
-1.866878677090115e-09 -664.125604575935 4046.088531332672
-1.8598371680521721e-09 -666.6400432199634 3989.358382936508
-1.8527956577964357e-09 -669.1735944410412 3960.919911541005
-1.8457541463187705e-09 -671.7264769878338 3916.052341683201
-1.8387126336150374e-09 -674.298912959976 3842.9336867559523
-1.8316711196811034e-09 -676.8911278724821 3794.862702546296
-1.8246296045128257e-09 -679.5033507216556 3743.865844080688
-1.817588088106068e-09 -682.1358140525191 3651.7178096064813
-1.8105465704566926e-09 -684.7887540278273 3609.7141823743386
-1.8035050515605554e-09 -687.4624104986959 3568.8692956349205
-1.7964635314135175e-09 -690.1570270768844 3493.5260726686506
-1.7894220100114387e-09 -692.8728512087927 3410.6188512731483
-1.7823804873501762e-09 -695.6101342512106 3368.7863859953704
-1.7753389634255864e-09 -698.369131548868 3335.762204447751
-1.7682974382335278e-09 -701.1501025138375 3279.1688368055557
-1.761255911769854e-09 -703.9533107068465 3202.742146164021
-1.7542143840304238e-09 -706.7790239205401 3186.4845713458994
-1.7471728550110882e-09 -709.6275142647668 3107.972666583995
-1.7401313247077034e-09 -712.4990582539255 3061.660610945767
-1.7330897931161219e-09 -715.3939368964487 3026.6193989748676
-1.726048260232199e-09 -718.3124357864726 2981.339347718254
-1.7190067260517825e-09 -721.2548451977646 2951.52326182209
-1.7119651905707272e-09 -724.2214601799593 2910.77060598545
-1.7049236537848812e-09 -727.2125806571931 2851.342716600529
-1.697882115690098e-09 -730.2285115291795 2822.3514694940477
-1.6908405762822248e-09 -733.2695627748217 2768.2869853670636
-1.683799035557111e-09 -736.3360495584162 2738.054015790344
-1.676757493510604e-09 -739.4282923385388 2713.7286086309523
-1.6697159501385526e-09 -742.54661697968 2699.1506799768517
-1.6626744054368021e-09 -745.6913548667244 2662.1347449570108
-1.6556328594012004e-09 -748.8628430223432 2628.858351934524
-1.6485913120275907e-09 -752.0614242274039 2573.408761160714
-1.6415497633118229e-09 -755.2874471444692 2521.64630869709
-1.634508213249734e-09 -758.5412664445026 2489.411603009259
-1.627466661837174e-09 -761.823242936843 2443.3882998511904
-1.6204251090699817e-09 -765.133743702591 2411.435040509259
-1.6133835549440002e-09 -768.4731422314694 2402.577101934524
-1.6063419994550717e-09 -771.8418185622942 2366.851645171958
-1.5993004425990382e-09 -775.2401594271528 2335.938430059524
-1.5922588843717395e-09 -778.6685583994094 2281.5437334656085
-1.5852173247690125e-09 -782.1274160456554 2242.2003761574074
-1.5781757637866973e-09 -785.6171400817233 2213.6885437334654
-1.5711342014206358e-09 -789.1381455329 2181.9061156580688
-1.5640926376666607e-09 -792.690854898474 2123.9660011574074
-1.5570510725206132e-09 -796.275698320731 2098.205553488757
-1.5500095059783252e-09 -799.8931137585759 2082.2803406084654
-1.5429679380356378e-09 -803.5435471658892 2035.469638723545
-1.53592636868838e-09 -807.2274526748115 2003.6957465277778
-1.5288847979323908e-09 -810.9452927840687 1960.4972666583994
-1.5218432257635007e-09 -814.6975385525485 1914.7383484209656
-1.5148016521775456e-09 -818.4846697982582 1895.8179150132275
-1.507760077170355e-09 -822.3071753028717 1869.0407624421296
-1.5007185007377625e-09 -826.1655530220228 1833.208912037037
-1.493676922875596e-09 -830.0603103015585 1788.6204788773148
-1.486635343579693e-09 -833.9919640999245 1764.8027447089946
-1.4795937628458752e-09 -837.9610412169228 1748.3865792410713
-1.4725521806699787e-09 -841.9680785290025 1685.7752459490741
-1.465510597047824e-09 -846.0136232313675 1656.944351438492
-1.4584690119752456e-09 -850.0982330870654 1634.7311456266534
-1.4514274254480674e-09 -854.2224766833555 1613.7199487433863
-1.4443858374621155e-09 -858.3869336955569 1581.4244739996693
-1.4373442480132183e-09 -862.5921951586593 1534.6484736689815
-1.430302657097199e-09 -866.8388637469604 1513.257347470238
-1.4232610647098807e-09 -871.1275540619987 1488.0793392443784
-1.4162194708470888e-09 -875.4588929290761 1481.8969700727514
-1.4091778755046464e-09 -879.8335197026774 1449.418464781746
-1.4021362786783764e-09 -884.2520865810867 1417.908275462963
-1.3950946803640971e-09 -888.7152589305377 1399.0144830935847
-1.3880530805576364e-09 -893.2237156192185 1378.3254691633597
-1.3810114792548076e-09 -897.7781493615186 1365.6394107556216
-1.3739698764514347e-09 -902.3792670728315 1348.9175657242063
-1.3669282721433345e-09 -907.0277902353504 1322.5594359705688
-1.3598866663263273e-09 -911.7244552752118 1308.7750599371693
-1.3528450589962286e-09 -916.4700139514282 1289.6143869874338
-1.3458034501488587e-09 -921.2652337570215 1271.9074849123676
-1.3387618397800318e-09 -926.1108983328277 1250.1540126901455
-1.3317202278855645e-09 -931.0078078944182 1236.2650669642858
-1.3246786144612694e-09 -935.9567796726476 1228.3060154183202
-1.3176369995029642e-09 -940.9586483683173 1207.0360294725529
-1.310595383006462e-09 -946.0142666215094 1203.7492352843915
-1.3035537649675733e-09 -951.1245054961245 1199.8065217840608
-1.2965121453821147e-09 -956.2902549802045 1187.6406301669974
-1.2894705242458959e-09 -961.5124245026655 1180.7119605654761
-1.2824289015547264e-09 -966.7919434670393 1163.4644872271826
-1.2753872773044212e-09 -972.1297618028987 1148.1646205357142
-1.2683456514907847e-09 -977.5268505356661 1139.6072978670634
-1.2613040241096286e-09 -982.9842023754862 1131.4137163111773
-1.2542623951567623e-09 -988.5028323259539 1124.3851996527778
-1.2472207646279906e-09 -994.0837783134591 1108.8692749669312
-1.2401791325191248e-09 -999.7281018379615 1096.265433821098
-1.2331374988259674e-09 -1005.4368886460837 1092.6451099537037
-1.2260958635443245e-09 -1011.2112494273764 1094.1975394758597
-1.2190542266700032e-09 -1017.0523205347275 1090.8182973710318
-1.2120125881988078e-09 -1022.9612647298856 1068.6449756117725
-1.2049709481265421e-09 -1028.9392719551195 1063.803989955357
-1.197929306449006e-09 -1034.9875601320991 1060.3457857969577
-1.1908876631620068e-09 -1041.1073759891053 1054.9121042080026
-1.1838460182613409e-09 -1047.29999591779 1041.0649749917327
-1.1768043717428155e-09 -1053.5667268606608 1048.357132523148
-1.1697627236022266e-09 -1059.908907230658 1043.8401951058202
-1.1627210738353723e-09 -1066.327907864119 1019.2916666666666
-1.1556794224380582e-09 -1072.825133008585 1024.4498284556878
-1.1486377694060763e-09 -1079.4020213469707 1027.1085637814153
-1.1415961147352305e-09 -1086.0600470595944 1019.1905588624338
-1.1345544584213117e-09 -1092.8007209258037 1022.8281198330027
-1.1275128004601197e-09 -1099.6255914668418 1026.37287119709
-1.1204711408474495e-09 -1106.5362461318377 1025.7147507440477
-1.1134294795790942e-09 -1113.5343125287893 1018.0345258763227
-1.1063878166508532e-09 -1120.6214597025482 1026.951869419643
-1.099346152058513e-09 -1127.799399461948 1023.1661241319445
-1.0923044857978726e-09 -1135.0698877582226 1017.271892567791
-1.0852628178647244e-09 -1142.4347261171329 1029.999038938492
-1.0782211482548553e-09 -1149.8957631271924 1018.0143849206349
-1.0711794769640612e-09 -1157.4548959865779 1031.4036975033068
-1.0641378039881307e-09 -1165.1140721114946 1046.7543092757937
-1.057096129322852e-09 -1172.8752908087974 1035.576724743717
-1.050054452964016e-09 -1180.7406050159213 1042.051437458664
-1.0430127749074093e-09 -1188.7121231112994 1049.7316829943784
-1.0359710951488207e-09 -1196.7920107986092 1054.405929646164
-1.0289294136840378e-09 -1204.9824930683956 1073.5080553488756
-1.021887730508844e-09 -1213.2858562408037 1067.0085927166006
-1.014846045619029e-09 -1221.704450093338 1063.726722676918
-1.0078043590103758e-09 -1230.2406900778544 1081.2689008763227
-1.0007626706786693e-09 -1238.8970596311242 1092.656947544643
-9.937209806196896e-10 -1247.6761125836576 1090.7462797619048
-9.866792888292244e-10 -1256.5804756716523 1104.0984054646165
-9.796375953030542e-10 -1265.612851157315 1100.4333819031085
-9.725959000369612e-10 -1274.776019562983 1106.3132698826057
-9.655542030267225e-10 -1284.0728425249067 1117.3143291170634
-9.585125042681225e-10 -1293.5062657728001 1125.6506644758597
-9.5147080375694e-10 -1303.0793222417371 1131.1908017113096
-9.444291014889563e-10 -1312.7951353232338 1140.3948464368386
-9.373873974599434e-10 -1322.6569222628955 1148.3904751570767
-9.303456916656828e-10 -1332.6679977123258 1165.4049065806878
-9.233039841019495e-10 -1342.8317774436175 1173.8265232308202
-9.162622747645237e-10 -1353.1517822350916 1183.3214182374338
-9.092205636491764e-10 -1363.6316419376415 1188.9226810515872
-9.021788507516862e-10 -1374.2750997314674 1202.115714905754
-8.951371360678235e-10 -1385.0860165837796 1210.7593729332011
-8.88095419593361e-10 -1396.068375918536 1237.6407438409392
-8.810537013240774e-10 -1407.2262885101304 1237.074683779762
-8.740119812557425e-10 -1418.563997613675 1251.2661882027116
-8.669702593841243e-10 -1430.085884345271 1270.9413287450398
-8.599285357049979e-10 -1441.7964733266247 1277.7801649305557
-8.528868102141288e-10 -1453.7004386093333 1295.3716879546957
-8.45845082907289e-10 -1465.8026098950443 1306.8689339451057
-8.388033537802475e-10 -1478.1079790689682 1299.802543196098
-8.317616228287748e-10 -1490.6217070652542 1294.0597976603835
-8.247198900486311e-10 -1503.3491310841125 1309.0489572999338
-8.176781554355921e-10 -1516.2957721817918 1320.0552300347222
-8.106364189854154e-10 -1529.4673432562633 1340.8886770419974
-8.035946806938723e-10 -1542.86975745265 1351.3187262318122
-7.96552940556725e-10 -1556.5091370146056 1364.437779017857
-7.895111985697367e-10 -1570.391822609316 1373.4391431051588
-7.824694547286723e-10 -1584.5243831560424 1392.9293413111773
-7.754277090292926e-10 -1598.9136261902115 1421.2325045469577
-7.68385961467363e-10 -1613.5666087973634 1437.2924933862435
-7.61344212038641e-10 -1628.4906491539307 1460.7202587632275
-7.543024607388902e-10 -1643.6933387144004 1470.117724867725
-7.472607075638668e-10 -1659.1825550876135 1500.0059782159392
-7.402189525093339e-10 -1674.9664756479744 1531.772228422619
-7.331771955710476e-10 -1691.053591931105 1545.6883577215608
-7.261354367447665e-10 -1707.452724867074 1579.238369088955
-7.190936760262478e-10 -1724.1730409087045 1599.0875289351852
-7.120519134112472e-10 -1741.2240691168831 1623.5607277199074
-7.050101488955232e-10 -1758.6157192697788 1641.7930204199736
-6.979683824748255e-10 -1776.3583010683344 1658.6626880787037
-6.909266141449152e-10 -1794.4625445161234 1687.0352854249338
-6.838848439015405e-10 -1812.9396215584147 1717.3743644593253
-6.768430717404595e-10 -1831.801169071907 1732.694816468254
-6.698012976574187e-10 -1851.0593133047835 1763.4567935681216
-6.627595216481748e-10 -1870.7266958747116 1799.2467292906747
-6.557177437084766e-10 -1890.8165014421384 1846.820400338955
-6.486759638340736e-10 -1911.3424871860004 1875.4656808035713
-6.416341820207178e-10 -1932.319014220413 1909.6445932539682
-6.34592398264158e-10 -1953.7610811031063 1951.641121031746
-6.27550612560139e-10 -1975.684359599886 1998.4408482142858
-6.205088249044139e-10 -1998.1052328842954 2037.5799851190477
-6.134670352927244e-10 -2021.0408363683084 2064.986214451058
-6.064252437208207e-10 -2044.509101377678 2131.7957175925926
-5.993834501844443e-10 -2068.5288019061354 2178.472769923942
-5.923416546793437e-10 -2093.1196047044273 2207.8195271164022
-5.852998572012618e-10 -2118.302122985246 2266.1451822916665
-5.7825805774594e-10 -2144.0979740521384 2323.2570684523807
-5.712162563091251e-10 -2170.5298411910553 2388.2896928736773
-5.641744528865584e-10 -2197.621540197064 2429.190052496693
-5.571326474739771e-10 -2225.3980909462066 2515.3914930555557
-5.500908400671287e-10 -2253.8857944645906 2591.2650049603176
-5.430490306617465e-10 -2283.112315993922 2670.0413049768517
-5.360072192535737e-10 -2313.1067746045624 2747.8473565641534
-5.289654058383489e-10 -2343.8998399666393 2796.972511574074
-5.219235904118098e-10 -2375.5238369550043 2868.055173197751
-5.148817729696931e-10 -2408.0128588381276 2976.3884548611113
-5.07839953507734e-10 -2441.402889884111 3058.7354910714284
-5.007981320216716e-10 -2475.731938310707 3150.3421688988096
-4.937563085072397e-10 -2511.040180612123 3277.7043340773807
-4.867144829601732e-10 -2547.370118414676 3379.5862475198414
-4.796726553762043e-10 -2584.766749148946 3496.406859705688
-4.726308257510691e-10 -2623.27775197932 3648.4496631117727
-4.655889940804985e-10 -2662.9536906064204 3815.9127397486773
-4.585471603602228e-10 -2703.8482347560644 3964.4402488425926
-4.5150532458597685e-10 -2746.018402394943 4127.5922619047615
-4.4446348675348574e-10 -2789.5248249718475 4287.234147652116
-4.374216468584852e-10 -2834.4320382788655 4443.861400462963
-4.30379804896699e-10 -2880.808801867422 4593.073454034392
-4.233379608638615e-10 -2928.7284503435003 4747.069196428572
-4.162961147556934e-10 -2978.2692803174614 4958.548218419312
-4.0925426656792776e-10 -3029.514977302274 5133.632936507936
-4.022124162962851e-10 -3082.555087456771 4452.731605489418
-3.9517056393649696e-10 -3137.485539767163 3021.9597904265875
