string
20201021_9_degreeper_secondprocessedoffset angle 0.11507597945424757 in rad by: offset_angle in degree:_7.9offset 0th. order in px_-131
nm eV  counts
1.1482216565594648e-08 107.97931941185128 2060.6502149470903
1.1489970530507056e-08 107.90644996003134 3086.630876598325
1.149772438157784e-08 107.83367986094045 3936.5163414903
1.1505478118804358e-08 107.76100891157385 4064.156332671958
1.1513231742183954e-08 107.68843690947958 4051.0269235008823
1.1520985251713985e-08 107.61596365275636 4023.526441247796
1.1528738647391797e-08 107.54358894005199 4058.715346671076
1.1536491929214742e-08 107.47131257056122 4064.4303902116403
1.1544245097180165e-08 107.39913434402412 4078.807388117284
1.155199815128541e-08 107.32705406072412 4092.6401289682544
1.155975109152783e-08 107.2550715214861 4103.767981150794
1.1567503917904762e-08 107.18318652767474 4108.705839395944
1.1575256630413554e-08 107.1113988811925 4104.513062169312
1.1583009229051544e-08 107.03970838447798 4111.67438271605
1.1590761713816078e-08 106.96811484050393 4116.9192294973545
1.1598514084704497e-08 106.89661805277557 4142.935474537037
1.1606266341714136e-08 106.82521782532878 4136.199501212523
1.1614018484842337e-08 106.75391396272825 4155.459311618166
1.1621770514086437e-08 106.68270627006575 4170.537781084657
1.1629522429443772e-08 106.61159455295832 4165.784281305115
1.1637274230911677e-08 106.54057861754657 4171.934454916226
1.1645025918487488e-08 106.4696582704928 4190.979869378307
1.1652777492168536e-08 106.39883331897937 4196.020723104057
1.1660528951952155e-08 106.32810357070683 4204.059744268078
1.1668280297835674e-08 106.25746883389236 4225.906842482364
1.1676031529816427e-08 106.18692891726779 4234.468901565256
1.1683782647891742e-08 106.11648363007808 4243.031718474427
1.1691533652058948e-08 106.04613278207952 4242.082575507055
1.1699284542315368e-08 105.97587618353808 4260.913869598766
1.1707035318658336e-08 105.9057136452275 4272.021536044974
1.1714785981085173e-08 105.8356449784279 4278.315834435626
1.17225365295932e-08 105.76566999492385 4284.385747354498
1.1730286964179746e-08 105.6957885070028 4312.853973765433
1.1738037284842131e-08 105.62600032745333 4315.985036375661
1.1745787491577677e-08 105.55630526956355 4313.717206790124
1.1753537584383702e-08 105.4867031471194 4308.4574790564375
1.1761287563257526e-08 105.41719377440297 4305.879767416226
1.1769037428196471e-08 105.34777696619086 4333.613522376543
1.177678717919785e-08 105.27845253775261 4340.219976300706
1.178453681625898e-08 105.20922030484896 4322.676780202823
1.179228633937718e-08 105.14008008373021 4319.027088844798
1.1800035748549756e-08 105.07103169113475 4324.297977292769
1.1807785043774027e-08 105.00207494428724 4310.8012290564375
1.1815534225047307e-08 104.93320966089709 4336.469562940917
1.1823283292366903e-08 104.86443565915694 4342.975363756614
1.1831032245730126e-08 104.7957527577409 4310.939566798942
1.1838781085134286e-08 104.72716077580304 4309.387607473545
1.1846529810576691e-08 104.65865953297582 4289.440793099648
1.1854278422054648e-08 104.59024884936845 4272.617876432981
1.1862026919565461e-08 104.5219285455654 4285.468336640212
1.1869775303106438e-08 104.45369844262473 4234.366319444444
1.1877523572674883e-08 104.38555836207658 4235.274539792769
1.1885271728268098e-08 104.31750812592168 4249.881227954145
1.1893019769883384e-08 104.24954755662965 4248.43005952381
1.1900767697518042e-08 104.1816764771376 4257.916184413581
1.1908515511169374e-08 104.1138947108485 4246.672798170194
1.1916263210834678e-08 104.04620208162969 4267.8517002865965
1.1924010796511253e-08 103.97859841381135 4232.899787808642
1.1931758268196392e-08 103.911083532185 4234.030740189594
1.1939505625887397e-08 103.8436572620019 4253.893918099648
1.1947252869581557e-08 103.7763194289717 4274.26242835097
1.195499999927617e-08 103.70906985926074 4250.711185515874
1.1962747014968526e-08 103.64190837949074 4247.79334766314
1.197049391665592e-08 103.5748348167372 4246.127714395944
1.197824070433564e-08 103.50784899852795 4263.030271715168
1.1985987378004976e-08 103.44095075284166 4269.96307319224
1.1993733937661217e-08 103.37413990810639 4297.182815255732
1.2001480383301652e-08 103.30741629319809 4285.975735780424
1.2009226714923569e-08 103.24077973743917 4294.765211640212
1.2016972932524251e-08 103.17423007059705 4316.112626763669
1.2024719036100983e-08 103.10776712288268 4331.258956128748
1.2032465025651049e-08 103.0413907249491 4358.647624559083
1.2040210901171733e-08 102.97510070789002 4348.426752645503
1.2047956662660315e-08 102.90889690323839 4352.979910714286
1.2055702310114076e-08 102.84277914296496 4364.734278549383
1.2063447843530298e-08 102.77674725947685 4376.993772045856
1.2071193262906255e-08 102.71080108561617 4371.310626102293
1.207893856823923e-08 102.64494045465855 4390.6911375661375
1.2086683759526494e-08 102.57916520031183 4367.834476962082
1.2094428836765328e-08 102.51347515671455 4372.608989197532
1.2102173799953e-08 102.44787015843463 4365.476328262787
1.210991864908679e-08 102.38235004046794 4368.3775628306885
1.2117663384163968e-08 102.31691463823697 4376.694637345679
1.2125408005181804e-08 102.2515637875894 4364.436246141976
1.2133152512137571e-08 102.18629732479674 4356.169188161376
1.2140896905028538e-08 102.12111508655299 4350.937775573193
1.214864118385197e-08 102.05601690997327 4323.587756283069
1.215638534860514e-08 101.9910026325924 4303.358272707232
1.216412939928531e-08 101.92607209236363 4286.244419642858
1.2171873335889746e-08 101.86122512765729 4268.94214340829
1.2179617158415716e-08 101.79646157725938 4268.3938216490305
1.2187360866860477e-08 101.73178128037031 4276.355957892417
1.2195104461221296e-08 101.66718407660353 4246.594948743386
1.2202847941495436e-08 101.60266980598416 4239.812679122575
1.221059130768015e-08 101.53823830894787 4217.133694334216
1.2218334559772703e-08 101.47388942633923 4215.362309854498
1.2226077697770353e-08 101.40962299941069 4206.120205026456
1.2233820721670355e-08 101.34543886982117 4202.580054012346
1.2241563631469965e-08 101.28133687963474 4168.070229828043
1.2249306427166442e-08 101.21731687131934 4154.535728064374
1.2257049108757035e-08 101.15337868774554 4125.816798941799
1.2264791676239001e-08 101.08952217218516 4075.0365823412703
1.2272534129609589e-08 101.02574716831005 4040.8313354276897
1.2280276468866054e-08 100.96205352019082 4009.5185736331573
1.2288018694005642e-08 100.89844107229555 3973.646108906526
1.2295760805025603e-08 100.83490966948854 3956.8391065917112
1.2303502801923188e-08 100.771459157029 3908.5626791225754
1.2311244684695642e-08 100.70808938056986 3878.995329034392
1.2318986453340209e-08 100.64480018615653 3818.533537257496
1.2326728107854136e-08 100.58159142022552 3798.125344466491
1.2334469648234666e-08 100.51846292960339 3790.2889384920636
1.2342211074479041e-08 100.45541456150534 3781.0858961640215
1.2349952386584506e-08 100.39244616353409 3730.1369598765436
1.2357693584548301e-08 100.32955758367859 3683.0425347222226
1.2365434668367664e-08 100.2667486703129 3676.5819279100533
1.2373175638039835e-08 100.20401927219477 3651.0206542107585
1.238091649356205e-08 100.14136923846466 3650.3875248015875
1.2388657234931549e-08 100.07879841864435 3596.4096946649033
1.2396397862145563e-08 100.01630666263587 3570.6253789131397
1.2404138375201333e-08 99.95389382072017 3544.1673555996476
1.2411878774096086e-08 99.89155974355604 3528.2735339506175
1.241961905882706e-08 99.82930428217887 3522.759521053792
1.2427359229391485e-08 99.76712728799939 3513.9526496362437
1.2435099285786589e-08 99.7050286128027 3498.2241719025574
1.2442839228009604e-08 99.64300810874686 3474.1283619929454
1.2450579056057759e-08 99.58106562836178 3481.3056313381835
1.245831876992828e-08 99.5192010245482 3469.5370370370374
1.2466058369618393e-08 99.45741415057628 3500.7613398368608
1.2473797855125326e-08 99.39570486008469 3505.9608548280426
1.2481537226446303e-08 99.33407300707924 3505.4887979497357
1.2489276483578543e-08 99.2725184459319 3507.758315421076
1.2497015626519274e-08 99.2110410313795 3519.491085207231
1.2504754655265718e-08 99.14964061852268 3538.9331183862437
1.251249356981509e-08 99.08831706282483 3550.1498773699295
1.252023237016461e-08 99.02707022011074 3559.0077298280426
1.2527971056311499e-08 98.96589994656567 3569.170180224868
1.2535709628252975e-08 98.90480609873408 3557.296006944445
1.254344808598625e-08 98.84378853351868 3575.557208994709
1.255118642950854e-08 98.7828471081791 3589.3430335097005
1.2558924658817066e-08 98.7219816803309 3595.6833526234573
1.2566662773909034e-08 98.66119210794454 3614.869516093475
1.2574400774781658e-08 98.60047824934409 3641.462466931217
1.2582138661432149e-08 98.53983996320628 3671.6557815255733
1.2589876433857718e-08 98.47927710855929 3672.9909336419755
1.2597614092055573e-08 98.41878954478176 3700.2779155643743
1.2605351636022917e-08 98.35837713160169 3725.2174961419755
1.2613089065756971e-08 98.29803972909515 3744.9568727954147
1.2620826381254926e-08 98.23777719768563 3757.3254243827164
1.2628563582513996e-08 98.17758939814249 3785.570298721341
1.2636300669531383e-08 98.1174761915802 3831.781856261023
1.2644037642304287e-08 98.05743743945719 3835.293829916226
1.265177450082991e-08 97.99747300357474 3887.7285190696653
1.2659511245105456e-08 97.93758274607593 3904.872065145503
1.2667247875128123e-08 97.87776652944466 3923.528301366843
1.267498439089511e-08 97.8180242165045 3948.2631999559085
1.2682720792403614e-08 97.75835567041771 3996.1844824735454
1.2690457079650834e-08 97.69876075468414 4038.615038029101
1.2698193252633965e-08 97.63923933314025 4036.2432484567903
1.2705929311350197e-08 97.57979126995808 4076.7015955687834
1.271366525579673e-08 97.52041642964407 4115.822654872134
1.2721401085970751e-08 97.46111467703825 4141.892085537919
1.2729136801869458e-08 97.40188587731303 4177.712398037919
1.2736872403490036e-08 97.34272989597233 4197.976948302469
1.2744607890829676e-08 97.28364659885041 4212.007895171958
1.2752343263885565e-08 97.22463585211098 4257.5735091490305
1.2760078522654894e-08 97.1656975222461 4303.589409722223
1.2767813667134846e-08 97.10683147607529 4348.526441247795
1.2775548697322608e-08 97.04803758074438 4409.868069334216
1.2783283613215365e-08 96.9893157037246 4444.196497464727
1.2791018414810301e-08 96.93066571281157 4511.1607831790125
1.2798753102104596e-08 96.87208747612436 4571.194885361552
1.2806487675095429e-08 96.81358086210437 4583.967427248677
1.2814222133779984e-08 96.75514573951446 4598.717895723104
1.282195647815544e-08 96.69678197743792 4661.744102733686
1.2829690708218975e-08 96.63848944527751 4696.791845789242
1.2837424823967763e-08 96.58026801275452 4748.78658234127
1.2845158825398982e-08 96.52211754990766 4832.166418650794
1.2852892712509811e-08 96.46403792709228 4876.453097442681
1.2860626485297419e-08 96.40602901497931 4926.76421957672
1.286836014375898e-08 96.3480906845543 4969.621569113757
1.2876093687891665e-08 96.29022280711646 5052.851424713404
1.2883827117692646e-08 96.23242525427776 5110.152116402117
1.2891560433159093e-08 96.17469789796188 5140.212398037919
1.2899293634288174e-08 96.1170406104034 5169.624049272487
1.2907026721077061e-08 96.05945326414668 5214.477719907408
1.2914759693522914e-08 96.00193573204518 5236.684096671076
1.2922492551622904e-08 95.94448788726024 5277.264384920635
1.2930225295374192e-08 95.88710960326033 5279.54936893739
1.2937957924773946e-08 95.82980075382005 5296.273561507937
1.2945690439819323e-08 95.77256121301926 5359.609168320107
1.2953422840507489e-08 95.71539085524208 5389.633556547619
1.2961155126835601e-08 95.65828955517604 5420.985174162258
1.2968887298800824e-08 95.6012571878111 5458.738770392417
1.2976619356400311e-08 95.54429362843884 5478.332093253969
1.2984351299631225e-08 95.48739875265142 5510.432994378308
1.2992083128490714e-08 95.43057243634081 5541.667080026456
1.2999814842975937e-08 95.37381455569778 5538.56357473545
1.3007546443084055e-08 95.31712498721097 5571.595637676367
1.3015277928812213e-08 95.26050360766622 5622.7226631393305
1.3023009300157566e-08 95.20395029414541 5660.070891203704
1.3030740557117267e-08 95.14746492402571 5682.7934165564375
1.3038471699688464e-08 95.09104737497867 5703.881586199295
1.3046202727868302e-08 95.03469752496937 5715.980213844798
1.3053933641653938e-08 94.9784152522554 5742.399553571429
1.3061664441042514e-08 94.92220043538622 5754.045621141976
1.306939512603118e-08 94.86605295320203 5768.974867724868
1.3077125696617075e-08 94.80997268483314 5800.869020061728
1.3084856152797344e-08 94.75395950969893 5814.721188822752
1.3092586494569133e-08 94.69801330750701 5805.17616016314
1.3100316721929584e-08 94.64213395825246 5817.20989032187
1.3108046834875836e-08 94.58632134221685 5855.982900683422
1.3115776833405025e-08 94.53057533996753 5886.218584656085
1.31235067175143e-08 94.47489583235651 5887.065627755733
1.3131236487200789e-08 94.41928270051999 5895.261932319225
1.3138966142461633e-08 94.3637358258772 5918.00960372575
1.3146695683293968e-08 94.30825509012969 5934.282751873898
1.315442510969493e-08 94.25284037526046 5962.0287009479725
1.3162154421661647e-08 94.19749156353322 6017.031663359789
1.3169883619191254e-08 94.14220853749136 6045.400890101411
1.3177612702280887e-08 94.08699117995724 6087.533413249559
1.3185341670927672e-08 94.03183937403146 6094.160397376544
1.3193070525128735e-08 93.97675300309184 6076.277281746032
1.3200799264881212e-08 93.92173195079269 6095.90236441799
1.3208527890182226e-08 93.866776101064 6095.750799162258
1.3216256401028905e-08 93.81188533811064 6112.470858134921
1.3223984797418374e-08 93.75705954641145 6143.103436397708
1.3231713079347754e-08 93.70229861071861 6183.499090608466
1.3239441246814176e-08 93.64760241605659 6194.756117724868
1.324716929981475e-08 93.59297084772159 6240.081914131394
1.325489723834661e-08 93.53840379128053 6286.927772266315
1.3262625062406865e-08 93.48390113257045 6325.011436287478
1.3270352771992646e-08 93.42946275769748 6340.877493937391
1.327808036710106e-08 93.3750885530363 6338.052662037037
1.328580784772923e-08 93.32077840522919 6338.94462356702
1.3293535213874268e-08 93.26653220118524 6363.557374338625
1.3301262465533292e-08 93.21234982807965 6385.6840415564375
1.330898960270341e-08 93.15823117335289 6416.000192901235
1.3316716625381744e-08 93.1041761247099 6429.648506393299
1.3324443533565403e-08 93.05018457011938 6453.9004629629635
1.3332170327251493e-08 92.99625639781301 6502.137552358907
1.3339897006437125e-08 92.94239149628461 6535.534405313052
1.3347623571119413e-08 92.8885897542894 6556.439732142858
1.3355350021295459e-08 92.8348510608433 6560.674052028219
1.3363076356962368e-08 92.78117530522212 6556.55292383157
1.3370802578117252e-08 92.72756237696069 6588.380042989418
1.3378528684757213e-08 92.67401216585233 6593.9098324515
1.3386254676879349e-08 92.62052456194795 6616.686232363316
1.3393980554480771e-08 92.56709945555524 6624.615024250442
1.3401706317558575e-08 92.51373673723808 6624.770723104057
1.3409431966109861e-08 92.4604362978157 6668.8031167328045
1.3417157500131731e-08 92.40719802836193 6713.309427358907
1.342488291962128e-08 92.3540218202045 6716.469287367725
1.3432608224575608e-08 92.30090756492424 6758.238880621694
1.3440333414991812e-08 92.24785515435443 6754.714368386244
1.344805849086698e-08 92.19486448058001 6806.706900352734
1.3455783452198215e-08 92.14193543593677 6803.768532297178
1.3463508298982604e-08 92.08906791301087 6790.5774636243395
1.347123303121724e-08 92.0362618046378 6804.435281635803
1.3478957648899216e-08 91.98351700390188 6756.87251984127
1.3486682152025622e-08 91.93083340413544 6797.568686618166
1.3494406540593542e-08 91.87821089891818 6796.891603284833
1.3502130814600068e-08 91.82564938207632 6738.923335537919
1.3509854974042287e-08 91.773148747682 6735.676945546737
1.3517579018917284e-08 91.72070889005255 6757.7655836640215
1.3525302949222136e-08 91.6683297037498 6812.934647817461
1.3533026764953939e-08 91.61601108357922 6834.433697089948
1.3540750466109769e-08 91.56375292458945 6861.111868937391
1.3548474052686709e-08 91.51155512207144 6892.610160383599
1.3556197524681836e-08 91.45941757155781 6937.813188932982
1.3563920882092234e-08 91.4073401688221 6932.827174272487
1.357164412491498e-08 91.35532280987816 6957.018780313052
1.357936725314715e-08 91.3033653909794 6999.744819223986
1.358709026678582e-08 91.25146780861809 7037.266382826279
1.3594813165828064e-08 91.19962995952473 7054.027295524692
1.360253595027096e-08 91.14785174066729 7036.54300319665
1.361025862011158e-08 91.0961330492506 7050.567818562611
1.3617981175346992e-08 91.04447378271564 7046.786127645503
1.3625703615974274e-08 90.99287383873882 7083.641148589066
1.363342594199049e-08 90.94133311523139 7110.250909391535
1.3641148153392712e-08 90.88985151033869 7091.820712081129
1.3648870250178004e-08 90.83842892243956 7118.769841269842
1.3656592232343435e-08 90.78706525014555 7142.508818342152
1.3664314099886076e-08 90.73576039230036 7132.570960097002
1.3672035852802982e-08 90.6845142479792 7168.346009700177
1.3679757491091223e-08 90.63332671648796 7152.906332671958
1.3687479014747864e-08 90.58219769736272 7149.3289792768965
1.3695200423769957e-08 90.53112709036907 7137.892691798942
1.370292171815457e-08 90.48011479550138 7157.719356261024
1.3710642897898761e-08 90.42916071298215 7158.777419532628
1.3718363962999585e-08 90.3782647432615 7161.583719135803
1.3726084913454106e-08 90.32742678701628 7139.74647266314
1.3733805749259375e-08 90.27664674514969 7157.37502755732
1.3741526470412449e-08 90.22592451879044 7183.148561507937
1.374924707691038e-08 90.1752600092922 7217.634066358025
1.3756967568750225e-08 90.12465311823294 7211.56112213404
1.3764687945929032e-08 90.07410374741427 7241.742449294533
1.3772408208443858e-08 90.02361179886084 7271.411348104057
1.3780128356291745e-08 89.97317717481972 7239.4254298941805
1.3787848389469748e-08 89.92279977775968 7273.429232804233
1.379556830797491e-08 89.87247951037068 7295.212466931218
1.3803288111804286e-08 89.82221627556315 7284.549300044092
1.3811007800954913e-08 89.77200997646746 7311.804453262787
1.3818727375423839e-08 89.72186051643318 7329.56004739859
1.3826446835208108e-08 89.67176779902853 7323.722029320988
1.3834166180304765e-08 89.62173172803978 7325.675981040565
1.3841885410710843e-08 89.57175220747062 7291.815338403881
1.3849604526423394e-08 89.52182914154146 7280.267305996474
1.3857323527439449e-08 89.47196243468899 7264.972442680776
1.3865042413756054e-08 89.42215199156539 7251.031470458554
1.3872761185370235e-08 89.37239771703787 7248.666776895944
1.3880479842279039e-08 89.32269951618794 7264.366319444445
1.38881983844795e-08 89.27305729431089 7267.734237213404
1.3895916811968644e-08 89.22347095691524 7268.4098048941805
1.3903635124743513e-08 89.17394040972191 7260.229552469136
1.3911353322801134e-08 89.12446555866391 7275.556520061729
1.3919071406138539e-08 89.07504630988556 7278.54263117284
1.3926789374752759e-08 89.02568256974197 7272.693727954145
1.3934507228640821e-08 88.97637424479841 7283.248319003528
1.394222496779976e-08 88.9271212418297 7277.7167383156975
1.3949942592226594e-08 88.87792346781976 7248.4758046737215
1.3957660101918348e-08 88.82878082996088 7250.113536155203
1.3965377496872055e-08 88.77969323565313 7307.038552689595
1.3973094777084732e-08 88.73066059250391 7334.3466159612
1.3980811942553407e-08 88.68168280832722 7339.3324239418
1.3988528993275099e-08 88.63275979114323 7336.898561507937
1.3996245929246824e-08 88.58389144917759 7348.783895502646
1.4003962750465608e-08 88.53507769086087 7378.408564814816
1.401167945692847e-08 88.48631842482806 7363.820133377426
1.4019396048632415e-08 88.43761355991796 7341.254133597884
1.4027112525574476e-08 88.38896300517251 7366.489610890653
1.4034828887751657e-08 88.34036666983646 7378.001956569666
1.4042545135160977e-08 88.29182446335655 7362.925347222223
1.4050261267799446e-08 88.24333629538111 7390.733851410935
1.405797728566408e-08 88.19490207575946 7422.546158509701
1.4065693188751887e-08 88.14652171454134 7407.208443562611
1.4073408977059876e-08 88.09819512197635 7434.572034832452
1.4081124650585061e-08 88.04992220851335 7456.566220238095
1.4088840209324443e-08 88.0017028848001 7440.427551807761
1.409655565327503e-08 87.95353706168244 7455.6108079806
1.4104270982433836e-08 87.90542465020387 7448.02841159612
1.4111986196797856e-08 87.85736556160509 7417.832616843034
1.4119701296364095e-08 87.80935970732332 7396.448274911817
1.4127416281129559e-08 87.7614069989918 7386.045800264551
1.4135131151091252e-08 87.71350734843921 7404.250992063493
1.4142845906246167e-08 87.66566066768924 7403.751377865961
1.4150560546591303e-08 87.61786686895998 7406.748098544974
1.4158275072123666e-08 87.57012586466331 7405.446841931218
1.4165989482840248e-08 87.5224375674045 7425.592620149912
1.4173703778738047e-08 87.4748018899816 7406.078455687832
1.4181417959814058e-08 87.42721874538495 7345.37147266314
1.4189132026065273e-08 87.37968804679659 7409.16942239859
1.4196845977488684e-08 87.3322097075898 7486.406250000001
1.4204559814081288e-08 87.28478364132849 7448.994157848325
1.4212273535840075e-08 87.23740976176677 7452.038552689595
1.421998714276203e-08 87.1900879828484 7477.24826388889
1.4227700634844145e-08 87.14281821870621 7468.058862433863
1.4235414012083407e-08 87.09560038366168 7503.064373897708
1.4243127274476808e-08 87.04843439222427 7473.634397045856
1.4250840422021321e-08 87.00132015909114 7481.993909832452
1.425855345471394e-08 86.95425759914637 7526.54582782187
1.426626637255165e-08 86.90724662746064 7492.9869378306885
1.4273979175531426e-08 86.86028715929065 7514.790564373899
1.4281691863650256e-08 86.81337911007859 7509.111552028219
1.4289404436905114e-08 86.76652239545169 7480.463651895944
1.4297116895292985e-08 86.71971693122167 7470.9820050705475
1.4304829238810848e-08 86.6729626333842 7497.527832892417
1.4312541467455672e-08 86.62625941811856 7479.7657627865965
1.432025358122444e-08 86.57960720178691 7508.551725088184
1.4327965580114121e-08 86.53300590093399 7510.0220458553795
1.4335677464121698e-08 86.48645543228645 7531.2640542328045
1.4343389233244132e-08 86.43995571275254 7555.9858630952385
1.4351100887478408e-08 86.39350665942142 7573.550347222223
1.4358812426821485e-08 86.34710818956286 7567.573578042328
1.436652385127034e-08 86.30076022062659 7585.926339285715
1.4374235160821938e-08 86.25446267024189 7596.849922839507
1.4381946355473245e-08 86.20821545621713 7587.863067680777
1.4389657435221233e-08 86.16201849653918 7611.736800044092
1.4397368400062866e-08 86.115871709373 7623.793402777778
1.4405079249995105e-08 86.06977501306115 7671.478036816579
1.441278998501491e-08 86.02372832612338 7643.683724647267
1.4420500605119254e-08 85.97773156725589 7647.3797123015875
1.4428211110305092e-08 85.93178465533121 7651.252480158731
1.4435921500569384e-08 85.88588750939746 7638.153659611993
1.4443631775909085e-08 85.84004004867803 7682.3619378306885
1.4451341936321163e-08 85.7942421925709 7710.296516754851
1.4459051981802565e-08 85.74849386064848 7669.912781084657
1.446676191235025e-08 85.70279497265683 7665.117945326279
1.4474471727961177e-08 85.65714544851538 7703.139743165785
1.4482181428632293e-08 85.61154520831644 7710.789103835979
1.4489891014360553e-08 85.56599417232465 7698.887924382717
1.4497600485142913e-08 85.52049226097655 7699.289985670194
1.4505309840976318e-08 85.47503939488021 7712.020089285715
1.4513019081857716e-08 85.42963549481466 7699.134424603175
1.4520728207784063e-08 85.3842804817294 7711.027474647267
1.4528437218752299e-08 85.33897427674412 7716.4966380070555
1.4536146114759373e-08 85.29371680114805 7744.761215828925
1.4543854895802232e-08 85.24850797639957 7751.025545634921
1.4551563561877817e-08 85.20334772412582 7747.977843915344
1.455927211298307e-08 85.15823596612216 7761.307870370371
1.4566980549114939e-08 85.11317262435178 7749.02915564374
1.4574688870270354e-08 85.06815762094521 7744.809165564375
1.4582397076446267e-08 85.02319087819984 7744.490465167549
1.4590105167639613e-08 84.97827231857958 7734.5473710317465
1.4597813143847323e-08 84.93340186471438 7695.133515211641
1.4605521005066344e-08 84.88857943939963 7686.814787257496
1.4613228751293599e-08 84.84380496559602 7732.371582892417
1.4620936382526033e-08 84.79907836642874 7709.602485670194
1.462864389876058e-08 84.75439956518736 7727.23117835097
1.4636351299994159e-08 84.70976848532524 7740.962990520283
1.4644058586223718e-08 84.66518505045902 7728.011463844798
1.4651765757446174e-08 84.62064918436839 7694.361359126985
1.4659472813658468e-08 84.57616081099543 7679.783261684304
1.466717975485752e-08 84.5317198544444 7687.205963403881
1.4674886581040252e-08 84.48732623898114 7704.45243606702
1.4682593292203604e-08 84.44297988903264 7698.198302469136
1.469029988834449e-08 84.39868072918675 7692.102210097002
1.4698006369459839e-08 84.35442868419163 7728.17653218695
1.4705712735546569e-08 84.31022367895541 7727.894483024692
1.4713418986601608e-08 84.26606563854561 7679.275518077602
1.472112512262187e-08 84.22195448818897 7672.820353835979
1.4728831143604278e-08 84.17789015327077 7676.612792107584
1.4736537049545749e-08 84.13387255933458 7663.28800154321
1.4744242840443205e-08 84.08990163208172 7675.049327601411
1.4751948516293553e-08 84.04597729737104 7638.4879298941805
1.4759654077093716e-08 84.00209948121821 7656.6688712522055
1.4767359522840609e-08 83.95826810979555 7668.97872574956
1.4775064853531136e-08 83.91448310943156 7659.999724426808
1.4782770069162217e-08 83.87074440661038 7695.207368827161
1.4790475169730763e-08 83.82705192797154 7728.1052965167555
1.4798180155233678e-08 83.78340560030951 7711.965663580248
1.4805885025667874e-08 83.7398053505732 7735.063106261024
1.4813589781030261e-08 83.69625110586567 7725.9337797619055
1.482129442131774e-08 83.65274279344366 7700.812114197532
1.4828998946527222e-08 83.60928034071719 7690.618937389771
1.4836703356655609e-08 83.56586367524918 7724.646301807761
1.4844407651699804e-08 83.52249272475501 7724.324707892417
1.485211183165671e-08 83.47916741710216 7714.784639550265
1.4859815896523229e-08 83.43588768030982 7721.840002204586
1.4867519846296262e-08 83.39265344254838 7733.594438932982
1.4875223680972706e-08 83.34946463213922 7751.209215167549
1.4882927400549458e-08 83.30632117755415 7720.045056216932
1.4890631005023419e-08 83.26322300741509 7726.6170634920645
1.4898334494391477e-08 83.22017005049368 7767.487874779542
1.4906037868650538e-08 83.17716223571078 7790.794615299824
1.4913741127797486e-08 83.13419949213632 7789.938960537919
1.4921444271829216e-08 83.09128174898866 7795.650352733686
1.4929147300742626e-08 83.04840893563428 7767.633790784833
1.4936850214534598e-08 83.00558098158751 7804.553847001765
1.4944553013202023e-08 82.96279781650998 7791.756227954145
1.4952255696741796e-08 82.92005937021027 7811.082864858907
1.4959958265150796e-08 82.87736557264365 7822.035108024692
1.4967660718425916e-08 82.83471635391153 7822.04158399471
1.4975363056564036e-08 82.7921116442612 7830.479221781306
1.4983065279562037e-08 82.74955137408543 7829.361772486773
1.4990767387416813e-08 82.70703547392193 7807.764825837743
1.4998469380125236e-08 82.6645638744533 7817.146026234568
1.5006171257684198e-08 82.62213650650625 7811.317791005292
1.5013873020090563e-08 82.57975330105168 7793.412836199295
1.5021574667341218e-08 82.53741418920387 7816.707451499119
1.5029276199433044e-08 82.49511910222034 7820.645943562611
1.503697761636291e-08 82.4528679715015 7803.185626102293
1.50446789181277e-08 82.41066072859013 7774.651262125221
1.505238010472428e-08 82.3684973051712 7804.890459656085
1.5060081176149524e-08 82.3263776330713 7795.6171461640215
1.5067782132400315e-08 82.28430164425839 7800.09769069665
1.5075482973473508e-08 82.24226927084149 7787.598517416226
1.5083183699365987e-08 82.20028044507012 7784.045965608466
1.509088431007461e-08 82.15833509933418 7778.842868165785
1.5098584805596252e-08 82.11643316616336 7762.112268518519
1.510628518592778e-08 82.07457457822694 7731.972139550265
1.5113985451066052e-08 82.03275926833336 7752.378747795415
1.5121685601007943e-08 81.99098716942986 7774.927662037037
1.512938563575031e-08 81.94925821460212 7763.837770061729
1.5137085555290017e-08 81.90757233707396 7764.802414021165
1.5144785359623927e-08 81.8659294702069 7765.958719135803
1.515248504874889e-08 81.8243295474999 7760.411706349207
1.5160184622661785e-08 81.78277250258884 7753.490134479718
1.5167884081359453e-08 81.7412582692464 7741.669146825398
1.5175583424838757e-08 81.69978678138155 7716.041942239859
1.5183282653096553e-08 81.65835797303917 7667.350639329807
1.51909817661297e-08 81.61697177839984 7628.285934744269
1.5198680763935045e-08 81.57562813177942 7625.925512566138
1.5206379646509443e-08 81.53432696762866 7664.22977292769
1.5214078413849745e-08 81.4930682205329 7684.708443562611
1.5221777065952808e-08 81.45185182521173 7749.3552965167555
1.5229475602815468e-08 81.4106777165187 7762.865823412699
1.5237174024434586e-08 81.36954582944077 7803.390928130512
1.5244872330807004e-08 81.3284560990982 7858.340636022928
1.525257052192957e-08 81.28740846074415 7896.071841931218
1.5260268597799126e-08 81.24640284976422 7906.87431106702
1.5267966558412523e-08 81.20543920167626 7915.322971781306
1.5275664403766596e-08 81.16451745212997 7912.643986992946
1.528336213385819e-08 81.12363753690654 7909.972029320988
1.5291059748684147e-08 81.08279939191837 7893.953510802469
1.5298757248241305e-08 81.04200295320867 7893.3074294532635
1.5306454632526506e-08 81.00124815695118 7908.129684744269
1.531415190153658e-08 80.96053493944984 7917.593970458554
1.5321849055268372e-08 80.91986323713837 7902.633377425044
1.5329546093718713e-08 80.87923298658008 7924.326636904762
1.533724301688444e-08 80.83864412446744 7897.6740244709
1.5344939824762383e-08 80.79809658762174 7924.499283509701
1.5352636517349372e-08 80.75759031299287 7908.883239638449
1.5360333094642247e-08 80.71712523765886 7936.88781415344
1.5368029556637828e-08 80.67670129882568 7933.755924823634
1.537572590333295e-08 80.63631843382676 7937.3758542768965
1.538342213472444e-08 80.59597658012285 7945.548252865962
1.5391118250809126e-08 80.55567567530154 7942.418843694886
1.539881425158383e-08 80.51541565707707 7954.8615244709
1.5406510137045378e-08 80.47519646328992 7966.520199514992
1.541420590719059e-08 80.43501803190647 7972.84377755732
1.5421901562016302e-08 80.39488030101873 7975.356591710759
1.5429597101519318e-08 80.35478320884413 7963.541391093475
1.5437292525696465e-08 80.31472669372494 7956.146108906526
1.5444987834544564e-08 80.27471069412819 7969.096395502646
1.5452683028060432e-08 80.23473514864526 7979.214065255733
1.5460378106240886e-08 80.19479999599154 7957.235036375662
1.5468073069082743e-08 80.15490517500619 7943.781966490301
1.5475767916582817e-08 80.11505062465179 7939.914572310407
1.5483462648737917e-08 80.07523628401403 7951.336943342152
1.549115726554486e-08 80.03546209230136 7979.291776895944
1.5498851767000458e-08 79.99572798884475 7961.385306437391
1.550654615310152e-08 79.95603391309734 7920.691275352734
1.551424042384486e-08 79.91637980463416 7886.975997574957
1.5521934579227275e-08 79.87676560315184 7842.759038800706
1.5529628619245583e-08 79.83719124846817 7817.584049823634
1.5537322543896586e-08 79.797656680522 7791.390128968254
1.554501635317709e-08 79.75816183937275 7818.0029210758385
1.55527100470839e-08 79.71870666520027 7849.516231261024
1.556040362561381e-08 79.67929109830442 7884.547233245151
1.5568097088763632e-08 79.63991507910481 7932.301449514992
1.557579043653016e-08 79.60057854814048 7958.338569223986
1.5583483668910207e-08 79.56128144606961 7962.948908730159
1.559117678590055e-08 79.52202371366933 7978.511078042328
1.5598869787498003e-08 79.48280529183519 7958.935598544974
1.5606562673699356e-08 79.44362612158108 7946.647514329807
1.56142554445014e-08 79.40448614403884 7950.903742283951
1.562194809990094e-08 79.3653853004579 7940.108989197532
1.5629640639894762e-08 79.3263235322052 7931.2382881393305
1.5637333064479662e-08 79.2873007807646 7900.444499559084
1.5645025373652422e-08 79.24831698773693 7910.203373015874
1.5652717567409836e-08 79.20937209483935 7891.663635361552
1.5660409645748697e-08 79.17046604390531 7880.560515873017
1.5668101608665793e-08 79.13159877688413 7869.295772707232
1.56757934561579e-08 79.09277023584086 7894.732142857143
1.5683485188221813e-08 79.05398036295574 7856.500220458554
1.5691176804854314e-08 79.01522910052417 7818.064236111111
1.5698868306052186e-08 78.97651639095628 7834.613921957673
1.570655969181221e-08 78.93784217677668 7829.192708333334
1.5714250962131167e-08 78.89920640062421 7835.259727733686
1.5721942117005837e-08 78.86060900525156 7848.812692901235
1.5729633156433e-08 78.82204993352512 7842.1154376102295
1.5737324080409435e-08 78.78352912842459 7844.417024911817
1.5745014888931913e-08 78.74504653304275 7884.76741622575
1.5752705581997216e-08 78.70660209058515 7901.4945712081135
1.576039615960211e-08 78.6681957443699 7886.643380731923
1.576808662174338e-08 78.62982743782725 7888.507908950618
1.5775776968417788e-08 78.5914971144995 7865.683697089948
1.5783467199622114e-08 78.55320471804056 7872.93361441799
1.579115731535312e-08 78.5149501922158 7874.704585537919
1.5798847315607575e-08 78.47673348090166 7866.854332010583
1.5806537200382252e-08 78.43855452808545 7873.388034611993
1.5814226969673916e-08 78.40041327786504 7899.3413800705475
1.582191662347933e-08 78.36230967444865 7885.197310405644
1.5829606161795264e-08 78.32424366215449 7883.906112213404
1.583729558461848e-08 78.28621518541053 7901.687610229277
1.5844984891945733e-08 78.24822418875429 7871.479828042328
1.5852674083773794e-08 78.21027061683242 7903.265542328043
1.5860363160099416e-08 78.17235441440062 7910.4008212081135
1.5868052120919363e-08 78.13447552632317 7876.077215608466
1.5875740966230387e-08 78.09663389757287 7882.111992945327
1.5883429696029255e-08 78.05882947323059 7878.280698853616
1.5891118310312708e-08 78.02106219848517 7875.245122354498
1.5898806809077517e-08 77.98333201863295 7852.65376984127
1.5906495192320428e-08 77.94563887907775 7860.716076940036
1.591418346003819e-08 77.90798272533041 7885.893959435627
1.5921871612227557e-08 77.87036350300866 7883.667328042328
1.5929559648885282e-08 77.83278115783672 7884.933035714286
1.5937247570008107e-08 77.79523563564518 7865.420800264551
1.5944935375592793e-08 77.75772688237065 7909.249889770724
1.5952623065636073e-08 77.72025484405556 7899.940476190477
1.5960310640134706e-08 77.6828194668478 7899.556327160494
1.596799809908542e-08 77.64542069700066 7874.312307098766
1.5975685442484975e-08 77.60805848087232 7895.866539902999
1.5983372670330113e-08 77.57073276492572 7906.161403218695
1.599105978261756e-08 77.53344349572846 7915.913525132276
1.5998746779344068e-08 77.49619061995222 7941.749063051147
1.6006433660506376e-08 77.45897408437271 7925.588486552028
1.601412042610122e-08 77.42179383586944 7921.657434964727
1.602180707612534e-08 77.38464982142536 7880.584215167549
1.6029493610575467e-08 77.3475419881267 7853.2994378306885
1.603718002944834e-08 77.31047028316259 7857.979359567902
1.604486633274069e-08 77.27343465382499 7867.201140873017
1.6052552520449248e-08 77.23643504750832 7867.51350308642
1.6060238592570753e-08 77.19947141170918 7857.751460537919
1.606792454910193e-08 77.16254369402623 7860.049878747796
1.607561039003951e-08 77.12565184215983 7875.482528659612
1.6083296115380215e-08 77.08879580391186 7876.74575617284
1.6090981725120788e-08 77.05197552718539 7855.5851796737215
1.6098667219257936e-08 77.01519095998461 7836.389715608466
1.61063525977884e-08 76.97844205041432 7836.603422619049
1.6114037860708893e-08 76.94172874667994 7851.851851851852
1.612172300801614e-08 76.90505099708714 7856.923776455027
1.6129408039706866e-08 76.86840875004158 7841.559882054675
1.613709295577779e-08 76.83180195404876 7855.09341931217
1.614477775622563e-08 76.79523055771367 7867.546158509701
1.6152462441047104e-08 76.75869450974065 7855.635885141094
1.6160147010238935e-08 76.72219375893306 7845.071511243387
1.6167831463797832e-08 76.68572825419315 7821.209766313934
1.617551580172052e-08 76.64929794452168 7823.5838293650795
1.6183200024003697e-08 76.61290277901784 7807.880153218695
1.6190884130644087e-08 76.57654270687887 7809.735036375662
1.61985681216384e-08 76.54021767739992 7798.712797619049
1.620625199698335e-08 76.50392763997377 7794.0626377865965
1.6213935756675636e-08 76.4676725440906 7805.521384479718
1.622161940071198e-08 76.43145233933775 7811.6264329806
1.622930292908908e-08 76.39526697539955 7801.938106261024
1.623698634180364e-08 76.35911640205704 7801.881613756615
1.6244669638852377e-08 76.3230005691876 7804.725942460318
1.6252352820231986e-08 76.286919426765 7771.687748015874
1.6260035885939165e-08 76.250872924859 7774.39456569665
1.6267718835970627e-08 76.21486101363506 7780.0675154321
1.6275401670323068e-08 76.17888364335425 7788.955302028219
1.628308438899319e-08 76.14294076437295 7785.649939373899
1.6290766991977683e-08 76.10703232714268 7730.595789241624
1.6298449479273257e-08 76.07115828220971 7696.989776234568
1.6306131850876597e-08 76.03531858021509 7695.922067901235
1.6313814106784408e-08 75.99951317189416 7663.911210317461
1.6321496246993375e-08 75.96374200807655 7657.3539462081135
1.6329178271500193e-08 75.9280050396858 7706.509865520283
1.633686018030156e-08 75.89230221773916 7722.734926146385
1.6344541973394157e-08 75.85663349334745 7727.088569223986
1.6352223650774687e-08 75.82099881771472 7738.780450837743
1.6359905212439822e-08 75.78539814213822 7738.567294973545
1.636758665838626e-08 75.74983141800789 7737.800512566138
1.6375267988610688e-08 75.71429859680636 7725.090250220459
1.6382949203109788e-08 75.67879963010868 7716.1619543650795
1.639063030188024e-08 75.6433344695821 7720.561618165785
1.6398311284918738e-08 75.60790306698574 7700.675843253969
1.6405992152221954e-08 75.5725053741706 7722.318810626103
1.641367290378657e-08 75.53714134307914 7711.609485229277
1.6421353539609266e-08 75.50181092574513 7701.879546957673
1.6429034059686725e-08 75.46651407429343 7703.197062389771
1.6436714464015622e-08 75.4312507409398 7700.392002865961
1.6444394752592626e-08 75.39602087799071 7662.463210978836
1.6452074925414426e-08 75.36082443784294 7636.020309744269
1.6459754982477685e-08 75.32566137298365 7658.116319444445
1.6467434923779083e-08 75.29053163598992 7640.609430114639
1.6475114749315286e-08 75.25543517952875 7621.841104497355
1.648279445908297e-08 75.22037195635659 7608.0810460758385
1.64904740530788e-08 75.1853419193194 7595.711116622576
1.6498153531299447e-08 75.15034502135225 7609.21558090829
1.6505832893741575e-08 75.11538121547919 7618.923886684304
1.651351214040186e-08 75.08045045481298 7614.90024250441
1.6521191271276953e-08 75.045552692555 7606.884093915344
1.652887028636353e-08 75.0106878819949 7612.995205026456
1.6536549185658246e-08 74.97585597651049 7608.601466049383
1.654422796915777e-08 74.94105692956745 7596.696428571429
1.6551906636858756e-08 74.90629069471922 7584.8139880952385
1.655958518875787e-08 74.87155722560674 7548.484485229277
1.656726362485176e-08 74.83685647595821 7552.756007495592
1.6574941945137093e-08 74.80218839958896 7555.597167107584
1.6582620149610528e-08 74.76755295040117 7517.372134038801
1.6590298238268714e-08 74.73295008238372 7504.95136133157
1.6597976211108304e-08 74.698379749612 7489.248374118167
1.660565406812595e-08 74.66384190624767 7490.603780864198
1.6613331809318307e-08 74.62933650653841 7507.838817239859
1.6621009434682026e-08 74.5948635048178 7492.52273478836
1.6628686944213754e-08 74.5604228555051 7498.99787808642
1.6636364337910147e-08 74.52601451310503 7487.786458333334
1.6644041615767843e-08 74.4916384322076 7493.867669753087
1.6651718777783493e-08 74.45729456748786 7476.426917989418
1.665939582395374e-08 74.42298287370576 7473.130649250442
1.666707275427523e-08 74.38870330570589 7460.230241402117
1.6674749568744602e-08 74.35445581841736 7463.095375881835
1.6682426267358505e-08 74.32024036685348 7453.716931216932
1.6690102850113572e-08 74.28605690611172 7455.839395943563
1.6697779317006445e-08 74.25190539137341 7437.779706790124
1.6705455668033765e-08 74.21778577790353 7431.633597883599
1.671313190319217e-08 74.18369802105059 7427.603753306879
1.6720808022478292e-08 74.14964207624638 7419.9320712081135
1.6728484025888766e-08 74.11561789900583 7404.514991181659
1.673615991342023e-08 74.0816254449267 7396.727843915344
1.674383568506931e-08 74.04766466968958 7405.275297619049
1.6751511340832647e-08 74.01373552905747 7400.333856922399
1.6759186880706866e-08 73.97983797887578 7388.281525573193
1.6766862304688593e-08 73.94597197507203 7369.046930114639
1.677453761277447e-08 73.91213747365568 7362.16903659612
1.6782212804961108e-08 73.87833443071798 7342.35050154321
1.678988788124514e-08 73.84456280243174 7313.614280202823
1.6797562841623195e-08 73.81082254505112 7326.189925044092
1.6805237686091893e-08 73.77711361491153 7283.76171186067
1.6812912414647855e-08 73.74343596842931 7278.62075617284
1.68205870272877e-08 73.70978956210172 7250.621417548501
1.682826152400806e-08 73.6761743525065 7236.26281415344
1.6835935904805543e-08 73.64259029630196 7256.090718694886
1.6843610169676773e-08 73.60903735022661 7244.187610229277
1.6851284318618363e-08 73.57551547109907 7217.907572751324
1.685895835162693e-08 73.54202461581778 7222.161320546737
1.6866632268699097e-08 73.5085647413609 7172.226906966491
1.6874306069831472e-08 73.47513580478613 7164.521467151676
1.6881979755020663e-08 73.44173776323053 7151.8288414903
1.6889653324263287e-08 73.40837057391025 7116.335772156085
1.6897326777555954e-08 73.3750341941204 7146.259782848325
1.690500011489527e-08 73.34172858123495 7123.882206238977
1.6912673336277843e-08 73.3084536927064 7117.339271935627
1.6920346441700292e-08 73.27520948606565 7110.795373126103
1.6928019431159206e-08 73.24199591892197 7097.071070326279
1.69356923046512e-08 73.20881294896256 7083.859195877426
1.6943365062172872e-08 73.17566053395258 7065.582079475309
1.6951037703720835e-08 73.14253863173481 7024.577339616402
1.695871022929168e-08 73.10944720022964 6991.557401895944
1.696638263888201e-08 73.07638619743479 6969.031360229277
1.6974054932488425e-08 73.04335558142509 6947.285259589948
1.698172711010752e-08 73.01035531035244 6954.915054563493
1.6989399171735896e-08 72.97738534244547 6966.250757826279
1.699707111737015e-08 72.94444563600952 6967.081542107584
1.700474294700687e-08 72.91153614942637 6974.773616622576
1.701241466064266e-08 72.87865684115404 6979.603794642858
1.7020086258274104e-08 72.84580766972674 6955.970982142858
1.7027757739897792e-08 72.8129885937546 6970.180431547619
1.7035429105510323e-08 72.78019957192343 6967.20210537919
1.7043100355108274e-08 72.74744056299478 6941.624228395062
1.7050771488688245e-08 72.71471152580547 6901.6626708553795
1.7058442506246822e-08 72.68201241926764 6877.349674823634
1.7066113407780582e-08 72.64934320236851 6846.60121803351
1.707378419328611e-08 72.61670383417022 6821.61403218695
1.7081454862759998e-08 72.58409427380955 6795.56251377866
1.7089125416198825e-08 72.55151448049793 6760.751005842152
1.7096795853599165e-08 72.51896441352119 6774.687844466491
1.710446617495761e-08 72.48644403223928 6754.78091931217
1.7112136380270732e-08 72.45395329608627 6788.883584104939
1.711980646953511e-08 72.42149216457015 6769.5275297619055
1.712747644274732e-08 72.38906059727259 6737.793485449736
1.7135146299903937e-08 72.35665855384877 6731.513930224868
1.7142816041001537e-08 72.32428599402732 6713.438602292769
1.7150485666036694e-08 72.29194287761004 6708.822613536156
1.7158155175005977e-08 72.25962916447179 6693.398713073193
1.716582456790596e-08 72.2273448145603 6653.685998126103
1.7173493844733216e-08 72.19508978789604 6651.9813712522055
1.7181163005484306e-08 72.16286404457202 6640.2205963403885
1.71888320501558e-08 72.13066754475365 6605.5070546737215
1.719650097874427e-08 72.09850024867853 6590.769469246032
1.7204169791246276e-08 72.06636211665636 6567.6193920855385
1.7211838487658385e-08 72.0342531090687 6555.123663470018
1.7219507067977153e-08 72.0021731863689 6527.798652447091
1.722717553219915e-08 71.9701223090818 6489.79228670635
1.7234843880320936e-08 71.93810043780373 6449.227017195768
1.7242512112339076e-08 71.90610753320216 6453.645695546737
1.7250180228250114e-08 71.87414355601582 6433.926435736332
1.725784822805062e-08 71.84220846705419 6434.223296957673
1.7265516111737144e-08 71.81030222719762 6414.991457231041
1.727318387930624e-08 71.77842479739708 6409.247960758378
1.7280851530754474e-08 71.74657613867384 6383.729883156967
1.7288519066078383e-08 71.7147562121197 6367.206514550265
1.7296186485274527e-08 71.68296497889635 6387.890211640212
1.7303853788339457e-08 71.65120240023562 6380.685901675485
1.731152097526972e-08 71.61946843743908 6356.501529431217
1.7319188046061868e-08 71.58776305187797 6347.923280423281
1.7326855000712444e-08 71.55608620499304 6337.40024250441
1.7334521839218e-08 71.52443785829438 6354.560460758378
1.7342188561575076e-08 71.49281797336124 6372.457079475309
1.7349855167780213e-08 71.461226511842 6350.497134038801
1.7357521657829962e-08 71.4296634354538 6313.939594356261
1.7365188031720862e-08 71.39812870598259 6281.565669091711
1.737285428944945e-08 71.36662228528282 6278.41194058642
1.738052043101227e-08 71.33514413527743 6275.1531498015875
1.7388186456405853e-08 71.30369421795758 6221.274801587302
1.7395852365626746e-08 71.27227249538254 6221.361951609348
1.740351815867148e-08 71.24087892967955 6233.8004298941805
1.7411183835536584e-08 71.20951348304366 6217.489045965609
1.7418849396218604e-08 71.17817611773756 6194.679715057319
1.742651484071406e-08 71.14686679609147 6191.528122244268
1.7434180169019492e-08 71.11558548050292 6191.036706349207
1.744184538113143e-08 71.08433213343665 6141.018174052028
1.74495104770464e-08 71.05310671742447 6130.853450176367
1.7457175456760927e-08 71.02190919506513 6105.506847993827
1.7464840320271548e-08 70.99073952902404 6097.036003637567
1.747250506757478e-08 70.95959768203329 6088.232886904762
1.748016969866715e-08 70.9284836168914 6081.853780864198
1.748783421354518e-08 70.89739729646318 6057.278094686949
1.7495498612205396e-08 70.86633868367961 6045.881351962082
1.7503162894644315e-08 70.83530774153773 6011.237805886244
1.751082706085846e-08 70.80430443310037 6013.459959215168
1.7518491110844352e-08 70.77332872149609 5989.839340828925
1.7526155044598502e-08 70.74238056991908 5977.108548280424
1.7533818862117434e-08 70.71145994162892 5963.820753417108
1.7541482563397658e-08 70.68056679995045 5948.653549382717
1.7549146148435692e-08 70.6497011082737 5944.78553516314
1.7556809617228046e-08 70.61886283005366 5930.48866016314
1.7564472969771237e-08 70.58805192881016 5894.67826829806
1.7572136206061772e-08 70.55726836812774 5868.4654706790125
1.7579799326096155e-08 70.52651211165553 5863.314180996473
1.758746232987091e-08 70.49578312310703 5834.01103670635
1.7595125217382532e-08 70.46508136626007 5798.1171461640215
1.760278798862753e-08 70.43440680495655 5800.559620260142
1.7610450643602412e-08 70.40375940310241 5810.357487323634
1.7618113182303684e-08 70.37313912466743 5814.7107170414465
1.7625775604727843e-08 70.34254593368509 5794.023299713404
1.7633437910871392e-08 70.31197979425245 5773.149801587302
1.7641100100730833e-08 70.28144067052997 5749.762938161376
1.7648762174302667e-08 70.25092852674143 5737.3068920855385
1.765642413158339e-08 70.22044332717374 5706.521095127867
1.7664085972569503e-08 70.18998503617682 5691.227196318343
1.76717476972575e-08 70.15955361816347 5676.211695326279
1.7679409305643875e-08 70.12914903760921 5668.621513999118
1.7687070797725122e-08 70.09877125905216 5655.164310515874
1.769473217349773e-08 70.06842024709289 5649.053957231041
1.77023934329582e-08 70.0380959663943 5633.571359678131
1.7710054576103015e-08 70.00779838168143 5592.532862103175
1.771771560292866e-08 69.97752745774145 5590.664820326279
1.772537651343164e-08 69.9472831594233 5580.990341159612
1.7733037307608428e-08 69.91706545163785 5532.579709545856
1.7740697985455514e-08 69.8868742993575 5492.722180886244
1.774835854696938e-08 69.85670966761619 5489.479442239859
1.775601899214651e-08 69.82657152150922 5459.450162588184
1.7763679320983393e-08 69.79645982619309 5436.257164902999
1.77713395334765e-08 69.76637454688547 5425.48259755291
1.777899962962232e-08 69.7363156488649 5392.687114197532
1.7786659609417332e-08 69.70628309747083 5335.197792658731
1.7794319472858002e-08 69.67627685810338 5338.434744268078
1.7801979219940823e-08 69.64629689622319 5362.228629298942
1.7809638850662258e-08 69.61634317735142 5338.535121803351
1.7817298365018783e-08 69.58641566706947 5316.154582782187
1.7824957763006877e-08 69.5565143310189 5319.41371803351
1.7832617044623014e-08 69.5266391349013 5303.7400793650795
1.7840276209863654e-08 69.49679004447825 5276.062196869489
1.7847935258725275e-08 69.46696702557098 5273.838114528219
1.7855594191204345e-08 69.43717004406047 5262.532310956791
1.7863253007297328e-08 69.40739906588715 5245.131379519401
1.7870911707000696e-08 69.37765405705085 5213.265266754851
1.7878570290310907e-08 69.34793498361068 5183.7078373015875
1.788622875722443e-08 69.31824181168484 5165.959408068784
1.789388710773773e-08 69.28857450745055 5160.448082010583
1.7901545341847262e-08 69.25893303714388 5141.493193342152
1.7909203459549487e-08 69.22931736705966 5126.064401455027
1.7916861460840877e-08 69.1997274635513 5088.589203042328
1.792451934571788e-08 69.17016329303075 5055.476052689594
1.793217711417695e-08 69.14062482196829 5037.165454144621
1.7939834766214547e-08 69.1111120168924 5034.915950176367
1.7947492301827128e-08 69.08162484438974 5003.015597442681
1.7955149721011143e-08 69.05216327110486 4977.845706569666
1.796280702376305e-08 69.02272726374022 4967.797619047619
1.7970464210079296e-08 68.99331678905602 4941.150035824516
1.7978121279956333e-08 68.96393181387003 4926.554577270724
1.798577823339061e-08 68.9345723050575 4900.982349537037
1.7993435070378572e-08 68.90523822955106 4883.24680335097
1.800109179091667e-08 68.87592955434054 4877.5380291005295
1.8008748395001346e-08 68.8466462464729 4851.873484347443
1.801640488262905e-08 68.81738827305206 4832.85300925926
1.802406125379622e-08 68.78815560123884 4801.660121803351
1.8031717508499304e-08 68.75894819825074 4766.4253334435625
1.803937364673474e-08 68.7297660313619 4768.962811397708
1.8047029668498958e-08 68.70060906790302 4749.233493165785
1.8054685573788414e-08 68.67147727526104 4705.62465553351
1.8062341362599538e-08 68.64237062087923 4698.077945877425
1.8069997034928765e-08 68.613289072257 4679.757357804233
1.807765259077253e-08 68.58423259694975 4677.725418871252
1.8085308030127273e-08 68.55520116256871 4664.662147266315
1.8092963352989417e-08 68.52619473678097 4628.216145833334
1.8100618559355407e-08 68.49721328730918 4609.776716820988
1.8108273649221657e-08 68.46825678193161 4592.101865630511
1.811592862258461e-08 68.43932518848186 4587.179026124339
1.8123583479440696e-08 68.41041847484881 4594.747781635803
1.813123821978633e-08 68.38153660897659 4552.246679343034
1.813889284361795e-08 68.3526795588643 4548.655616181658
1.8146547350931972e-08 68.32384729256601 4538.225308641976
1.8154201741724825e-08 68.29503977819063 4516.616030092593
1.816185601599293e-08 68.2662569839017 4489.713128306878
1.8169510173732707e-08 68.2374988779174 4483.681382275133
1.8177164214940583e-08 68.20876542851033 4479.361152447091
1.818481813961297e-08 68.18005660400749 4445.02700617284
1.819247194774629e-08 68.15137237279005 4420.95706569665
1.820012563933695e-08 68.12271270329336 4400.466063161376
1.820777921438138e-08 68.09407756400668 4388.072847773369
1.821543267287599e-08 68.06546692347324 4364.573206018519
1.822308601481719e-08 68.03688075029 4344.4852292768965
1.823073924020139e-08 68.00831901310757 4317.629519400353
1.823839234902501e-08 67.97978168063008 4229.7796792328045
1.8246045341284455e-08 67.95126872161516 4115.463031856261
1.825369821697613e-08 67.92278010487368 4213.58947861552
1.8261350976096452e-08 67.89431579926969 4204.780299272487
1.8269003618641816e-08 67.86587577372042 4194.212549603175
1.8276656144608636e-08 67.83745999719598 4169.324707892417
1.8284308553993312e-08 67.80906843871936 4142.040068342152
1.8291960846792257e-08 67.7807010673663 4124.789806547619
1.8299613023001855e-08 67.7523578522652 4137.439580577602
1.8307265082618517e-08 67.72403876259696 4128.3355379188715
1.8314917025638644e-08 67.69574376759486 4099.749435074957
1.8322568852058628e-08 67.66747283654455 4107.889798280424
1.8330220561874872e-08 67.63922593878377 4068.6423197751324
1.833787215508377e-08 67.61100304370241 4055.1220100308647
1.834552363168172e-08 67.58280412074228 4061.43360063933
1.8353174991665105e-08 67.55462913939714 4050.0085427689596
1.836082623503033e-08 67.52647806921235 4034.62253361993
1.8368477361773783e-08 67.49835087978501 3998.9996004188715
1.837612837189185e-08 67.47024754076371 3969.4835758377426
1.838377926538092e-08 67.44216802184849 3984.3891231261027
1.8391430042237388e-08 67.41411229279063 3951.486441798942
1.8399080702457635e-08 67.38608032339268 3930.1313795194005
1.8406731246038048e-08 67.35807208350825 3924.9993799603176
1.8414381672975013e-08 67.33008754304193 3900.062486221341
1.842203198326491e-08 67.3021266719492 3874.4418953924164
1.842968217690412e-08 67.27418944023631 3873.4456294091715
1.843733225388903e-08 67.24627581796014 3854.320574294533
1.8444982214216014e-08 67.21838577522817 3843.6569251543215
1.8452632057881455e-08 67.1905192821983 3839.2557457010585
1.8460281784881734e-08 67.16267630907875 3832.2958691578488
1.8467931395213217e-08 67.13485682612804 3778.8018077601414
1.8475580888872277e-08 67.10706080365479 3767.124807098766
1.84832302658553e-08 67.0792882120176 3814.1444830246915
1.8490879526158653e-08 67.05153902162503 3782.1475418871255
1.8498528669778717e-08 67.02381320293543 3763.091793430335
1.8506177696711844e-08 66.99611072645693 3757.443507495591
1.8513826606954412e-08 66.96843156274718 3728.7155533509704
1.8521475400502794e-08 66.94077568241335 3726.22444058642
1.8529124077353355e-08 66.913143056112 3725.8604772927692
1.8536772637502456e-08 66.88553365454905 3703.892126873898
1.8544421080946464e-08 66.8579474484795 3664.2282572751324
1.8552069407681747e-08 66.83038440870754 3664.6896356922402
1.855971761770466e-08 66.80284450608627 3654.5750661375664
1.856736571101157e-08 66.7753277115177 3624.258777006173
1.857501368759883e-08 66.74783399595262 3597.544367283951
1.8582661547462808e-08 66.72036333039046 3599.5387593694886
1.859030929059986e-08 66.69291568587926 3580.814318783069
1.8597956917006334e-08 66.66549103351555 3558.4953359237215
1.8605604426678587e-08 66.63808934444421 3542.933924437831
1.8613251819612982e-08 66.61071058985833 3515.1930045745153
1.862089909580587e-08 66.58335474099924 3480.8435639880954
1.8628546255253592e-08 66.55602176915636 3476.8386932319227
1.863619329795251e-08 66.528711645667 3457.5808807319227
1.8643840223898972e-08 66.50142434191636 3413.1365740740744
1.8651487033089325e-08 66.47415982933744 3419.273657958554
1.8659133725519908e-08 66.44691807941089 3392.841159611993
1.866678030118708e-08 66.41969906366494 3368.9577821869493
1.867442676008718e-08 66.39250275367522 3367.0339368386244
1.8682073102216546e-08 66.36532912106486 3363.2958209325398
1.8689719327571533e-08 66.33817813750413 3342.7848737874783
1.869736543614847e-08 66.31104977471058 3311.713893022487
1.8705011427943708e-08 66.28394400444873 3294.882640266755
1.8712657302953576e-08 66.25686079853018 3286.967799272487
1.8720303061174416e-08 66.22980012881335 3278.169642857143
1.8727948702602567e-08 66.20276196720344 3265.436576829806
1.8735594227234365e-08 66.17574628565237 3258.798053075397
1.874323963506614e-08 66.1487530561586 3235.615630511464
1.875088492609422e-08 66.12178225076715 3236.034846230159
1.8758530100314948e-08 66.09483384156938 3209.0524071318346
1.8766175157724652e-08 66.06790780070294 3180.1212866512346
1.8773820098319662e-08 66.04100410035173 3171.6887469686953
1.8781464922096296e-08 66.01412271274573 3180.400442294974
1.8789109629050896e-08 65.98726361016092 3155.4001322751324
1.8796754219179784e-08 65.9604267649192 3147.305652006173
1.8804398692479278e-08 65.93361214938837 3127.992414847884
1.8812043048945707e-08 65.90681973598181 3113.7764894731044
1.8819687288575392e-08 65.88004949715865 3112.6016176146386
1.8827331411364654e-08 65.85330140542352 3091.2724247685187
1.8834975417309818e-08 65.82657543332647 3062.179370590829
1.8842619306407197e-08 65.79987155346294 3049.5241539903
1.885026307865311e-08 65.77318973847359 3034.6875688932982
1.885790673404388e-08 65.74652996104427 3015.659343309083
1.8865550272575812e-08 65.71989219390589 2988.4122161596124
1.8873193694245225e-08 65.69327640983435 2979.194327325838
1.888083699904844e-08 65.66668258165039 2952.6373043430335
1.8888480186981756e-08 65.6401106822196 2931.7731068121693
1.8896123258041492e-08 65.61356068445221 2927.1181933421517
1.8903766212223953e-08 65.58703256130313 2929.1347690696653
1.8911409049525452e-08 65.56052628577172 2904.7788869598767
1.8919051769942294e-08 65.53404183090177 2886.2744571208113
1.8926694373470782e-08 65.50757916978145 2876.156546241182
1.893433686010723e-08 65.48113827554312 2878.677489803792
1.894197922984793e-08 65.45471912136333 2871.4788979828045
1.8949621482689195e-08 65.42832168046266 2862.2719287367727
1.8957263618627317e-08 65.40194592610568 2847.06569664903
1.8964905637658603e-08 65.37559183160083 2846.75746803351
1.8972547539779354e-08 65.34925937030033 2832.653322034833
1.8980189324985858e-08 65.32294851560013 2840.436749063051
1.8987830993274416e-08 65.29665924093976 2829.1766217482364
1.8995472544641332e-08 65.27039151980226 2790.9664696318346
1.9003113979082893e-08 65.24414532571414 2786.6524402006175
1.9010755296595394e-08 65.21792063224525 2765.6804591049386
1.9018396497175116e-08 65.19171741300869 2746.088720789242
1.9026037580818366e-08 65.16553564166065 2741.9439621913584
1.9033678547521426e-08 65.13937529190054 2726.7418292548505
1.9041319397280588e-08 65.11323633747061 2702.5002066798943
1.9048960130092132e-08 65.08711875215614 2689.9542892967374
1.905660074595235e-08 65.06102250978515 2686.9617711089068
1.9064241244857527e-08 65.03494758422839 2672.5797784391534
1.9071881626803946e-08 65.00889394939928 2675.3207671957675
1.907952189178789e-08 64.98286157925376 2664.403384038801
1.9087162039805635e-08 64.95685044779029 2644.8097167107585
1.909480207085347e-08 64.93086052904962 2652.3695849867727
1.9102441984927667e-08 64.90489179711487 2632.38033234127
1.9110081782024505e-08 64.87894422611134 2626.6594328703704
1.911772146214026e-08 64.85301779020648 2623.9077656525574
1.9125361025271208e-08 64.82711246360971 2623.6851369598767
1.9133000471413632e-08 64.80122822057241 2608.2104965828926
1.9140639800563793e-08 64.77536503538792 2576.5437954695767
1.914827901271797e-08 64.74952288239125 2561.2433862433863
1.9155918107872432e-08 64.72370173595915 2579.029052303792
1.9163557086023445e-08 64.69790157051 2565.1785025352738
1.917119594716728e-08 64.67212236050368 2563.125792272928
1.9178834691300205e-08 64.64636408044147 2544.5333856922402
1.9186473318418487e-08 64.62062670486608 2535.0277984457675
1.9194111828518384e-08 64.5949102083615 2530.523244598766
1.9201750221596172e-08 64.56921456555281 2511.5486524470903
1.92093884976481e-08 64.54353975110631 2465.641086585097
1.9217026656670436e-08 64.51788573972925 2450.1634493496476
1.9224664698659444e-08 64.49225250616985 2480.7644400352738
1.9232302623611378e-08 64.46664002521717 2462.541025958995
1.9239940431522493e-08 64.44104827170109 2432.74078207672
1.9247578122389047e-08 64.41547722049214 2425.806637180335
1.92552156962073e-08 64.38992684650144 2419.1167190255733
1.9262853152973503e-08 64.3643971246807 2398.207499724427
1.9270490492683904e-08 64.33888803002206 2395.647941468254
1.9278127715334766e-08 64.31339953755797 2372.296558090829
1.928576482092233e-08 64.28793162236123 2363.2962342923283
1.9293401809442848e-08 64.2624842595448 2378.955439814815
1.9301038680892574e-08 64.23705742426179 2347.835131448413
1.9308675435267742e-08 64.21165109170536 2330.7582396384482
1.931631207256461e-08 64.18626523710857 2339.9761629188715
1.932394859277942e-08 64.1608998357444 2348.8184454916227
1.9331584995908408e-08 64.13555486292567 2313.980413635362
1.933922128194783e-08 64.11023029400481 2207.9312031525574
1.9346857450893917e-08 64.084926104374 1799.9249063051147
1.9354493502742907e-08 64.05964226946496 1215.5792031801147
